actual, expected
2, 0
2, 0
1, 0
2, 0
1, 0
1, 0
2, 0
1, 0
1, 0
1, 0
1, 0
1, 0
1, 0
1, 0
1, 0
1, 0
1, 0
1, 0
2, 0
1, 0
2, 0
1, 0
1, 0
1, 0
1, 0
1, 0
1, 0
1, 0
1, 0
1, 0
1, 0
1, 0
1, 0
1, 0
1, 0
0, 0
2, 0
1, 0
1, 0
1, 0
1, 0
0, 0
2, 0
1, 0
1, 0
2, 0
1, 0
2, 0
1, 0
1, 0
1, 0
1, 0
2, 0
1, 0
2, 0
1, 0
1, 0
1, 0
1, 0
1, 0
1, 0
1, 0
1, 0
1, 0
1, 0
1, 0
1, 0
1, 0
1, 0
1, 0
2, 0
1, 0
2, 0
1, 0
1, 0
2, 0
1, 0
1, 0
1, 0
1, 0
1, 0
2, 0
2, 0
2, 0
1, 0
2, 0
1, 0
2, 0
1, 0
1, 0
1, 0
1, 0
1, 0
1, 0
1, 0
1, 0
1, 0
2, 0
2, 0
1, 0
1, 0
1, 0
1, 0
1, 0
1, 0
1, 0
1, 0
1, 0
1, 0
1, 0
1, 0
1, 0
2, 0
1, 0
1, 0
1, 0
0, 0
1, 255
2, 0
1, 0
1, 0
2, 0
1, 0
2, 0
2, 0
2, 0
2, 0
1, 0
1, 0
2, 0
1, 0
1, 0
1, 0
1, 0
2, 0
1, 0
1, 0
2, 0
2, 0
1, 0
1, 0
1, 0
1, 0
1, 0
2, 0
2, 0
2, 0
1, 0
1, 0
1, 0
1, 0
2, 0
1, 0
2, 0
1, 0
1, 0
2, 0
1, 0
1, 0
1, 0
1, 0
1, 0
2, 0
2, 0
1, 0
2, 0
1, 0
1, 0
0, 0
1, 0
1, 0
1, 0
2, 0
2, 0
1, 0
1, 0
1, 0
1, 0
1, 0
1, 0
1, 0
1, 0
2, 0
1, 0
1, 0
1, 0
1, 0
1, 0
1, 0
2, 0
2, 0
2, 0
2, 0
1, 0
2, 0
1, 0
1, 0
1, 0
1, 0
1, 0
254.000000
