actual, expected
1, 0
2, 0
2, 0
2, 0
1, 0
0, 0
2, 0
1, 0
0, 0
2, 0
3, 0
1, 0
2, 0
1, 0
0, 0
2, 0
0, 0
0, 0
2, 0
1, 0
1, 0
2, 0
1, 0
0, 0
2, 0
2, 0
1, 0
1, 0
1, 0
1, 0
1, 0
1, 0
1, 0
1, 0
1, 0
0, 0
1, 0
0, 0
2, 0
1, 0
2, 0
1, 0
0, 0
0, 0
0, 0
1, 0
1, 0
1, 0
1, 0
2, 0
2, 0
1, 0
2, 0
1, 0
2, 0
0, 0
2, 0
1, 0
3, 123
2, 0
1, 0
2, 0
2, 0
2, 0
2, 0
2, 0
1, 0
1, 0
0, 0
2, 0
1, 0
1, 0
3, 0
1, 0
1, 0
2, 0
0, 0
2, 0
1, 0
2, 0
2, 0
2, 0
1, 0
1, 0
1, 0
1, 0
1, 0
0, 0
1, 0
1, 0
2, 0
2, 0
2, 0
2, 0
1, 0
1, 0
1, 0
2, 0
2, 0
1, 0
1, 0
1, 0
1, 0
3, 0
1, 0
1, 0
2, 0
1, 0
1, 0
1, 0
2, 0
2, 0
2, 0
1, 0
1, 0
0, 0
0, 0
1, 0
3, 0
2, 0
2, 0
1, 0
2, 0
2, 0
2, 0
1, 0
1, 0
2, 0
1, 0
1, 0
1, 0
1, 0
1, 0
2, 0
1, 0
1, 0
2, 0
2, 0
1, 0
1, 0
2, 0
0, 0
4, 0
1, 0
1, 0
2, 0
1, 0
1, 0
2, 0
0, 0
1, 0
1, 0
2, 0
1, 0
2, 0
2, 0
1, 0
1, 0
1, 0
1, 0
1, 0
1, 0
1, 0
1, 0
1, 0
0, 0
0, 0
1, 0
3, 132
1, 0
1, 0
2, 0
2, 0
2, 0
1, 0
0, 0
2, 0
1, 0
1, 0
2, 0
0, 0
1, 0
1, 0
0, 0
1, 0
1, 0
1, 0
2, 0
1, 0
2, 0
3, 0
1, 0
1, 0
1, 0
1, 0
1, 0
1, 0
2, 0
1, 0
1, 0
129.000000
