actual, expected
1, 0
1, 0
1, 0
1, 0
2, 216
1, 0
2, 0
1, 0
1, 0
1, 0
1, 0
1, 0
1, 0
2, 0
1, 0
1, 0
1, 0
1, 0
2, 0
1, 0
2, 0
1, 0
2, 0
1, 0
1, 0
1, 0
2, 0
1, 0
1, 0
2, 0
1, 0
1, 0
1, 0
2, 0
2, 0
1, 0
2, 0
1, 0
1, 0
1, 0
1, 0
1, 0
2, 0
1, 0
1, 0
1, 0
2, 39
1, 0
1, 0
1, 0
1, 0
2, 0
1, 0
1, 0
1, 0
1, 0
1, 0
1, 0
2, 0
1, 0
1, 0
1, 0
1, 0
2, 0
1, 0
1, 0
1, 0
1, 0
1, 0
1, 0
1, 0
2, 0
1, 0
1, 0
1, 0
1, 0
2, 0
1, 0
1, 0
1, 0
1, 0
1, 0
1, 0
2, 0
1, 0
1, 0
1, 0
2, 0
1, 0
1, 0
1, 0
2, 0
1, 0
1, 0
2, 0
1, 0
1, 0
1, 0
2, 0
1, 0
2, 0
1, 0
1, 0
2, 0
1, 0
2, 0
1, 0
2, 0
1, 0
1, 0
1, 0
2, 0
2, 0
2, 0
1, 0
1, 0
1, 0
1, 0
2, 0
1, 0
1, 0
2, 0
1, 0
1, 0
2, 0
2, 0
2, 0
1, 0
1, 0
1, 0
1, 0
1, 0
1, 0
1, 0
1, 0
1, 0
1, 0
2, 0
1, 0
1, 0
1, 0
2, 0
1, 0
1, 0
2, 0
1, 0
1, 0
1, 0
1, 0
2, 0
1, 0
1, 0
1, 0
1, 0
2, 0
1, 0
1, 0
1, 0
1, 0
1, 0
1, 0
1, 0
2, 0
1, 0
2, 0
2, 0
1, 0
1, 0
1, 0
1, 0
2, 0
2, 0
1, 0
1, 0
1, 0
1, 0
1, 0
1, 0
1, 0
1, 0
1, 0
2, 0
1, 0
2, 0
1, 0
1, 0
1, 0
2, 0
2, 0
2, 0
2, 0
1, 0
1, 0
1, 0
1, 0
2, 0
1, 0
2, 0
1, 0
1, 0
214.000000
