actual, expected
1, 0
2, 0
1, 0
3, 0
2, 0
1, 0
1, 0
1, 0
1, 0
2, 0
2, 0
1, 0
1, 0
1, 0
1, 0
1, 0
1, 0
1, 0
1, 0
0, 0
1, 0
2, 0
0, 0
0, 0
1, 0
1, 0
1, 0
1, 0
1, 0
1, 0
1, 0
1, 0
1, 0
1, 0
1, 0
1, 0
1, 0
1, 0
3, 254
1, 0
1, 0
1, 0
1, 0
1, 0
1, 0
1, 0
1, 0
1, 0
1, 0
2, 0
2, 0
1, 0
1, 0
1, 0
2, 0
1, 0
2, 0
1, 0
1, 0
1, 0
1, 0
1, 0
1, 0
2, 0
1, 0
3, 0
1, 0
1, 0
1, 0
1, 0
3, 0
2, 0
3, 0
1, 0
1, 0
2, 0
0, 0
1, 0
1, 0
1, 0
2, 0
2, 0
2, 0
2, 0
2, 0
2, 0
2, 0
0, 0
1, 0
1, 0
1, 0
2, 0
1, 0
2, 0
1, 0
1, 0
2, 0
3, 0
1, 0
1, 0
1, 0
1, 0
1, 0
2, 0
1, 0
1, 0
1, 0
1, 0
1, 0
1, 0
2, 0
2, 0
2, 0
1, 0
1, 0
1, 0
0, 0
2, 0
2, 0
1, 0
1, 0
1, 0
1, 0
1, 0
1, 0
1, 0
1, 0
1, 0
1, 0
1, 0
2, 0
0, 0
1, 0
1, 0
2, 0
1, 0
2, 0
2, 0
2, 0
2, 0
1, 0
1, 0
3, 0
1, 0
2, 0
2, 0
1, 0
1, 0
1, 0
1, 0
1, 0
2, 0
1, 0
1, 0
2, 0
1, 0
1, 0
1, 0
1, 0
1, 0
1, 0
1, 0
1, 0
1, 0
1, 0
1, 0
1, 0
1, 0
1, 0
1, 0
2, 0
2, 0
2, 0
2, 1
1, 0
0, 0
1, 0
1, 0
2, 0
2, 0
1, 0
1, 0
1, 0
1, 0
1, 0
1, 0
1, 0
2, 0
1, 0
1, 0
3, 0
3, 0
2, 0
1, 0
1, 0
1, 0
1, 0
3, 0
1, 0
1, 0
251.000000
