actual, expected
1, 0
1, 0
1, 0
1, 0
1, 0
1, 0
1, 0
1, 0
1, 0
1, 0
2, 0
1, 0
1, 0
1, 0
1, 0
1, 0
1, 0
1, 0
2, 0
1, 0
2, 1
1, 0
1, 0
1, 0
1, 0
2, 0
2, 0
1, 0
1, 0
2, 0
1, 0
1, 0
1, 0
1, 0
1, 0
1, 0
1, 0
1, 0
1, 0
1, 0
1, 0
1, 0
1, 0
1, 0
1, 0
2, 0
1, 0
1, 0
1, 0
1, 0
1, 0
1, 0
1, 0
1, 0
2, 0
1, 0
2, 0
1, 0
1, 0
1, 0
1, 0
1, 0
1, 0
2, 254
1, 0
2, 0
1, 0
1, 0
1, 0
1, 0
2, 0
1, 0
1, 0
1, 0
1, 0
2, 0
1, 0
1, 0
1, 0
1, 0
1, 0
1, 0
1, 0
1, 0
1, 0
1, 0
1, 0
1, 0
2, 0
2, 0
1, 0
2, 0
1, 0
1, 0
1, 0
1, 0
2, 0
1, 0
2, 0
1, 0
1, 0
1, 0
1, 0
2, 0
1, 0
1, 0
2, 0
1, 0
1, 0
2, 0
2, 0
2, 0
1, 0
1, 0
1, 0
1, 0
1, 0
1, 0
1, 0
1, 0
1, 0
1, 0
1, 0
2, 0
2, 0
1, 0
1, 0
1, 0
1, 0
2, 0
2, 0
1, 0
2, 0
1, 0
2, 0
1, 0
1, 0
2, 0
1, 0
2, 0
1, 0
1, 0
1, 0
1, 0
1, 0
2, 0
2, 0
1, 0
2, 0
1, 0
1, 0
2, 0
1, 0
2, 0
1, 0
1, 0
1, 0
1, 0
1, 0
1, 0
1, 0
2, 0
2, 0
1, 0
1, 0
1, 0
1, 0
1, 0
1, 0
1, 0
1, 0
2, 0
1, 0
2, 0
1, 0
1, 0
2, 0
1, 0
1, 0
1, 0
1, 0
2, 0
1, 0
1, 0
1, 0
1, 0
1, 0
1, 0
1, 0
2, 0
2, 0
2, 0
1, 0
1, 0
1, 0
1, 0
1, 0
1, 0
1, 0
1, 0
252.000000
