actual, expected
1, 0
1, 0
2, 0
1, 0
1, 0
1, 0
3, 0
1, 0
1, 0
2, 0
2, 0
1, 0
2, 0
2, 0
0, 0
2, 0
1, 0
1, 0
2, 0
1, 0
2, 0
2, 0
1, 0
1, 0
1, 0
1, 0
2, 0
1, 0
1, 0
1, 0
2, 0
2, 0
1, 0
1, 0
1, 0
0, 0
1, 0
1, 0
2, 0
1, 0
2, 0
0, 0
1, 0
1, 0
1, 0
2, 204
2, 0
1, 0
1, 0
1, 0
2, 0
1, 0
1, 0
1, 0
1, 0
1, 0
1, 0
1, 0
2, 0
1, 0
1, 0
2, 0
1, 0
2, 0
1, 0
2, 0
1, 0
1, 0
0, 0
1, 0
1, 0
1, 0
2, 0
1, 0
1, 0
2, 0
1, 0
1, 0
1, 0
1, 0
1, 0
2, 0
2, 0
1, 0
1, 0
2, 0
1, 0
1, 0
1, 0
1, 0
1, 0
1, 0
2, 0
1, 0
1, 0
1, 0
1, 0
1, 0
2, 0
1, 0
1, 0
1, 0
1, 0
2, 0
1, 0
1, 0
2, 0
1, 0
1, 0
1, 0
2, 0
1, 0
1, 0
1, 0
1, 0
1, 0
0, 0
1, 0
1, 0
1, 0
1, 0
2, 0
2, 0
2, 0
2, 0
1, 0
1, 0
2, 0
1, 0
2, 0
1, 0
1, 0
2, 0
1, 0
2, 0
1, 0
1, 0
2, 0
1, 0
1, 0
1, 0
1, 0
1, 0
2, 0
1, 0
2, 0
2, 0
1, 0
2, 0
2, 0
1, 0
2, 0
1, 0
2, 0
1, 0
2, 0
1, 0
1, 0
1, 0
1, 0
1, 0
2, 0
2, 0
2, 0
1, 0
1, 0
1, 0
1, 0
1, 0
1, 0
1, 0
2, 0
2, 51
3, 0
1, 0
1, 0
2, 0
1, 0
2, 0
2, 0
1, 0
1, 0
1, 0
1, 0
1, 0
1, 0
1, 0
1, 0
1, 0
2, 0
2, 0
1, 0
2, 0
1, 0
1, 0
1, 0
1, 0
1, 0
1, 0
1, 0
202.000000
