actual, expected
1, 0
2, 0
1, 0
2, 0
1, 0
1, 0
1, 0
1, 0
1, 0
2, 0
2, 0
1, 0
1, 0
1, 0
1, 0
1, 0
1, 0
1, 0
1, 0
1, 0
1, 0
2, 0
1, 0
1, 0
1, 0
1, 0
1, 0
1, 0
2, 0
1, 0
1, 0
2, 0
1, 0
1, 0
1, 0
1, 0
1, 0
1, 0
2, 9
1, 0
1, 0
1, 0
2, 0
1, 0
1, 0
2, 0
2, 0
2, 0
1, 0
1, 0
2, 0
1, 0
1, 0
2, 0
1, 0
0, 0
1, 0
1, 0
1, 0
2, 0
1, 0
2, 0
1, 0
1, 0
1, 0
2, 0
1, 0
1, 0
1, 0
1, 0
1, 0
2, 0
2, 246
2, 0
1, 0
2, 0
1, 0
2, 0
1, 0
1, 0
1, 0
1, 0
2, 0
1, 0
2, 0
1, 0
1, 0
1, 0
1, 0
1, 0
1, 0
2, 0
2, 0
2, 0
1, 0
1, 0
2, 0
2, 0
1, 0
1, 0
1, 0
1, 0
1, 0
1, 0
1, 0
1, 0
1, 0
1, 0
1, 0
1, 0
1, 0
2, 0
1, 0
1, 0
1, 0
1, 0
1, 0
1, 0
2, 0
1, 0
1, 0
2, 0
1, 0
2, 0
2, 0
1, 0
2, 0
1, 0
1, 0
1, 0
1, 0
1, 0
2, 0
2, 0
2, 0
1, 0
2, 0
1, 0
2, 0
2, 0
1, 0
1, 0
2, 0
1, 0
2, 0
2, 0
1, 0
1, 0
1, 0
1, 0
1, 0
2, 0
1, 0
1, 0
2, 0
1, 0
1, 0
1, 0
1, 0
1, 0
1, 0
1, 0
1, 0
1, 0
1, 0
1, 0
1, 0
1, 0
1, 0
1, 0
2, 0
1, 0
2, 0
2, 0
1, 0
1, 0
1, 0
1, 0
2, 0
2, 0
1, 0
1, 0
2, 0
1, 0
1, 0
1, 0
1, 0
2, 0
1, 0
1, 0
2, 0
2, 0
2, 0
1, 0
2, 0
1, 0
1, 0
1, 0
2, 0
1, 0
244.000000
