0.000000
0.000000
0.000000
0.000000
0.000000
0.000000
0.000000
0.000000
0.000000
0.000000
0.000000
0.000000
0.000000
0.000000
0.000000
0.000000
0.000000
19.848207
0.000000
0.000000
66.900002
0.000000
151.605972
0.000000
0.000000
0.000000
0.000000
0.000000
0.000000
0.000000
0.000000
0.000000
0.000000
464.277893
0.000000
0.000000
0.000000
0.000000
0.000000
0.000000
0.000000
0.000000
0.000000
0.000000
0.000000
0.000000
0.000000
0.000000
0.000000
0.000000
0.000000
0.000000
0.000000
0.000000
0.000000
0.000000
0.000000
0.000000
0.000000
0.000000
0.000000
181.204178
0.000000
0.000000
0.000000
122.302620
0.000000
0.000000
0.000000
0.000000
0.000000
0.000000
0.000000
0.000000
0.000000
0.000000
0.000000
0.000000
0.000000
0.000000
0.000000
0.000000
0.000000
0.000000
0.000000
0.000000
0.000000
0.000000
0.000000
0.000000
0.000000
36.115025
0.000000
0.000000
0.000000
0.000000
0.000000
0.000000
0.000000
0.000000
0.000000
0.000000
28.762318
0.000000
0.000000
0.000000
0.000000
0.000000
0.000000
0.000000
0.000000
0.000000
0.000000
0.000000
0.000000
0.000000
0.000000
0.000000
0.000000
111.258591
0.000000
0.000000
61.277523
0.000000
0.000000
0.000000
0.000000
0.000000
0.000000
0.000000
0.000000
0.000000
0.000000
0.000000
0.000000
0.000000
0.000000
0.000000
0.000000
0.000000
0.000000
0.000000
0.000000
0.000000
0.000000
53.889202
0.000000
0.000000
72.376526
0.000000
150.462387
0.000000
0.000000
0.000000
0.000000
0.000000
0.000000
0.000000
42.159081
0.000000
0.000000
474.514282
0.000000
0.000000
0.000000
0.000000
0.000000
0.000000
0.000000
0.000000
0.000000
0.000000
0.000000
0.000000
0.000000
0.000000
0.000000
0.000000
0.000000
0.000000
0.000000
0.000000
0.000000
0.000000
0.000000
0.000000
0.000000
0.000000
0.000000
211.619858
0.000000
0.000000
0.000000
80.046959
0.000000
0.000000
0.000000
0.000000
0.000000
0.000000
0.000000
0.000000
0.000000
0.000000
0.000000
0.000000
0.000000
0.000000
0.000000
0.000000
0.000000
0.000000
0.000000
0.000000
0.000000
0.000000
0.000000
0.000000
0.000000
61.817474
0.000000
0.000000
0.000000
0.000000
0.000000
0.000000
0.000000
0.000000
0.000000
0.000000
36.027828
0.000000
0.000000
0.000000
0.000000
0.000000
0.000000
0.000000
0.000000
0.000000
0.000000
0.000000
0.000000
0.000000
0.000000
0.000000
0.000000
158.980881
0.000000
0.000000
7.172470
0.000000
0.000000
0.000000
0.000000
0.000000
0.000000
0.000000
0.000000
0.000000
0.000000
0.000000
0.000000
0.000000
0.000000
0.000000
0.000000
0.000000
0.000000
0.000000
0.000000
0.000000
0.000000
69.864906
0.000000
0.000000
74.278442
0.000000
144.768402
0.000000
0.000000
0.000000
0.000000
0.000000
0.000000
0.000000
52.339981
0.000000
0.000000
463.836273
0.000000
0.000000
0.000000
0.000000
0.000000
0.000000
0.000000
0.000000
0.000000
49.802086
0.000000
0.000000
0.000000
0.000000
0.000000
0.000000
0.000000
0.000000
0.000000
0.000000
0.000000
0.000000
0.000000
0.000000
0.000000
0.000000
0.000000
230.407455
0.000000
0.000000
0.000000
51.393631
0.000000
0.000000
0.000000
0.000000
0.000000
0.000000
0.000000
0.000000
0.000000
0.000000
0.000000
0.000000
0.000000
10.426576
0.000000
0.000000
0.000000
0.000000
0.000000
0.000000
0.000000
0.000000
0.000000
0.000000
0.000000
113.833900
0.000000
0.000000
0.000000
0.000000
0.000000
0.000000
0.000000
0.000000
0.000000
0.000000
59.863365
0.000000
0.000000
0.000000
0.000000
0.000000
0.000000
0.000000
0.000000
0.000000
0.000000
0.000000
0.000000
65.771065
0.000000
0.000000
0.000000
156.944870
0.000000
0.000000
0.000000
0.000000
0.000000
0.000000
0.000000
0.000000
0.000000
0.000000
0.000000
0.000000
0.000000
0.000000
0.000000
0.000000
0.000000
0.000000
0.000000
0.000000
0.000000
0.000000
0.000000
0.000000
0.000000
88.237984
0.000000
0.000000
73.866615
0.000000
152.612991
0.000000
0.000000
0.000000
0.000000
0.000000
0.000000
0.000000
55.380905
0.000000
0.000000
463.621399
0.000000
0.000000
0.000000
0.000000
0.000000
0.000000
0.000000
0.000000
0.000000
0.000000
0.000000
0.000000
0.000000
0.000000
0.000000
0.000000
0.000000
0.000000
0.000000
0.000000
0.000000
0.000000
0.000000
0.000000
0.000000
0.000000
0.000000
230.253448
0.000000
0.000000
0.000000
59.879936
0.000000
0.000000
0.000000
0.000000
0.000000
0.000000
0.000000
0.000000
0.000000
0.000000
0.000000
0.000000
0.000000
0.000000
0.000000
0.000000
0.000000
0.000000
0.000000
0.000000
0.000000
0.000000
0.000000
0.000000
0.000000
146.739868
0.000000
0.000000
0.000000
0.000000
0.000000
0.000000
0.000000
0.000000
0.000000
0.000000
114.150459
0.000000
0.000000
0.000000
0.000000
0.000000
0.000000
0.000000
0.000000
0.000000
0.000000
0.000000
0.000000
63.119728
0.000000
0.000000
0.000000
151.322708
0.000000
0.000000
16.984434
0.000000
0.000000
0.000000
0.000000
0.000000
0.000000
0.000000
0.000000
0.000000
0.000000
0.000000
0.000000
0.000000
0.000000
0.000000
0.000000
0.000000
0.000000
0.000000
0.000000
0.000000
0.000000
83.168564
0.000000
0.000000
84.224991
0.000000
188.419785
0.000000
0.000000
0.000000
0.000000
0.000000
0.000000
0.000000
52.972916
0.000000
0.000000
479.007141
0.000000
0.000000
0.000000
0.000000
0.000000
0.000000
0.000000
0.000000
0.000000
0.000000
0.000000
0.000000
0.000000
0.000000
0.000000
0.000000
0.000000
0.000000
0.000000
0.000000
0.000000
0.000000
0.000000
0.000000
0.000000
0.000000
0.000000
240.029037
0.000000
0.000000
0.000000
72.827316
0.000000
0.000000
0.000000
0.000000
0.000000
0.000000
0.000000
0.000000
0.000000
0.000000
0.000000
0.000000
0.000000
0.000000
0.000000
0.000000
0.000000
0.000000
0.000000
0.000000
0.000000
0.000000
0.000000
0.000000
0.000000
112.964729
0.000000
0.000000
0.000000
0.000000
0.000000
0.000000
0.000000
0.000000
0.000000
0.000000
163.659866
0.000000
0.000000
0.000000
0.000000
0.000000
0.000000
0.000000
0.000000
0.000000
0.000000
3.064914
0.000000
38.729473
0.000000
0.000000
0.000000
181.232605
0.000000
0.000000
32.443260
0.000000
0.000000
0.000000
0.000000
0.000000
0.000000
0.000000
0.000000
0.000000
0.000000
0.000000
0.000000
0.000000
0.000000
0.000000
0.000000
0.000000
0.000000
0.000000
0.000000
0.000000
0.000000
60.639977
0.000000
0.000000
92.926331
0.000000
208.472733
0.000000
0.000000
0.000000
0.000000
0.000000
0.000000
0.000000
58.558594
0.000000
0.000000
484.430695
0.000000
0.000000
0.000000
0.000000
0.000000
0.000000
0.000000
0.000000
0.000000
0.000000
0.000000
0.000000
0.000000
0.000000
0.000000
0.000000
0.000000
0.000000
3.501164
0.000000
0.000000
0.000000
0.000000
0.000000
0.000000
0.000000
0.000000
255.459747
0.000000
0.000000
0.000000
69.595169
0.000000
0.000000
0.000000
0.000000
0.000000
0.000000
0.000000
0.000000
0.000000
0.000000
0.000000
0.000000
0.000000
0.000000
0.000000
0.000000
0.000000
0.000000
0.000000
0.000000
0.000000
0.000000
0.000000
0.000000
0.000000
50.624413
0.000000
0.000000
0.000000
0.000000
0.000000
0.000000
0.000000
0.000000
0.000000
0.000000
172.927521
0.000000
0.000000
0.000000
0.000000
0.000000
0.000000
0.000000
0.000000
0.000000
0.000000
0.000000
0.000000
20.608059
0.000000
0.000000
0.000000
191.968689
0.000000
0.000000
33.076115
0.000000
0.000000
0.000000
0.000000
0.000000
0.000000
0.000000
0.000000
0.000000
0.000000
0.000000
0.000000
0.000000
0.000000
0.000000
0.000000
0.000000
0.000000
0.000000
0.000000
0.000000
0.000000
51.968674
0.000000
0.000000
88.534195
0.000000
250.846909
0.000000
0.000000
0.000000
0.000000
0.000000
0.000000
0.000000
91.368843
0.000000
0.000000
450.044159
0.000000
0.000000
0.000000
0.000000
0.000000
0.000000
0.000000
0.000000
0.000000
0.000000
0.000000
0.000000
0.000000
0.000000
0.000000
0.000000
0.000000
0.000000
0.000000
0.000000
0.000000
0.000000
0.000000
0.000000
0.000000
0.000000
0.000000
257.592285
0.000000
0.000000
0.000000
63.498508
0.000000
0.000000
0.000000
0.000000
0.000000
0.000000
0.000000
0.000000
0.000000
0.000000
0.000000
0.000000
0.000000
0.000000
0.000000
0.000000
0.000000
0.000000
0.000000
0.000000
0.000000
0.000000
0.000000
0.000000
0.000000
52.308182
0.000000
0.000000
0.000000
0.000000
0.000000
0.000000
0.000000
0.000000
0.000000
0.000000
151.627945
0.000000
0.000000
0.000000
0.000000
0.000000
0.000000
0.000000
0.000000
0.000000
0.000000
2.020613
0.000000
21.012644
0.000000
0.000000
0.000000
166.983475
0.000000
0.000000
28.317783
0.000000
0.000000
0.000000
0.000000
0.000000
0.000000
0.000000
0.000000
0.000000
0.000000
0.000000
0.000000
0.000000
0.000000
0.000000
0.000000
0.000000
0.000000
0.000000
0.000000
0.000000
0.000000
78.595779
0.000000
0.000000
103.892746
0.000000
272.771027
0.000000
0.000000
0.000000
0.000000
0.000000
0.000000
0.000000
127.256569
0.000000
0.000000
397.629883
0.000000
0.000000
0.000000
0.000000
0.000000
0.000000
0.000000
0.000000
0.000000
0.000000
0.000000
0.000000
0.000000
0.000000
0.000000
0.000000
0.000000
0.000000
24.296263
0.000000
0.000000
0.000000
0.000000
0.000000
0.000000
4.250979
0.000000
240.127258
0.000000
0.000000
0.000000
106.611267
0.000000
0.000000
0.000000
0.000000
0.000000
0.000000
0.000000
0.000000
0.000000
0.000000
0.000000
0.000000
0.000000
0.000000
0.000000
0.000000
0.000000
0.000000
81.966003
0.000000
0.000000
0.000000
0.000000
4.934590
0.000000
138.049652
0.000000
0.000000
0.000000
0.000000
0.000000
0.000000
0.000000
0.000000
0.000000
0.000000
179.799728
0.000000
0.000000
0.000000
0.000000
0.000000
0.000000
0.000000
0.000000
0.000000
0.000000
45.483952
71.799286
3.191363
0.000000
0.000000
0.000000
156.185364
0.000000
0.000000
76.328529
0.000000
0.000000
0.000000
0.000000
0.000000
0.000000
0.000000
0.000000
0.000000
0.000000
0.000000
0.000000
0.000000
0.000000
0.000000
0.000000
0.000000
1.398215
0.000000
0.000000
0.000000
0.000000
69.504929
0.000000
0.000000
18.023743
0.000000
78.327965
0.000000
86.539391
0.000000
0.000000
0.000000
0.000000
0.000000
60.654263
0.000000
0.000000
49.421669
0.000000
0.000000
0.000000
0.000000
0.000000
0.000000
0.000000
0.000000
0.000000
0.000000
0.000000
0.000000
0.000000
6.344643
0.000000
0.000000
14.821236
0.000000
0.000000
0.000000
0.000000
0.000000
0.000000
0.000000
0.000000
0.000000
0.000000
267.742432
0.000000
0.000000
0.000000
36.029488
0.000000
0.000000
0.000000
0.000000
0.000000
0.000000
0.000000
0.000000
0.000000
0.000000
0.000000
39.860550
0.000000
0.000000
0.000000
0.000000
0.000000
0.000000
0.000000
0.000000
0.000000
0.000000
0.000000
0.000000
0.000000
0.000000
0.000000
0.000000
0.000000
0.000000
0.000000
0.000000
0.000000
0.000000
0.000000
0.000000
0.000000
0.000000
0.000000
0.000000
0.000000
0.000000
0.000000
0.000000
0.000000
0.000000
0.000000
0.000000
64.640930
0.000000
0.000000
0.000000
0.000000
18.152573
0.000000
0.000000
92.456879
0.000000
0.000000
0.000000
0.000000
0.000000
0.000000
0.000000
0.000000
0.000000
0.000000
0.000000
0.000000
0.000000
0.000000
0.000000
0.000000
0.000000
0.000000
0.000000
0.000000
0.000000
0.000000
73.616684
0.000000
0.000000
41.750763
0.000000
41.129211
0.000000
0.000000
0.000000
0.000000
0.000000
0.000000
0.000000
75.378769
0.000000
0.000000
90.830727
0.000000
0.000000
0.000000
0.000000
0.000000
0.000000
0.000000
0.000000
0.000000
0.000000
0.000000
0.000000
0.000000
0.000000
0.000000
0.000000
0.000000
45.370804
0.000000
0.000000
0.000000
0.000000
0.000000
0.000000
0.000000
0.000000
0.000000
328.193756
0.000000
0.000000
18.773758
0.000000
0.000000
0.000000
0.000000
0.000000
0.000000
0.000000
0.000000
0.000000
0.000000
0.000000
0.000000
45.065407
0.000000
0.000000
0.000000
0.000000
0.000000
0.000000
0.000000
0.000000
0.000000
0.000000
0.000000
0.000000
0.000000
0.000000
0.000000
0.000000
0.000000
0.000000
0.000000
0.000000
0.000000
0.000000
0.000000
0.000000
26.068508
0.000000
0.000000
0.000000
0.000000
0.000000
0.000000
0.000000
0.000000
0.000000
0.000000
0.000000
179.063370
0.000000
0.000000
0.000000
0.000000
113.994118
0.000000
0.000000
49.737507
0.000000
0.000000
0.000000
0.000000
0.000000
0.000000
0.000000
0.000000
0.000000
0.000000
0.000000
2.800408
0.000000
0.000000
0.000000
0.000000
0.000000
0.000000
0.000000
0.000000
0.000000
0.000000
69.061844
0.000000
0.000000
35.309547
0.000000
80.685776
0.000000
0.000000
0.000000
0.000000
0.000000
0.000000
0.000000
53.434250
0.000000
0.000000
135.095276
0.000000
0.000000
0.000000
0.000000
0.000000
0.000000
0.000000
0.000000
0.000000
0.000000
0.000000
0.000000
0.000000
0.000000
0.000000
0.000000
0.000000
0.000000
0.000000
0.000000
0.000000
0.000000
0.000000
0.000000
0.000000
0.000000
0.000000
360.088776
0.000000
0.000000
26.276993
0.000000
0.000000
0.000000
0.000000
0.000000
0.000000
0.000000
0.000000
0.000000
0.000000
0.000000
0.000000
6.025756
0.000000
0.000000
0.000000
0.000000
0.000000
0.000000
0.000000
0.000000
0.000000
0.000000
0.000000
0.000000
0.000000
0.000000
0.000000
0.000000
0.000000
0.000000
0.000000
0.000000
0.000000
0.000000
0.000000
0.000000
64.539024
0.000000
0.000000
0.000000
0.000000
0.000000
0.000000
0.000000
0.000000
0.000000
0.000000
0.000000
117.170860
0.000000
0.000000
0.000000
0.000000
95.678719
0.000000
0.000000
0.000000
0.000000
0.000000
0.000000
0.000000
0.000000
0.000000
0.000000
0.000000
0.000000
0.000000
0.000000
0.000000
0.000000
0.000000
0.000000
0.000000
0.000000
0.000000
0.000000
0.000000
0.000000
0.000000
61.650078
0.000000
0.000000
0.000000
0.000000
139.125366
0.000000
0.000000
0.000000
0.000000
0.000000
0.000000
0.000000
90.490532
0.000000
0.000000
106.068665
0.000000
0.000000
0.000000
0.000000
0.000000
0.000000
0.000000
0.000000
0.000000
0.000000
0.000000
0.000000
0.000000
0.000000
0.000000
0.000000
0.000000
0.000000
0.000000
0.000000
0.000000
0.000000
0.000000
0.000000
0.000000
0.000000
0.000000
352.287689
0.000000
0.000000
0.000000
0.000000
0.000000
0.000000
0.000000
0.000000
0.000000
0.000000
0.000000
0.000000
0.000000
0.000000
0.000000
0.000000
0.000000
0.000000
0.000000
0.000000
0.000000
0.000000
4.303276
0.000000
0.000000
0.000000
0.000000
0.000000
0.000000
0.000000
0.000000
0.000000
0.000000
0.000000
0.000000
0.000000
0.000000
0.000000
0.000000
0.000000
136.153732
0.000000
0.000000
0.000000
0.000000
0.000000
0.000000
0.000000
0.000000
0.000000
0.000000
0.000000
21.191355
0.000000
0.000000
0.000000
0.000000
63.311214
0.000000
0.000000
4.512488
0.000000
0.000000
0.000000
0.000000
0.000000
0.000000
0.000000
0.000000
0.000000
0.000000
0.000000
0.000000
0.000000
0.000000
0.000000
0.000000
0.000000
0.000000
0.000000
0.000000
0.000000
0.000000
105.688721
0.000000
0.000000
0.000000
0.000000
190.504150
0.000000
0.000000
0.000000
0.000000
0.000000
0.000000
0.000000
137.115189
0.000000
0.000000
1.938006
0.000000
0.000000
0.000000
0.000000
0.000000
0.000000
0.000000
0.000000
0.000000
0.000000
0.000000
0.000000
0.000000
0.000000
0.000000
0.000000
0.000000
2.940279
0.000000
0.000000
0.000000
0.000000
0.000000
0.000000
0.000000
0.000000
26.255625
381.657837
0.000000
0.000000
19.656799
0.000000
0.000000
0.000000
0.000000
0.000000
0.000000
0.000000
0.000000
0.000000
0.000000
0.000000
0.000000
42.731133
0.000000
0.000000
0.000000
0.000000
0.000000
0.000000
15.541603
0.000000
0.000000
0.000000
0.000000
0.000000
0.000000
0.000000
0.000000
0.000000
0.000000
0.000000
0.000000
0.000000
0.000000
0.000000
0.000000
0.000000
165.537323
0.000000
0.000000
0.000000
0.000000
0.000000
0.000000
0.000000
0.000000
0.000000
0.000000
23.450228
51.865215
0.000000
0.000000
0.000000
0.000000
69.462440
0.000000
0.000000
0.000000
0.000000
0.000000
0.000000
0.000000
0.000000
0.000000
0.000000
0.000000
0.000000
0.000000
0.000000
0.000000
0.000000
0.000000
0.000000
0.000000
0.000000
0.000000
0.000000
0.000000
0.000000
0.000000
119.385605
0.000000
0.000000
0.000000
0.000000
223.281433
0.000000
0.000000
0.000000
0.000000
0.000000
0.000000
0.000000
145.616455
0.000000
0.000000
0.000000
0.000000
0.000000
0.000000
0.000000
0.000000
0.000000
0.000000
0.000000
0.000000
0.000000
0.000000
0.000000
0.000000
0.000000
0.000000
0.000000
0.000000
9.431793
36.038288
0.000000
0.000000
0.000000
0.000000
0.000000
0.000000
0.000000
57.076977
388.838165
0.000000
0.000000
2.445483
0.000000
0.000000
0.000000
0.000000
0.000000
0.000000
0.000000
0.000000
0.000000
0.000000
0.000000
0.000000
56.530220
0.000000
0.000000
0.000000
0.000000
0.000000
0.000000
43.129326
0.000000
0.000000
0.000000
0.000000
0.000000
0.000000
0.000000
0.000000
0.000000
0.000000
0.000000
0.000000
0.000000
0.000000
0.000000
0.000000
0.000000
143.582352
0.000000
0.000000
0.000000
0.000000
0.000000
0.000000
0.000000
0.000000
0.000000
0.000000
13.823719
66.643959
0.000000
0.000000
0.000000
0.000000
65.940956
0.000000
0.000000
0.000000
0.000000
0.000000
0.000000
0.000000
0.000000
0.000000
0.000000
0.000000
0.000000
0.000000
0.000000
0.000000
0.000000
0.000000
0.000000
0.000000
0.000000
0.000000
0.000000
0.000000
0.000000
0.000000
85.850632
0.000000
0.000000
0.000000
0.000000
254.583755
0.000000
0.000000
0.000000
0.000000
0.000000
0.000000
0.000000
160.815430
0.000000
0.000000
20.111639
0.000000
0.000000
0.000000
0.000000
0.000000
0.000000
0.000000
0.000000
0.000000
0.000000
0.000000
0.000000
0.000000
0.000000
0.000000
0.000000
0.000000
0.000000
11.549410
0.000000
0.000000
0.000000
0.000000
0.000000
0.000000
0.000000
44.199146
401.163239
0.000000
0.000000
0.000000
0.000000
0.000000
0.000000
0.000000
0.000000
0.000000
0.000000
0.000000
0.000000
0.000000
0.000000
0.000000
0.000000
0.000000
0.000000
0.000000
0.000000
0.000000
0.000000
104.795219
0.000000
0.000000
0.000000
0.000000
0.000000
0.000000
0.000000
0.000000
0.000000
0.000000
0.000000
0.000000
0.000000
0.000000
0.000000
0.000000
0.000000
111.834007
0.000000
0.000000
0.000000
0.000000
0.000000
24.646002
0.000000
0.000000
0.000000
0.000000
0.000000
80.210907
0.000000
0.000000
0.000000
0.000000
40.133949
0.000000
0.000000
0.000000
0.000000
0.000000
0.000000
0.000000
0.000000
0.000000
0.000000
0.000000
0.000000
0.000000
0.000000
0.000000
0.000000
0.000000
0.000000
0.000000
0.000000
0.000000
0.000000
0.000000
0.000000
0.000000
63.725380
0.000000
0.000000
38.277096
0.000000
272.490173
0.000000
0.000000
0.000000
0.000000
0.000000
0.000000
0.000000
210.011169
0.000000
0.000000
97.020485
0.000000
0.000000
0.000000
0.000000
0.000000
0.000000
0.000000
0.000000
0.000000
0.000000
0.000000
0.000000
0.000000
0.000000
0.000000
0.000000
0.000000
0.000000
0.000000
0.000000
0.000000
0.000000
0.000000
0.000000
0.000000
0.000000
59.954685
400.509064
0.000000
0.000000
0.000000
19.729342
0.000000
0.000000
0.000000
0.000000
0.000000
0.000000
0.000000
0.000000
0.000000
0.000000
0.000000
0.000000
0.000000
0.000000
0.000000
0.000000
0.000000
0.000000
205.869537
0.000000
0.000000
8.399276
0.000000
0.000000
0.000000
0.000000
0.000000
0.000000
0.000000
0.000000
0.000000
0.000000
0.000000
0.000000
0.000000
0.000000
144.680588
0.000000
0.000000
0.000000
0.000000
0.000000
54.372955
0.000000
0.000000
0.000000
0.000000
0.000000
122.099258
0.000000
0.000000
0.000000
0.000000
60.608463
129.078796
0.000000
46.661385
0.000000
0.000000
0.000000
0.000000
0.000000
0.000000
0.000000
0.000000
0.000000
0.000000
0.000000
0.000000
65.648407
0.000000
0.000000
0.000000
0.000000
41.245548
0.000000
0.000000
0.000000
0.000000
157.884369
0.000000
0.000000
27.766544
0.000000
0.000000
0.000000
109.969490
0.000000
0.000000
0.000000
0.000000
41.202610
183.142212
0.000000
0.000000
0.000000
0.000000
0.000000
0.000000
0.000000
0.000000
0.000000
0.000000
0.000000
0.000000
0.000000
0.000000
0.000000
0.000000
6.111534
0.000000
0.000000
74.713921
8.561171
135.782257
0.000000
0.000000
0.000000
0.000000
0.000000
0.000000
0.000000
0.000000
290.320831
0.000000
0.000000
0.000000
24.041462
0.000000
0.000000
0.000000
0.000000
0.000000
0.000000
0.000000
0.000000
0.000000
0.000000
0.000000
31.675982
0.000000
0.000000
0.000000
0.000000
0.000000
0.000000
104.799477
0.000000
0.000000
47.982685
0.000000
0.000000
0.000000
0.000000
0.000000
0.000000
0.000000
0.000000
0.000000
0.000000
0.000000
0.000000
0.000000
0.000000
0.000000
0.000000
34.505836
0.000000
0.000000
0.000000
0.000000
0.000000
0.000000
0.000000
0.000000
0.000000
70.580658
0.000000
0.000000
0.000000
0.000000
0.000000
0.000000
0.000000
112.986572
0.000000
0.000000
0.000000
0.000000
0.000000
0.000000
0.000000
0.000000
0.000000
0.000000
0.000000
0.000000
13.150638
0.000000
0.000000
0.000000
0.000000
16.651697
0.000000
0.000000
0.000000
0.000000
149.876877
0.000000
0.000000
29.534414
0.000000
0.000000
0.000000
0.000000
0.000000
0.000000
0.000000
0.000000
0.000000
151.765411
0.000000
0.000000
0.000000
0.000000
0.000000
0.000000
0.000000
0.000000
0.000000
0.000000
0.000000
0.000000
0.000000
0.000000
0.000000
0.000000
3.353827
0.000000
0.000000
0.000000
65.228432
79.480637
0.000000
0.000000
0.000000
0.000000
0.000000
0.000000
0.000000
0.000000
344.130066
0.000000
0.000000
0.000000
0.000000
0.000000
0.000000
0.000000
0.000000
0.000000
0.000000
0.000000
0.000000
0.000000
0.000000
0.000000
25.699873
0.000000
0.000000
0.000000
0.000000
0.000000
0.000000
96.802200
0.000000
0.000000
0.000000
0.000000
0.000000
0.000000
0.000000
0.000000
0.000000
0.000000
0.000000
0.000000
0.000000
0.000000
0.000000
0.000000
0.000000
5.843620
0.000000
44.439533
0.000000
0.000000
0.000000
34.850956
0.000000
0.000000
0.000000
0.000000
0.000000
221.352005
0.000000
0.000000
0.000000
0.000000
38.924328
0.000000
0.000000
135.988632
0.000000
0.000000
0.000000
0.000000
0.000000
0.000000
0.000000
0.000000
0.000000
0.000000
0.000000
0.000000
0.000000
0.000000
0.000000
0.000000
0.000000
30.856363
0.000000
0.000000
0.000000
0.000000
158.191986
0.000000
0.000000
28.694981
0.000000
74.534027
0.000000
0.000000
0.000000
0.000000
0.000000
0.000000
0.000000
91.564934
0.000000
0.000000
0.000000
0.000000
0.000000
0.000000
0.000000
0.000000
0.000000
0.000000
0.000000
0.000000
0.000000
0.000000
0.000000
0.000000
0.000000
0.000000
0.000000
0.000000
8.728209
12.383019
0.000000
0.000000
0.000000
0.000000
0.000000
0.000000
0.000000
0.000000
354.060242
0.000000
0.000000
0.000000
0.000000
0.000000
0.000000
0.000000
0.000000
0.000000
0.000000
0.000000
0.000000
0.000000
0.000000
0.000000
0.000000
0.000000
0.000000
0.000000
0.000000
0.000000
0.000000
66.603149
0.000000
0.000000
0.000000
0.000000
0.000000
0.000000
0.000000
0.000000
0.000000
0.000000
0.000000
0.000000
0.000000
0.000000
0.000000
0.000000
0.000000
38.693813
0.000000
3.344949
0.000000
0.000000
0.000000
48.759697
0.000000
0.000000
0.000000
0.000000
0.000000
164.479721
0.000000
0.000000
0.000000
0.000000
30.640722
47.962955
0.000000
82.600403
0.000000
0.000000
0.000000
0.000000
0.000000
0.000000
0.000000
0.000000
0.000000
0.000000
0.000000
0.000000
0.000000
0.000000
0.000000
0.000000
0.000000
0.000000
0.000000
0.000000
0.000000
0.000000
134.928085
0.000000
0.000000
0.000000
0.000000
177.947617
0.000000
0.000000
0.000000
0.000000
0.000000
0.000000
0.000000
128.348145
0.000000
0.000000
10.144928
0.000000
0.000000
0.000000
0.000000
0.000000
0.000000
0.000000
0.000000
0.000000
0.000000
0.000000
0.000000
0.000000
0.000000
0.000000
0.000000
0.000000
0.000000
43.028660
0.000000
0.000000
0.000000
0.000000
0.000000
0.000000
0.000000
4.313233
354.773224
0.000000
0.000000
0.000000
0.000000
0.000000
0.000000
0.000000
0.000000
0.000000
0.000000
0.000000
0.000000
0.000000
0.000000
0.000000
0.000000
0.000000
0.000000
0.000000
0.000000
0.000000
0.000000
44.071198
0.000000
0.000000
0.000000
0.000000
0.000000
0.000000
0.000000
0.000000
0.000000
0.000000
0.000000
0.000000
0.000000
0.000000
0.000000
0.000000
0.000000
117.110573
0.000000
8.717723
0.000000
0.000000
0.000000
0.000000
0.000000
0.000000
0.000000
0.000000
0.000000
63.860508
0.000000
0.000000
0.000000
0.000000
34.428829
161.748352
0.000000
64.495346
0.000000
0.000000
0.000000
0.000000
0.000000
0.000000
0.000000
0.000000
0.000000
0.000000
0.000000
0.000000
0.000000
0.000000
0.000000
0.000000
0.000000
0.000000
5.466764
0.000000
0.000000
0.000000
149.948929
0.000000
0.000000
0.000000
0.000000
219.000687
0.000000
0.000000
0.000000
0.000000
0.000000
0.000000
0.000000
233.752045
0.000000
0.000000
0.000000
0.000000
0.000000
0.000000
0.000000
0.000000
0.000000
0.000000
0.000000
0.000000
0.000000
0.000000
0.000000
0.000000
0.000000
0.000000
0.000000
0.000000
16.175230
104.660316
0.000000
0.000000
0.000000
0.000000
0.000000
0.000000
0.000000
109.538704
371.029297
0.000000
0.000000
0.000000
0.000000
0.000000
0.000000
0.000000
0.000000
0.000000
0.000000
0.000000
0.000000
0.000000
0.000000
0.000000
0.000000
0.000000
0.000000
0.000000
0.000000
0.000000
0.000000
32.548370
0.000000
0.000000
0.000000
0.000000
0.000000
0.000000
0.000000
0.000000
0.000000
0.000000
0.000000
0.000000
0.000000
0.000000
0.000000
0.000000
0.000000
84.076653
0.000000
50.350685
0.000000
0.000000
0.000000
71.068893
0.000000
0.000000
0.000000
0.000000
0.000000
64.309669
0.000000
0.000000
0.000000
0.000000
50.516590
119.317955
0.000000
20.354469
0.000000
0.000000
0.000000
0.000000
0.000000
0.000000
0.000000
0.000000
0.000000
0.000000
0.000000
0.000000
0.000000
0.000000
0.000000
0.000000
0.000000
0.000000
0.000000
0.000000
0.000000
0.000000
134.265564
0.000000
0.000000
0.000000
0.000000
215.051743
0.000000
0.000000
0.000000
0.000000
0.000000
0.000000
0.000000
258.022125
0.000000
0.000000
0.000000
0.000000
0.000000
0.000000
0.000000
0.000000
0.000000
0.000000
0.000000
0.000000
0.000000
0.000000
0.000000
0.000000
0.000000
0.000000
0.000000
0.000000
48.746532
161.125809
0.000000
0.000000
0.000000
0.000000
0.000000
0.000000
0.000000
118.144882
366.600464
0.000000
0.000000
0.000000
0.000000
0.000000
0.000000
0.000000
0.000000
0.000000
0.000000
0.000000
0.000000
0.000000
0.000000
0.000000
20.260088
0.000000
0.000000
0.000000
0.000000
0.000000
0.000000
58.852222
0.000000
0.000000
46.120193
0.000000
0.000000
0.000000
0.000000
0.000000
0.000000
0.000000
0.000000
0.000000
0.000000
0.000000
0.000000
0.000000
0.000000
38.134781
0.000000
69.918182
0.000000
0.000000
0.000000
84.234978
0.000000
0.000000
0.000000
0.000000
0.000000
82.136307
0.000000
0.000000
0.000000
0.000000
33.115360
34.516617
0.000000
0.000000
0.000000
0.000000
0.000000
0.000000
0.000000
0.000000
0.000000
0.000000
0.000000
0.000000
0.000000
0.000000
0.000000
0.000000
0.000000
0.000000
0.000000
0.000000
0.000000
0.000000
0.000000
0.000000
110.602562
0.000000
0.000000
0.000000
0.000000
214.883484
0.000000
0.000000
0.000000
0.000000
0.000000
0.000000
0.000000
230.117569
0.000000
0.000000
26.079206
0.000000
0.000000
0.000000
0.000000
0.000000
0.000000
0.000000
0.000000
0.000000
0.000000
0.000000
0.000000
0.000000
0.000000
0.000000
0.000000
0.000000
0.000000
116.860512
0.000000
0.000000
0.000000
0.000000
0.000000
0.000000
0.000000
96.393661
365.328156
0.000000
0.000000
0.000000
0.000000
0.000000
0.000000
0.000000
0.000000
0.000000
0.000000
0.000000
0.000000
0.000000
0.000000
0.000000
0.000000
0.000000
0.000000
0.000000
0.000000
0.000000
0.000000
105.845535
0.000000
0.000000
38.331966
0.000000
0.000000
0.000000
0.000000
0.000000
0.000000
0.000000
0.000000
0.000000
0.000000
0.000000
0.000000
0.000000
0.000000
37.921429
0.000000
37.473927
0.000000
0.000000
0.000000
77.425682
0.000000
0.000000
0.000000
0.000000
0.000000
89.921394
0.000000
0.000000
0.000000
0.000000
40.769970
5.184652
0.000000
58.972134
0.000000
0.000000
0.000000
0.000000
0.000000
0.000000
0.000000
0.000000
0.000000
0.000000
0.000000
0.000000
0.000000
0.000000
0.000000
0.000000
0.000000
0.000000
0.000000
0.000000
0.000000
0.000000
88.184906
0.000000
0.000000
45.832912
0.000000
249.519775
0.000000
0.000000
0.000000
0.000000
0.000000
0.000000
0.000000
225.369904
0.000000
0.000000
103.655952
0.000000
0.000000
0.000000
0.000000
0.000000
0.000000
0.000000
0.000000
0.000000
0.000000
0.000000
0.000000
0.000000
0.000000
0.000000
0.000000
0.000000
0.000000
38.206135
0.000000
0.000000
0.000000
0.000000
0.000000
0.000000
0.000000
78.654861
357.873230
0.000000
0.000000
0.000000
37.860817
0.000000
0.000000
0.000000
0.000000
0.000000
0.000000
0.000000
0.000000
0.000000
0.000000
0.000000
0.000000
0.000000
0.000000
0.000000
0.000000
0.000000
0.000000
251.760147
0.000000
0.000000
42.634224
0.000000
0.000000
0.000000
0.000000
0.000000
0.000000
0.000000
0.000000
0.000000
0.000000
0.000000
0.000000
0.000000
0.000000
103.792168
0.000000
17.168253
0.000000
0.000000
0.000000
93.002373
0.000000
0.000000
0.000000
0.000000
0.000000
206.922546
0.000000
0.000000
0.000000
0.000000
91.610985
95.167542
0.000000
144.200607
0.000000
0.000000
0.000000
0.000000
0.000000
0.000000
0.000000
0.000000
0.000000
0.000000
0.000000
0.000000
135.372314
0.000000
0.000000
0.000000
0.000000
136.093948
0.000000
0.000000
0.000000
0.000000
0.000000
0.000000
0.000000
35.780811
0.000000
0.000000
0.000000
208.423462
0.000000
0.000000
0.000000
0.000000
49.140976
388.488373
0.000000
0.000000
0.000000
0.000000
0.000000
0.000000
0.000000
0.000000
0.000000
0.000000
0.000000
0.000000
0.000000
0.000000
0.000000
0.000000
0.000000
0.000000
0.000000
67.697807
0.000000
139.037888
0.000000
0.000000
0.000000
39.489624
0.000000
0.000000
0.000000
17.984730
367.703491
0.000000
0.000000
0.000000
0.000000
0.000000
0.000000
0.000000
0.000000
0.000000
0.000000
0.000000
0.000000
0.000000
0.000000
0.000000
80.330299
0.000000
0.000000
0.000000
0.000000
0.000000
115.047630
87.125137
0.000000
0.000000
224.796860
0.000000
19.942440
196.189697
0.000000
0.000000
0.000000
0.000000
0.000000
0.000000
0.000000
0.000000
0.000000
21.436884
0.000000
0.000000
0.000000
89.889664
0.000000
0.000000
0.000000
156.053268
0.000000
0.000000
0.000000
0.000000
0.000000
44.291233
0.000000
0.000000
0.000000
0.000000
0.000000
0.000000
0.000000
32.152378
0.000000
0.000000
0.000000
0.000000
0.000000
0.000000
0.000000
0.000000
0.000000
0.000000
21.159006
0.000000
25.451557
0.000000
0.000000
0.000000
0.000000
145.651672
0.000000
0.000000
0.000000
0.000000
15.538921
0.000000
0.000000
0.000000
0.000000
0.000000
0.000000
129.558075
0.000000
0.000000
0.000000
0.000000
50.834988
371.501831
0.000000
0.000000
0.000000
0.000000
0.000000
0.000000
0.000000
0.000000
0.000000
0.000000
0.000000
0.000000
0.000000
0.000000
0.000000
0.000000
0.000000
0.000000
0.000000
0.000000
50.005737
122.810547
0.000000
0.000000
0.000000
0.000000
0.000000
0.000000
0.000000
65.557816
421.288849
0.000000
0.000000
0.000000
0.000000
0.000000
0.000000
0.000000
0.000000
0.000000
0.000000
0.000000
0.000000
0.000000
0.000000
0.000000
52.100723
0.000000
0.000000
0.000000
0.000000
0.000000
97.965508
93.555557
0.000000
0.000000
149.224670
0.000000
0.000000
164.155914
0.000000
0.000000
0.000000
0.000000
0.000000
0.000000
0.000000
0.000000
0.000000
0.000000
0.000000
0.000000
43.552330
116.328064
0.000000
0.000000
0.000000
232.642776
0.000000
0.000000
0.000000
0.000000
0.000000
205.510849
0.000000
0.000000
0.000000
0.000000
22.081562
0.000000
0.000000
72.329445
0.000000
0.000000
0.000000
0.000000
0.000000
0.000000
0.000000
0.000000
0.000000
0.000000
0.000000
0.000000
0.000000
0.000000
0.000000
0.000000
0.000000
195.067505
0.000000
0.000000
0.000000
0.000000
37.436363
0.000000
0.000000
11.286252
0.000000
31.946445
0.000000
76.346764
0.000000
0.000000
0.000000
0.000000
0.000000
335.355194
0.000000
0.000000
0.000000
0.000000
0.000000
0.000000
0.000000
0.000000
0.000000
0.000000
0.000000
0.000000
0.000000
0.000000
0.000000
0.000000
0.000000
0.000000
0.000000
0.000000
51.759918
45.447834
0.000000
0.000000
0.000000
0.000000
0.000000
0.000000
0.000000
120.454689
460.181396
0.000000
0.000000
0.000000
0.000000
0.000000
0.000000
0.000000
0.000000
0.000000
0.000000
0.000000
0.000000
0.000000
0.000000
0.000000
0.000000
0.000000
0.000000
0.000000
0.000000
0.000000
86.177750
62.034222
0.000000
0.000000
51.369511
0.000000
13.410482
133.214569
0.000000
0.000000
0.000000
0.000000
0.000000
0.000000
0.000000
0.000000
0.000000
0.000000
0.000000
9.412251
48.809120
73.975166
0.000000
0.000000
0.000000
282.843658
0.000000
0.000000
0.000000
0.000000
0.000000
168.642059
10.327641
0.000000
0.000000
0.000000
0.000000
0.000000
0.000000
34.859291
0.000000
0.000000
0.000000
0.000000
0.000000
0.000000
0.000000
0.000000
0.000000
0.000000
56.995537
0.000000
0.000000
0.000000
0.000000
0.000000
0.000000
139.325882
0.000000
0.000000
0.000000
0.000000
4.275519
0.000000
0.000000
0.000000
0.000000
116.568001
0.000000
34.820465
0.000000
0.000000
0.000000
0.000000
0.000000
329.865143
0.000000
0.000000
0.000000
0.000000
0.000000
0.000000
0.000000
0.000000
0.000000
0.000000
0.000000
0.000000
0.000000
0.000000
0.000000
0.000000
0.000000
0.000000
0.000000
0.000000
36.416595
53.432697
0.000000
0.000000
0.000000
0.000000
0.000000
0.000000
0.000000
217.926437
464.342102
0.000000
0.000000
14.757532
0.000000
0.000000
0.000000
0.000000
0.000000
0.000000
0.000000
0.000000
0.000000
0.000000
0.000000
0.000000
0.000000
0.000000
0.000000
0.000000
0.000000
0.000000
81.183701
43.198261
0.000000
0.000000
87.927055
0.000000
0.000000
169.504349
0.000000
0.000000
0.000000
0.000000
0.000000
0.000000
0.000000
0.000000
0.000000
0.000000
0.000000
81.568306
43.143013
0.000000
0.000000
0.000000
0.000000
254.069687
0.000000
0.000000
0.000000
0.000000
0.000000
102.984886
26.317057
0.000000
0.000000
0.000000
11.248254
95.383377
0.000000
17.746460
0.000000
0.000000
0.000000
0.000000
0.000000
0.000000
0.000000
0.000000
0.000000
0.000000
107.809837
0.000000
0.000000
0.000000
0.000000
0.000000
0.000000
88.160172
84.511818
0.000000
0.000000
0.000000
0.000000
0.000000
0.000000
0.000000
0.000000
142.179947
0.000000
23.384998
0.000000
0.000000
0.000000
0.000000
0.000000
429.019226
0.000000
0.000000
0.000000
0.000000
0.000000
0.000000
0.000000
0.000000
0.000000
0.000000
0.000000
0.000000
0.000000
0.000000
0.000000
0.000000
0.000000
0.000000
0.000000
0.000000
9.381893
85.428490
0.000000
0.000000
0.000000
0.000000
0.000000
0.000000
0.000000
330.469635
469.234344
0.000000
0.000000
59.845467
0.000000
0.000000
0.000000
0.000000
0.000000
0.000000
0.000000
0.000000
0.000000
0.000000
0.000000
0.000000
19.794212
0.000000
0.000000
0.000000
0.000000
0.000000
123.315712
28.945150
0.000000
0.000000
178.024979
0.000000
11.373045
213.325516
0.000000
0.000000
0.000000
0.000000
0.000000
0.000000
0.000000
0.000000
0.000000
0.000000
0.000000
79.545784
116.935356
0.000000
0.000000
0.000000
0.000000
304.736694
0.000000
0.000000
0.000000
0.000000
0.000000
42.013496
45.439663
0.000000
0.000000
0.000000
49.103706
69.837860
0.000000
0.000000
0.000000
0.000000
0.000000
0.000000
0.000000
0.000000
0.000000
0.000000
0.000000
0.000000
119.270599
0.000000
0.000000
0.000000
0.000000
0.000000
0.000000
43.002907
84.781464
0.000000
0.000000
0.000000
0.000000
0.000000
0.000000
0.000000
0.000000
143.786453
0.000000
69.543938
0.000000
0.000000
0.000000
0.000000
0.000000
445.050232
0.000000
0.000000
0.000000
0.000000
0.000000
0.000000
0.000000
0.000000
0.000000
0.000000
0.000000
0.000000
0.000000
0.000000
0.000000
0.000000
0.000000
0.000000
0.000000
0.000000
69.274773
137.457962
0.000000
0.000000
0.000000
0.000000
0.000000
0.000000
0.000000
328.309021
427.226990
0.000000
0.000000
80.062958
0.000000
0.000000
0.000000
0.000000
0.000000
0.000000
0.000000
0.000000
0.000000
0.000000
0.000000
0.000000
108.715797
0.000000
0.000000
0.000000
0.000000
0.000000
127.119118
41.537888
0.000000
0.000000
242.449112
0.000000
0.000000
241.771225
0.000000
0.000000
0.000000
0.000000
0.000000
0.000000
0.000000
0.000000
0.000000
0.000000
0.000000
0.000000
160.901031
0.000000
0.000000
0.000000
0.000000
263.548676
0.000000
0.000000
0.000000
0.000000
0.000000
71.467072
31.301712
0.000000
0.000000
0.000000
14.656260
0.000000
0.000000
0.000000
0.000000
0.000000
0.000000
0.000000
0.000000
0.000000
0.000000
0.000000
0.000000
0.000000
61.424667
0.000000
0.000000
0.000000
0.000000
0.000000
0.000000
49.912979
74.159317
0.000000
0.000000
0.000000
0.000000
0.000000
0.000000
16.943024
0.000000
146.588013
0.000000
44.153736
0.000000
0.000000
0.000000
0.000000
21.739590
373.324463
0.000000
0.000000
0.000000
0.000000
0.000000
0.000000
0.000000
0.000000
0.000000
0.000000
0.000000
0.000000
0.000000
0.000000
0.000000
0.000000
0.000000
0.000000
0.000000
0.000000
5.488913
118.377228
0.000000
0.000000
0.000000
0.000000
0.000000
0.000000
0.000000
253.521133
401.000153
0.000000
0.000000
68.955345
0.000000
0.000000
0.000000
0.000000
0.000000
0.000000
0.000000
0.000000
0.000000
0.000000
0.000000
0.000000
82.626358
0.000000
0.000000
0.000000
0.000000
0.000000
93.460228
140.951080
0.000000
0.000000
231.355133
0.000000
0.000000
179.128082
0.000000
0.000000
0.000000
0.000000
0.000000
0.000000
0.000000
0.000000
0.000000
0.000000
0.000000
19.513338
132.491425
0.000000
0.000000
0.000000
0.000000
208.466919
0.000000
0.000000
0.000000
0.000000
0.000000
120.763000
0.000000
0.000000
0.000000
0.000000
16.913895
0.000000
0.000000
13.727075
0.000000
0.000000
0.000000
0.000000
0.000000
0.000000
0.000000
0.000000
0.000000
0.000000
0.000000
0.000000
0.000000
0.000000
0.000000
0.000000
49.249317
0.000000
53.540306
0.000000
0.000000
0.000000
0.000000
0.000000
0.000000
107.199585
0.000000
150.639801
0.000000
0.000000
0.000000
0.000000
0.000000
0.000000
21.131542
301.058777
0.000000
0.000000
0.000000
0.000000
0.000000
0.000000
0.000000
0.000000
0.000000
0.000000
0.000000
0.000000
0.000000
0.000000
0.000000
0.000000
0.000000
0.000000
0.000000
0.000000
0.000000
0.000000
0.000000
0.000000
0.000000
0.000000
0.000000
0.000000
0.000000
160.361740
370.670288
0.000000
0.000000
0.000000
0.000000
0.000000
0.000000
0.000000
0.000000
0.000000
0.000000
0.000000
0.000000
0.000000
0.000000
0.000000
0.000000
0.000000
0.000000
0.000000
0.000000
0.000000
0.000000
291.056488
0.000000
0.000000
163.032104
0.000000
0.000000
110.679199
0.000000
0.000000
0.000000
0.000000
0.000000
0.000000
0.000000
0.000000
0.000000
0.000000
0.000000
156.411301
90.196236
0.000000
0.000000
0.000000
0.000000
155.057587
0.000000
0.000000
0.000000
0.000000
0.000000
247.654724
0.000000
0.000000
0.000000
0.000000
21.223549
0.000000
0.000000
163.111191
0.000000
0.000000
0.000000
0.000000
0.000000
0.000000
0.000000
0.000000
0.000000
0.000000
0.000000
0.000000
34.157101
0.000000
0.000000
0.000000
0.000000
0.000000
0.000000
0.000000
0.000000
0.000000
0.000000
0.000000
0.000000
67.329216
0.000000
0.000000
0.000000
291.163788
0.000000
0.000000
0.000000
0.000000
10.749279
414.065002
0.000000
0.000000
0.000000
0.000000
0.000000
0.000000
0.000000
0.000000
0.000000
0.000000
0.000000
0.000000
0.000000
0.000000
0.000000
0.000000
0.000000
0.000000
0.000000
63.568760
29.692394
125.285820
0.000000
0.000000
0.000000
58.974274
0.000000
0.000000
0.000000
47.184273
312.964600
0.000000
0.000000
0.000000
0.000000
0.000000
0.000000
0.000000
0.000000
0.000000
0.000000
0.000000
0.000000
0.000000
0.000000
0.000000
79.463646
0.000000
0.000000
0.000000
0.000000
0.000000
129.509781
40.706337
0.000000
0.000000
343.214264
0.000000
21.926239
230.081726
0.000000
0.000000
0.000000
0.000000
0.000000
0.000000
0.000000
0.000000
0.000000
14.163154
0.000000
0.000000
99.137741
79.504387
0.000000
0.000000
5.473870
28.969639
0.000000
0.000000
0.000000
0.000000
0.000000
34.815964
0.000000
0.000000
0.000000
0.000000
0.000000
0.000000
0.000000
53.479992
0.000000
0.000000
0.000000
0.000000
0.000000
0.000000
0.000000
0.000000
0.000000
0.000000
84.030586
0.000000
0.000000
0.000000
0.000000
0.000000
0.000000
29.457182
0.000000
0.000000
0.000000
0.000000
0.000000
0.000000
0.000000
38.262257
0.000000
55.457756
0.000000
231.327148
0.000000
0.000000
0.000000
0.000000
36.368057
410.642792
0.000000
0.000000
0.000000
0.000000
0.000000
0.000000
0.000000
0.000000
0.000000
0.000000
0.000000
0.000000
0.000000
0.000000
0.000000
0.000000
2.206908
0.000000
0.000000
10.713309
94.714775
152.746674
0.000000
0.000000
0.000000
22.709965
0.000000
0.000000
0.000000
101.944283
340.517242
0.000000
0.000000
39.652454
0.000000
0.000000
0.000000
0.000000
0.000000
0.000000
0.000000
0.000000
0.000000
0.000000
0.000000
0.000000
79.983612
0.000000
0.000000
0.000000
0.000000
0.000000
144.590073
62.127529
0.000000
0.000000
287.674316
0.000000
0.000000
163.028687
0.000000
0.000000
0.000000
0.000000
0.000000
0.000000
0.000000
0.000000
0.000000
0.000000
0.000000
0.000000
118.088898
122.699936
0.000000
0.000000
0.000000
143.973724
0.000000
0.000000
0.000000
0.000000
0.000000
187.874222
0.000000
0.000000
0.000000
0.000000
59.106312
0.000000
0.000000
81.788223
0.000000
0.000000
0.000000
0.000000
0.000000
0.000000
0.000000
0.000000
0.000000
0.000000
47.094193
0.000000
0.000000
0.000000
0.000000
0.000000
0.000000
24.482098
0.000000
0.000000
0.000000
0.000000
0.000000
0.000000
0.000000
51.007549
0.000000
174.342834
0.000000
112.333290
0.000000
0.000000
0.000000
0.000000
16.666546
353.404633
0.000000
0.000000
0.000000
0.000000
0.000000
0.000000
0.000000
0.000000
0.000000
0.000000
0.000000
0.000000
0.000000
0.000000
0.000000
0.000000
28.632179
0.000000
0.000000
0.000000
108.841194
90.470329
0.000000
0.000000
0.000000
7.220057
0.000000
0.000000
0.000000
132.793411
361.431335
0.000000
0.000000
57.414028
0.000000
0.000000
0.000000
0.000000
0.000000
0.000000
0.000000
0.000000
0.000000
0.000000
0.000000
0.000000
35.315048
0.000000
0.000000
0.000000
0.000000
0.000000
112.923409
58.872498
0.000000
0.000000
191.494370
0.000000
0.000000
136.057037
0.000000
0.000000
0.000000
0.000000
0.000000
0.000000
0.000000
0.000000
0.000000
0.000000
0.000000
0.000000
79.727737
75.349571
0.000000
0.000000
0.000000
169.911972
0.000000
0.000000
0.000000
0.000000
0.000000
240.481232
47.617661
0.000000
0.000000
0.000000
48.185081
0.000000
0.000000
55.510414
0.000000
0.000000
0.000000
0.000000
0.000000
0.000000
0.000000
0.000000
0.000000
0.000000
96.888451
0.000000
0.000000
0.000000
0.000000
0.000000
0.000000
0.000000
0.000000
0.000000
0.000000
0.000000
0.000000
0.000000
0.000000
36.579338
0.000000
208.075531
0.000000
59.866299
0.000000
0.000000
0.000000
0.000000
12.499130
324.355164
0.000000
0.000000
0.000000
0.000000
0.000000
0.000000
0.000000
0.000000
0.000000
0.000000
0.000000
0.000000
0.000000
0.000000
0.000000
0.000000
17.267170
0.000000
0.000000
0.000000
138.347275
109.564362
0.000000
0.000000
0.000000
0.000000
0.000000
0.000000
0.000000
222.746384
389.733795
0.000000
0.000000
98.341019
16.214458
0.000000
0.000000
0.000000
0.000000
0.000000
0.000000
0.000000
0.000000
0.000000
0.000000
0.000000
0.000000
0.000000
0.000000
0.000000
0.000000
0.000000
31.318340
74.746002
0.000000
0.000000
192.893875
0.000000
0.000000
79.286964
0.000000
0.000000
0.000000
0.000000
0.000000
0.000000
0.000000
0.000000
0.000000
0.000000
0.000000
28.679939
57.917847
15.216037
0.000000
0.000000
0.000000
105.673805
0.000000
0.000000
0.000000
0.000000
0.000000
197.015503
54.497238
0.000000
0.000000
0.000000
92.341301
0.000000
0.000000
28.715664
0.000000
0.000000
0.000000
0.000000
0.000000
0.000000
0.000000
0.000000
0.000000
0.000000
103.322479
0.000000
0.000000
0.000000
0.000000
0.000000
25.977314
0.000000
27.777468
0.000000
0.000000
0.000000
0.000000
0.000000
0.000000
57.866749
0.000000
236.431015
0.000000
41.193699
0.000000
0.000000
0.000000
0.000000
6.610108
376.090607
0.000000
0.000000
0.000000
0.000000
0.000000
0.000000
0.000000
0.000000
0.000000
0.000000
0.000000
0.000000
0.000000
0.000000
0.000000
0.000000
0.000000
0.000000
0.000000
0.000000
33.218815
132.237335
0.000000
0.000000
0.000000
0.000000
0.000000
0.000000
0.000000
287.500793
371.560944
0.000000
0.000000
174.164215
1.997511
0.000000
0.000000
0.000000
0.000000
0.000000
0.000000
0.000000
0.000000
0.000000
0.000000
0.000000
51.664436
0.000000
0.000000
0.000000
0.000000
0.000000
27.590292
54.587753
0.000000
0.000000
179.255814
0.000000
0.000000
63.699490
0.000000
0.000000
0.000000
0.000000
0.000000
0.000000
0.000000
0.000000
0.000000
0.000000
0.000000
35.887321
43.090092
0.000000
0.000000
0.000000
0.000000
64.332634
0.000000
0.000000
0.000000
0.000000
0.000000
124.483475
54.204926
0.000000
0.000000
0.000000
98.743652
0.000000
0.000000
0.000000
0.000000
0.000000
0.000000
0.000000
0.000000
0.000000
0.000000
0.000000
0.000000
0.000000
85.903717
0.000000
0.000000
0.000000
0.000000
0.000000
0.000000
0.000000
15.631594
0.000000
0.000000
0.000000
0.000000
0.000000
0.000000
101.362152
0.000000
196.373459
0.000000
56.818676
0.000000
0.000000
0.000000
0.000000
0.000000
392.832642
0.000000
0.000000
0.000000
0.000000
0.000000
0.000000
0.000000
0.000000
0.000000
0.000000
0.000000
0.000000
23.884222
0.000000
0.000000
0.000000
0.000000
0.000000
0.000000
0.000000
84.373314
136.202682
0.000000
0.000000
0.000000
0.000000
0.000000
0.000000
0.000000
230.377441
354.562286
0.000000
0.000000
181.480865
8.127242
0.000000
0.000000
0.000000
0.000000
0.000000
0.000000
0.000000
0.000000
0.000000
0.000000
0.000000
104.646461
0.000000
0.000000
0.000000
0.000000
0.000000
34.052605
38.129013
0.000000
0.000000
192.884094
0.000000
0.000000
68.742371
0.000000
0.000000
0.000000
0.000000
0.000000
0.000000
0.000000
0.000000
0.000000
0.000000
0.000000
0.000000
40.204235
0.000000
0.000000
0.000000
0.000000
0.000000
0.000000
0.000000
0.000000
0.000000
0.000000
177.061386
21.815866
0.000000
0.000000
0.000000
31.314678
0.000000
0.000000
0.000000
0.000000
0.000000
0.000000
0.000000
0.000000
0.000000
0.000000
0.000000
0.000000
0.000000
0.000000
0.000000
0.000000
0.000000
0.000000
0.000000
82.769394
0.000000
35.466408
0.000000
0.000000
0.000000
0.000000
0.000000
0.000000
115.797508
0.000000
186.711472
0.000000
0.000000
0.000000
0.000000
0.000000
0.000000
0.000000
302.682190
0.000000
0.000000
0.000000
0.000000
0.000000
0.000000
0.000000
0.000000
0.000000
0.000000
0.000000
0.000000
0.000000
0.000000
0.000000
0.000000
0.000000
0.000000
0.000000
0.000000
10.497114
97.247520
0.000000
0.000000
0.000000
0.000000
0.000000
0.000000
0.000000
132.347748
335.061951
0.000000
0.000000
101.951691
25.412840
0.000000
0.000000
0.000000
0.000000
0.000000
0.000000
0.000000
0.000000
0.000000
0.000000
0.000000
20.443939
0.000000
0.000000
0.000000
0.000000
0.000000
11.958338
170.647858
0.000000
0.000000
180.436752
0.000000
0.000000
12.119288
0.000000
0.000000
0.000000
0.000000
0.000000
0.000000
0.000000
0.000000
0.000000
0.000000
0.000000
0.000000
0.000000
0.000000
0.000000
0.000000
0.000000
0.000000
0.000000
0.000000
0.000000
0.000000
0.000000
197.749619
0.000000
0.000000
0.000000
0.000000
29.592854
0.000000
0.000000
20.452879
0.000000
0.000000
0.000000
0.000000
0.000000
0.000000
0.000000
0.000000
0.000000
0.000000
0.000000
0.000000
0.000000
0.000000
0.000000
0.000000
146.038773
0.000000
23.451935
0.000000
0.000000
0.000000
0.000000
0.000000
0.000000
190.854828
0.000000
112.322212
0.000000
0.000000
0.000000
0.000000
0.000000
0.000000
0.000000
237.322922
0.000000
0.000000
0.000000
0.000000
0.000000
0.000000
0.000000
0.000000
0.000000
0.000000
0.000000
0.000000
12.703436
0.000000
0.000000
0.000000
0.000000
0.000000
0.000000
0.000000
0.000000
0.000000
0.000000
0.000000
0.000000
0.000000
0.000000
0.000000
0.000000
16.006290
302.928802
0.000000
0.000000
0.000000
120.244385
0.000000
0.000000
0.000000
0.000000
0.000000
0.000000
0.000000
0.000000
0.000000
0.000000
0.000000
0.000000
0.000000
0.000000
0.000000
0.000000
0.000000
0.000000
301.808685
0.000000
0.000000
107.881409
0.000000
0.000000
0.000000
73.114960
0.000000
0.000000
0.000000
0.000000
0.000000
0.000000
0.000000
0.000000
0.000000
0.000000
163.636642
0.000000
0.000000
0.000000
0.000000
0.000000
0.000000
0.000000
0.000000
0.000000
0.000000
0.000000
225.474136
0.000000
0.000000
0.000000
0.000000
0.000000
0.000000
0.000000
175.823608
0.000000
0.000000
0.000000
0.000000
0.000000
0.000000
0.000000
0.000000
0.000000
0.000000
0.000000
0.000000
0.000000
0.000000
0.000000
0.000000
0.000000
0.000000
0.000000
0.000000
0.000000
0.000000
0.000000
0.000000
0.000000
75.671738
0.000000
96.701553
0.000000
212.885941
0.000000
0.000000
0.000000
0.000000
0.000000
322.606384
0.000000
0.000000
51.641850
0.000000
0.000000
0.000000
0.000000
0.000000
0.000000
0.000000
0.000000
0.000000
0.000000
0.000000
0.000000
0.000000
0.000000
0.000000
0.000000
95.930641
28.023916
103.588463
0.000000
0.000000
0.000000
0.000000
0.000000
0.000000
0.000000
0.000000
183.624557
0.000000
0.000000
0.000000
111.091728
0.000000
0.000000
0.000000
0.000000
0.000000
0.000000
0.000000
0.000000
0.000000
0.000000
0.000000
0.000000
0.000000
0.000000
0.000000
0.000000
0.000000
10.449566
0.000000
0.000000
0.000000
296.129730
0.000000
0.000000
91.447716
0.000000
0.000000
0.000000
0.000000
0.000000
0.000000
0.000000
0.000000
0.000000
51.192768
0.000000
0.000000
0.000000
35.578304
0.000000
0.000000
0.000000
0.000000
0.000000
0.000000
0.000000
0.000000
0.000000
0.000000
0.000000
0.000000
0.000000
0.000000
0.000000
0.000000
0.000000
71.590065
0.000000
0.000000
0.000000
0.000000
0.000000
0.000000
0.000000
0.000000
0.000000
0.000000
0.000000
0.000000
0.000000
0.000000
0.000000
0.000000
0.000000
0.000000
21.566242
0.000000
0.000000
0.000000
0.000000
0.000000
0.000000
74.147675
0.000000
137.465408
0.000000
145.650635
0.000000
0.000000
0.000000
0.000000
0.000000
360.379456
0.000000
0.000000
26.531269
0.000000
0.000000
0.000000
0.000000
0.000000
0.000000
0.000000
0.000000
0.000000
0.000000
0.000000
0.000000
0.000000
12.692344
0.000000
0.000000
1.973386
98.120575
168.611191
0.000000
0.000000
0.000000
0.000000
0.000000
0.000000
0.000000
13.145976
215.839493
0.000000
0.000000
3.700697
10.881054
0.000000
0.000000
0.000000
0.000000
0.000000
0.000000
0.000000
0.000000
0.000000
0.000000
0.000000
26.493437
0.000000
0.000000
0.000000
0.000000
0.000000
67.898003
55.127956
0.000000
0.000000
266.993896
0.000000
0.000000
48.338215
0.000000
0.000000
0.000000
0.000000
0.000000
0.000000
0.000000
0.000000
0.000000
59.458199
0.000000
0.000000
0.000000
73.716949
0.000000
0.000000
0.000000
0.000000
0.000000
0.000000
0.000000
0.000000
0.000000
105.651627
0.000000
0.000000
0.000000
0.000000
34.908520
0.000000
0.000000
51.209656
0.000000
0.000000
0.000000
0.000000
0.000000
0.000000
0.000000
0.000000
0.000000
0.000000
0.000000
0.000000
9.236075
0.000000
0.000000
0.000000
0.000000
0.000000
0.000000
0.000000
0.000000
0.000000
29.971941
0.000000
0.000000
87.640518
0.000000
208.474121
0.000000
65.189499
0.000000
0.000000
0.000000
0.000000
0.000000
289.322540
0.000000
0.000000
42.768398
0.000000
14.681884
0.000000
0.000000
0.000000
0.000000
0.000000
0.000000
0.000000
0.000000
0.000000
0.000000
0.000000
18.464317
0.000000
0.000000
0.000000
138.093201
138.351700
0.000000
0.000000
0.000000
7.868536
0.000000
0.000000
0.000000
0.000000
206.679932
0.000000
0.000000
9.961432
66.554932
0.000000
0.000000
0.000000
0.000000
0.000000
0.000000
0.000000
0.000000
0.000000
0.000000
0.000000
31.431541
0.000000
0.000000
0.000000
0.000000
0.000000
32.318142
68.273476
0.000000
0.000000
227.071976
0.000000
0.000000
0.000000
0.000000
0.000000
0.000000
0.000000
0.000000
0.000000
0.000000
0.000000
0.000000
0.000000
0.000000
0.000000
0.000000
35.216007
0.000000
0.000000
0.000000
0.000000
0.000000
0.000000
0.000000
0.000000
0.000000
204.778809
55.483086
0.000000
0.000000
0.000000
28.893524
0.000000
0.000000
50.008701
0.000000
0.000000
0.000000
0.000000
0.000000
0.000000
0.000000
0.000000
0.000000
0.000000
0.000000
0.000000
0.000000
0.000000
0.000000
0.000000
40.226307
0.000000
0.000000
0.000000
0.000000
0.000000
3.626007
0.000000
0.000000
91.241592
0.000000
226.637238
0.000000
0.000000
0.000000
0.000000
0.000000
0.000000
0.000000
233.716187
0.000000
0.000000
65.601555
0.000000
0.000000
0.000000
0.000000
0.000000
0.000000
0.000000
0.000000
0.000000
0.000000
0.000000
0.000000
0.000000
10.275936
0.000000
0.000000
0.000000
170.116241
174.025223
0.000000
0.000000
0.000000
0.000000
0.000000
0.000000
0.000000
30.520199
246.424850
0.000000
0.000000
38.679661
160.800598
0.000000
0.000000
0.000000
0.000000
0.000000
0.000000
0.000000
0.000000
0.000000
0.000000
0.000000
26.053160
0.000000
0.000000
0.000000
0.000000
0.000000
0.000000
72.840614
0.000000
0.000000
184.255325
0.000000
0.000000
0.000000
63.001503
0.000000
0.000000
0.000000
0.000000
0.000000
0.000000
0.000000
0.000000
0.000000
0.000000
0.000000
0.000000
0.000000
0.000000
0.000000
0.000000
0.000000
0.000000
0.000000
0.000000
0.000000
0.000000
202.483551
35.319080
0.000000
0.000000
0.000000
109.400696
0.000000
0.000000
60.222717
0.000000
0.000000
0.000000
0.000000
0.000000
0.000000
0.000000
0.000000
0.000000
0.000000
0.000000
0.000000
0.000000
0.000000
0.000000
0.000000
93.842712
0.000000
0.000000
0.000000
0.000000
0.000000
0.000000
0.000000
0.000000
106.570541
0.000000
226.835785
0.000000
0.000000
0.000000
0.000000
0.000000
0.000000
0.000000
245.474213
0.000000
0.000000
138.330948
0.000000
0.000000
0.000000
0.000000
0.000000
0.000000
0.000000
0.000000
0.000000
0.000000
0.000000
0.000000
0.000000
0.000000
0.000000
0.000000
0.000000
12.185575
155.200211
0.000000
0.000000
0.000000
0.000000
0.000000
0.000000
0.000000
33.409252
264.279846
0.000000
0.000000
71.768204
173.078476
0.000000
0.000000
0.000000
0.000000
0.000000
0.000000
0.000000
0.000000
0.000000
0.000000
0.000000
49.829956
0.000000
0.000000
0.000000
0.000000
0.000000
0.000000
34.118168
0.000000
0.000000
106.073593
0.000000
0.000000
0.000000
4.716203
0.000000
0.000000
0.000000
0.000000
0.000000
0.000000
0.000000
0.000000
0.000000
0.000000
10.405444
0.000000
0.000000
0.000000
0.000000
0.000000
0.000000
0.000000
0.000000
0.000000
0.000000
0.000000
140.318802
0.000000
0.000000
0.000000
0.000000
103.729362
0.000000
0.000000
0.000000
0.000000
0.000000
0.000000
0.000000
0.000000
0.000000
0.000000
0.000000
0.000000
0.000000
0.000000
0.000000
0.000000
0.000000
0.000000
0.000000
45.697430
0.000000
0.000000
0.000000
0.000000
0.000000
0.000000
0.000000
0.000000
121.060715
0.000000
176.668732
0.000000
0.000000
0.000000
0.000000
0.000000
0.000000
0.000000
249.540009
0.000000
0.000000
205.444260
0.000000
0.000000
0.000000
0.000000
0.000000
0.000000
0.000000
0.000000
0.000000
30.965242
0.000000
0.000000
0.000000
0.000000
0.000000
0.000000
0.000000
30.020269
101.937531
0.000000
0.000000
0.000000
0.000000
0.000000
0.000000
0.000000
0.000000
257.982056
0.000000
0.000000
65.745796
154.481674
0.000000
0.000000
0.000000
0.000000
0.000000
0.000000
0.000000
0.000000
0.000000
0.000000
0.000000
43.301575
0.000000
0.000000
0.000000
0.000000
0.000000
0.000000
0.000000
0.000000
0.000000
56.153500
0.000000
0.000000
0.000000
29.716803
0.000000
0.000000
0.000000
0.000000
0.000000
0.000000
0.000000
0.000000
0.000000
0.000000
0.000000
0.000000
0.000000
0.000000
0.000000
0.000000
0.000000
0.000000
0.000000
0.000000
0.000000
0.000000
154.875687
0.000000
0.000000
0.000000
0.000000
51.097336
0.000000
0.000000
0.000000
0.000000
0.000000
0.000000
0.000000
0.000000
0.000000
0.000000
0.000000
0.000000
0.000000
0.000000
0.000000
0.000000
0.000000
0.000000
0.000000
97.075684
0.000000
0.000000
0.000000
0.000000
0.000000
0.000000
0.000000
0.000000
131.264572
0.000000
158.156769
0.000000
0.000000
0.000000
0.000000
0.000000
0.000000
0.000000
166.370544
0.000000
0.000000
202.499588
0.000000
0.000000
0.000000
0.000000
0.000000
0.000000
0.000000
0.000000
0.000000
0.000000
0.000000
0.000000
0.000000
0.000000
0.000000
0.000000
0.000000
0.000000
19.916626
0.000000
0.000000
0.000000
0.000000
0.000000
0.000000
0.000000
0.000000
256.490356
0.000000
0.000000
0.000000
116.987572
0.000000
0.000000
0.000000
0.000000
0.000000
0.000000
0.000000
0.000000
0.000000
0.000000
0.000000
0.000000
0.000000
0.000000
0.000000
0.000000
0.000000
0.000000
106.823730
0.000000
0.000000
10.544233
0.000000
0.000000
0.000000
74.478180
0.000000
0.000000
0.000000
0.000000
0.000000
0.000000
0.000000
0.000000
0.000000
0.000000
25.726477
0.000000
0.000000
0.000000
0.000000
0.000000
0.000000
0.000000
0.000000
0.000000
0.000000
0.000000
154.128296
0.000000
0.000000
0.000000
0.000000
61.025272
0.000000
0.000000
65.272636
0.000000
0.000000
0.000000
0.000000
0.000000
0.000000
0.000000
0.000000
0.000000
0.000000
0.000000
0.000000
0.000000
0.000000
0.000000
0.000000
114.811661
0.000000
0.000000
0.000000
0.000000
0.000000
0.000000
0.000000
0.000000
188.717178
0.000000
96.018806
0.000000
0.000000
0.000000
0.000000
0.000000
0.000000
0.000000
135.069290
0.000000
0.000000
178.234756
0.000000
0.000000
0.000000
0.000000
0.000000
0.000000
0.000000
0.000000
0.000000
1.958582
0.000000
0.000000
0.000000
0.000000
0.000000
0.000000
0.000000
0.000000
0.000000
0.000000
0.000000
0.000000
0.000000
0.000000
0.000000
0.000000
0.000000
240.600327
0.000000
0.000000
0.000000
167.202545
0.000000
0.000000
0.000000
0.000000
0.000000
0.000000
0.000000
0.000000
0.000000
0.000000
0.000000
0.000000
0.000000
0.000000
0.000000
0.000000
0.000000
0.000000
209.692215
0.000000
0.000000
0.000000
0.000000
0.000000
0.000000
142.285263
0.000000
0.000000
0.000000
0.000000
0.373060
0.000000
0.000000
0.000000
0.000000
0.000000
150.004807
0.000000
0.000000
0.000000
0.000000
0.000000
0.000000
0.000000
0.000000
0.000000
0.000000
0.000000
125.202293
0.000000
0.000000
0.000000
0.000000
0.000000
0.000000
0.000000
184.597977
0.000000
0.000000
0.000000
0.000000
0.000000
0.000000
0.000000
0.000000
0.000000
0.000000
0.000000
0.000000
57.410202
0.000000
0.000000
0.000000
0.000000
0.000000
0.000000
0.000000
0.000000
0.000000
0.000000
0.000000
0.000000
67.241776
0.000000
170.769440
0.000000
147.679520
0.000000
0.000000
0.000000
0.000000
0.000000
227.148956
0.000000
0.000000
185.314835
0.000000
35.774197
0.000000
0.000000
0.000000
0.000000
0.000000
0.000000
0.000000
0.000000
0.000000
0.000000
0.000000
0.000000
0.000000
0.000000
94.377556
2.515602
60.011467
0.000000
0.000000
0.000000
0.000000
0.000000
0.000000
0.000000
0.000000
157.627548
0.000000
0.000000
0.000000
166.355087
0.000000
0.000000
0.000000
0.000000
0.000000
0.000000
0.000000
0.000000
0.000000
0.000000
0.000000
0.000000
0.000000
0.000000
0.000000
0.000000
0.000000
0.000000
0.000000
0.000000
0.000000
202.570389
0.000000
0.000000
35.545765
0.000000
0.000000
0.000000
0.000000
0.000000
0.000000
0.000000
0.000000
0.000000
0.460744
0.000000
0.000000
0.000000
18.718121
0.000000
0.000000
0.000000
0.000000
0.000000
0.000000
0.000000
0.000000
0.000000
0.000000
25.581591
0.000000
0.000000
0.000000
0.000000
0.000000
0.000000
89.120888
0.000000
0.000000
0.000000
0.000000
0.000000
0.000000
0.000000
0.000000
0.000000
0.000000
0.000000
0.000000
0.000000
0.000000
0.000000
0.000000
0.000000
0.000000
26.414299
0.000000
0.000000
0.000000
0.000000
0.000000
0.000000
73.861237
0.000000
158.825485
0.000000
64.438927
0.000000
0.000000
0.000000
0.000000
0.000000
328.795929
0.000000
0.000000
107.736961
0.000000
0.000000
0.000000
0.000000
0.000000
0.000000
0.000000
0.000000
0.000000
0.000000
0.000000
0.000000
0.000000
0.000000
0.000000
0.000000
0.000000
85.162918
140.543198
0.000000
0.000000
0.000000
0.000000
0.000000
0.000000
0.000000
18.941851
206.451263
0.000000
0.000000
0.000000
9.538340
0.000000
0.000000
0.000000
0.000000
0.000000
0.000000
0.000000
0.000000
0.000000
0.000000
0.000000
0.000000
0.000000
0.000000
0.000000
0.000000
0.000000
42.538780
24.528761
0.000000
0.000000
201.273514
0.000000
0.000000
50.055847
0.000000
0.000000
0.000000
0.000000
0.000000
0.000000
0.000000
0.000000
0.000000
55.540436
0.000000
0.000000
0.000000
19.264160
0.000000
0.000000
0.000000
0.000000
0.000000
0.000000
0.000000
0.000000
0.000000
21.930515
56.742943
0.000000
0.000000
0.000000
36.030430
0.000000
0.000000
0.000000
0.000000
0.000000
0.000000
0.000000
0.000000
0.000000
0.000000
0.000000
0.000000
0.000000
0.000000
0.000000
20.021093
0.000000
0.000000
0.000000
0.000000
0.000000
39.185825
0.000000
0.000000
0.000000
28.985582
0.000000
0.000000
50.898907
0.000000
193.017487
0.000000
17.427155
0.000000
0.000000
0.000000
0.000000
0.000000
285.062836
0.000000
0.000000
140.371506
0.000000
2.889547
0.000000
0.000000
0.000000
0.000000
0.000000
0.000000
0.000000
0.000000
0.000000
0.000000
0.000000
0.000000
0.000000
0.000000
0.000000
144.681808
152.231323
0.000000
0.000000
0.000000
0.000000
0.000000
0.000000
0.000000
0.000000
208.741196
0.000000
0.000000
0.000000
41.605171
0.000000
0.000000
0.000000
0.000000
0.000000
0.000000
0.000000
0.000000
0.000000
0.000000
0.000000
1.167175
0.000000
0.000000
0.000000
0.000000
0.000000
15.979607
41.129211
0.000000
0.000000
202.100998
0.000000
0.000000
21.630947
0.000000
0.000000
0.000000
0.000000
0.000000
0.000000
0.000000
0.000000
0.000000
0.000000
0.000000
0.000000
0.000000
0.000000
0.000000
0.000000
0.000000
0.000000
0.000000
0.000000
0.000000
0.000000
0.000000
108.757759
84.053192
0.000000
0.000000
0.000000
22.268497
0.000000
0.000000
0.000000
0.000000
0.000000
0.000000
0.000000
0.000000
0.000000
0.000000
0.000000
0.000000
0.000000
0.000000
0.000000
0.000000
0.000000
0.000000
0.000000
6.066691
0.000000
15.479343
0.000000
0.000000
0.000000
0.000000
0.000000
0.000000
83.771584
0.000000
188.531815
0.000000
0.000000
0.000000
0.000000
0.000000
0.000000
0.000000
237.581741
0.000000
0.000000
181.220230
0.000000
0.000000
0.000000
0.000000
0.000000
0.000000
0.000000
0.000000
0.000000
0.000000
0.000000
0.000000
0.000000
0.000000
0.000000
0.000000
0.000000
131.107880
155.347046
0.000000
0.000000
0.000000
0.000000
0.000000
0.000000
0.000000
0.000000
230.882660
0.000000
0.000000
0.000000
112.433578
0.000000
0.000000
0.000000
0.000000
0.000000
0.000000
0.000000
0.000000
0.000000
0.000000
0.000000
43.007393
0.000000
0.000000
0.000000
0.000000
0.000000
0.000000
36.021049
0.000000
0.000000
179.215469
0.000000
0.000000
0.000000
5.213119
0.000000
0.000000
0.000000
0.000000
0.000000
0.000000
0.000000
0.000000
0.000000
0.000000
0.000000
0.000000
0.000000
0.000000
0.000000
0.000000
0.000000
0.000000
0.000000
0.000000
0.000000
0.000000
111.147667
41.369522
0.000000
0.000000
0.000000
94.128059
0.000000
0.000000
31.387934
0.000000
0.000000
0.000000
0.000000
0.000000
0.000000
0.000000
0.000000
0.000000
0.000000
0.000000
0.000000
0.000000
0.000000
0.000000
0.000000
70.091324
0.000000
17.201504
0.000000
0.000000
0.000000
0.000000
0.000000
0.000000
73.960785
0.000000
173.702454
0.000000
0.000000
0.000000
0.000000
0.000000
0.000000
0.000000
200.332687
0.000000
0.000000
298.985413
0.000000
0.000000
0.000000
0.000000
0.000000
0.000000
0.000000
0.000000
0.000000
0.000000
0.000000
0.000000
0.000000
0.000000
0.000000
0.000000
0.000000
0.000000
118.882553
0.000000
0.000000
0.000000
0.000000
0.000000
0.000000
0.000000
0.000000
226.549347
0.000000
0.000000
0.352358
139.656876
0.000000
0.000000
0.000000
0.000000
0.000000
0.000000
0.000000
0.000000
0.000000
0.000000
0.000000
59.018620
0.000000
0.000000
0.000000
0.000000
0.000000
0.000000
0.000000
0.000000
0.000000
66.827858
0.000000
0.000000
0.000000
18.821125
0.000000
0.000000
0.000000
0.000000
0.000000
0.000000
0.000000
0.000000
0.000000
0.000000
26.690557
0.000000
0.000000
0.000000
0.000000
0.000000
0.000000
0.000000
0.000000
0.000000
0.000000
0.000000
79.562225
0.000000
0.000000
0.000000
0.000000
112.606041
0.000000
0.000000
18.013012
0.000000
0.000000
0.000000
0.000000
0.000000
0.000000
0.000000
0.000000
0.000000
0.000000
0.000000
0.000000
0.000000
0.000000
0.000000
0.000000
22.082350
0.000000
0.000000
0.000000
0.000000
0.000000
0.000000
0.000000
0.000000
78.577065
0.000000
142.796524
0.000000
0.000000
0.000000
0.000000
0.000000
0.000000
0.000000
169.473434
0.000000
0.000000
343.406982
0.000000
0.000000
0.000000
0.000000
0.000000
0.000000
0.000000
0.000000
0.000000
0.000000
0.000000
0.000000
0.000000
0.000000
0.000000
0.000000
0.000000
0.000000
58.043346
0.000000
0.000000
0.000000
0.000000
0.000000
0.000000
0.000000
0.000000
213.971558
0.000000
0.000000
15.241138
93.802620
0.000000
0.000000
0.000000
0.000000
0.000000
0.000000
0.000000
0.000000
0.000000
0.000000
0.000000
4.270680
0.000000
0.000000
0.000000
0.000000
0.000000
0.000000
0.000000
0.000000
0.000000
0.000000
0.000000
0.000000
0.000000
40.322880
0.000000
0.000000
0.000000
0.000000
0.000000
0.000000
0.000000
0.000000
0.000000
0.000000
16.330164
0.000000
0.000000
0.000000
0.000000
0.000000
0.000000
0.000000
0.000000
0.000000
0.000000
0.000000
97.097954
0.000000
0.000000
0.000000
0.000000
96.775139
0.000000
0.000000
49.740387
0.000000
0.000000
0.000000
0.000000
0.000000
0.000000
0.000000
0.000000
0.000000
0.000000
0.000000
0.000000
0.000000
0.000000
0.000000
0.000000
19.190012
0.000000
0.000000
0.000000
0.000000
0.000000
0.000000
0.000000
0.000000
72.085289
0.000000
136.175827
0.000000
0.000000
0.000000
0.000000
0.000000
0.000000
0.000000
97.866539
0.000000
0.000000
308.424805
0.000000
0.000000
0.000000
0.000000
0.000000
0.000000
0.000000
0.000000
0.000000
0.000000
0.000000
0.000000
0.000000
0.000000
0.000000
0.000000
0.000000
0.000000
0.000000
0.000000
0.000000
0.000000
0.000000
0.000000
0.000000
0.000000
0.000000
225.722519
0.000000
0.000000
0.000000
63.422653
0.000000
0.000000
0.000000
0.000000
0.000000
0.000000
0.000000
0.000000
0.000000
0.000000
0.000000
0.000000
0.000000
0.000000
0.000000
0.000000
0.000000
0.000000
39.520325
0.000000
0.000000
0.000000
0.000000
0.000000
0.000000
62.811600
0.000000
0.000000
0.000000
0.000000
0.000000
0.000000
0.000000
0.000000
0.000000
0.000000
60.597313
0.000000
0.000000
0.000000
0.000000
0.000000
0.000000
0.000000
0.000000
0.000000
0.000000
0.000000
85.080353
0.000000
0.000000
0.000000
0.000000
115.235939
0.000000
0.000000
102.559029
0.000000
0.000000
0.000000
0.000000
0.000000
0.000000
0.000000
0.000000
0.000000
0.000000
0.000000
0.000000
0.000000
0.000000
0.000000
0.000000
23.688936
0.000000
0.000000
0.000000
0.000000
0.000000
42.119709
0.000000
0.000000
126.059013
0.000000
122.304405
0.000000
0.000000
0.000000
0.000000
0.000000
0.000000
0.000000
81.746063
0.000000
0.000000
232.479095
0.000000
0.000000
0.000000
0.000000
0.000000
0.000000
0.000000
0.000000
0.000000
0.000000
0.000000
0.000000
0.000000
0.000000
0.000000
0.000000
0.000000
0.000000
0.000000
0.000000
0.000000
0.000000
0.000000
0.000000
0.000000
0.000000
0.000000
223.068085
0.000000
0.000000
0.000000
124.277016
0.000000
0.000000
0.000000
0.000000
0.000000
0.000000
0.000000
0.000000
0.000000
0.000000
0.000000
0.000000
0.000000
0.000000
0.000000
0.000000
0.000000
0.000000
136.122101
0.000000
0.000000
0.000000
0.000000
0.000000
0.000000
39.867119
0.000000
0.000000
0.000000
0.000000
0.000000
0.000000
7.770600
0.000000
0.000000
0.000000
152.793228
0.000000
0.000000
0.000000
0.000000
0.000000
0.000000
0.000000
0.000000
0.000000
0.000000
0.000000
39.284878
0.000000
0.000000
0.000000
0.000000
12.971536
104.495651
0.000000
192.598618
0.000000
0.000000
0.000000
0.000000
0.000000
0.000000
0.000000
0.000000
0.000000
0.000000
0.000000
0.000000
90.394951
0.000000
0.000000
0.000000
0.000000
0.000000
0.000000
0.000000
0.000000
0.000000
0.000000
0.000000
0.000000
63.124084
0.000000
193.976715
0.000000
129.722107
0.000000
0.000000
0.000000
0.000000
0.000000
158.935379
0.000000
0.000000
149.448425
0.000000
50.496471
0.000000
0.000000
0.000000
0.000000
0.000000
0.000000
0.000000
0.000000
0.000000
0.000000
0.000000
0.000000
0.000000
0.000000
95.706467
0.000000
30.421537
0.000000
0.000000
0.000000
0.000000
0.000000
0.000000
0.000000
0.000000
182.268616
0.000000
0.000000
0.000000
174.530457
0.000000
0.000000
0.000000
0.000000
0.000000
0.000000
0.000000
0.000000
0.000000
0.000000
0.000000
0.000000
0.000000
0.000000
0.000000
0.000000
0.000000
0.000000
0.000000
0.000000
0.000000
133.797028
0.000000
0.000000
0.000000
0.000000
0.000000
0.000000
0.000000
0.000000
0.000000
0.000000
0.000000
0.000000
0.000000
0.000000
0.000000
0.000000
0.000000
0.000000
0.000000
0.000000
0.000000
0.000000
0.000000
0.000000
0.000000
0.000000
0.000000
11.268873
0.000000
0.000000
0.000000
0.000000
0.000000
0.000000
100.583054
0.000000
0.000000
0.000000
0.000000
0.000000
0.000000
0.000000
0.000000
0.000000
0.000000
0.000000
0.000000
11.596700
0.000000
0.000000
0.000000
0.000000
0.000000
0.000000
0.000000
0.000000
0.000000
0.000000
0.000000
0.000000
83.197006
0.000000
181.333084
0.000000
31.778969
0.000000
0.000000
0.000000
0.000000
0.000000
321.754333
0.000000
0.000000
53.867825
0.000000
0.000000
0.000000
0.000000
0.000000
0.000000
0.000000
0.000000
0.000000
0.000000
0.000000
0.000000
0.000000
0.000000
0.000000
0.000000
0.000000
63.812847
128.132065
0.000000
0.000000
0.000000
0.000000
0.000000
0.000000
0.000000
74.166206
251.629913
0.000000
0.000000
9.959367
17.768780
0.000000
0.000000
0.000000
0.000000
0.000000
0.000000
0.000000
0.000000
0.000000
0.000000
0.000000
0.000000
0.000000
0.000000
0.000000
0.000000
0.000000
27.847761
15.662369
0.000000
0.000000
155.252014
0.000000
0.000000
49.872040
0.000000
0.000000
0.000000
0.000000
0.000000
0.000000
0.000000
0.000000
0.000000
0.000000
0.000000
0.000000
0.000000
0.000000
0.000000
0.000000
0.000000
0.000000
0.000000
0.000000
0.000000
0.000000
0.000000
48.657917
83.635109
0.000000
0.000000
0.000000
48.157276
0.000000
0.000000
0.000000
0.000000
0.000000
0.000000
0.000000
0.000000
0.000000
0.000000
0.000000
0.000000
0.000000
41.000198
0.000000
22.614851
0.000000
0.000000
0.000000
0.000000
0.000000
47.744999
0.000000
0.000000
0.000000
0.000000
0.000000
0.000000
62.546810
0.000000
169.672424
0.000000
53.129723
0.000000
0.000000
0.000000
0.000000
0.000000
354.678680
0.000000
0.000000
25.868563
0.000000
0.000000
0.000000
0.000000
0.000000
0.000000
0.000000
0.000000
0.000000
0.000000
0.000000
0.000000
0.000000
0.000000
0.000000
0.000000
0.000000
164.437637
148.948441
0.000000
0.000000
0.000000
0.000000
0.000000
0.000000
0.000000
79.796593
280.602753
0.000000
0.000000
56.793190
7.773449
0.000000
0.000000
0.000000
0.000000
0.000000
0.000000
0.000000
0.000000
0.000000
0.000000
0.000000
36.339367
0.000000
0.000000
0.000000
0.000000
0.000000
28.825754
29.125273
0.000000
0.000000
205.241226
0.000000
0.000000
82.764641
0.000000
0.000000
0.000000
0.000000
0.000000
0.000000
0.000000
0.000000
0.000000
0.000000
0.000000
0.000000
0.000000
0.000000
0.000000
0.000000
0.000000
0.000000
0.000000
0.000000
0.000000
0.000000
0.000000
141.584000
77.855408
0.000000
0.000000
0.000000
49.109154
0.000000
0.000000
0.000000
0.000000
0.000000
0.000000
0.000000
0.000000
0.000000
0.000000
0.000000
0.000000
0.000000
14.874952
0.000000
0.000000
0.000000
0.000000
0.000000
19.379183
0.000000
52.941784
0.000000
0.000000
0.000000
0.000000
0.000000
0.000000
77.195648
0.000000
150.628372
0.000000
63.190411
0.000000
0.000000
0.000000
0.000000
0.000000
298.061432
0.000000
0.000000
34.879002
0.000000
0.000000
0.000000
0.000000
0.000000
0.000000
0.000000
0.000000
0.000000
0.000000
0.000000
0.000000
0.000000
16.291893
0.000000
0.000000
0.000000
134.563004
135.593033
0.000000
0.000000
0.000000
0.000000
0.000000
0.000000
0.000000
47.970989
268.746368
0.000000
0.000000
80.181366
56.867622
0.000000
0.000000
0.000000
0.000000
0.000000
0.000000
0.000000
0.000000
0.000000
0.000000
0.000000
116.544792
0.000000
0.000000
0.000000
0.000000
0.000000
7.595185
22.667723
0.000000
0.000000
208.797394
0.000000
0.000000
0.000000
0.000000
0.000000
0.000000
0.000000
0.000000
0.000000
0.000000
0.000000
0.000000
0.000000
0.000000
0.000000
0.000000
0.000000
0.000000
0.000000
0.000000
0.000000
0.000000
0.000000
0.000000
0.000000
0.000000
159.716278
25.429688
0.000000
0.000000
0.000000
76.898552
0.000000
0.000000
0.000000
0.000000
0.000000
0.000000
0.000000
0.000000
0.000000
0.000000
0.000000
0.000000
0.000000
0.000000
0.000000
0.000000
0.000000
0.000000
0.000000
57.705353
0.000000
73.000671
0.000000
0.000000
0.000000
0.000000
0.000000
0.000000
39.187168
0.000000
113.362991
0.000000
78.999588
0.000000
0.000000
0.000000
0.000000
0.000000
195.218964
0.000000
0.000000
69.925537
0.000000
0.000000
0.000000
0.000000
0.000000
0.000000
0.000000
0.000000
0.000000
0.000000
0.000000
0.000000
0.000000
56.642998
0.000000
0.000000
0.000000
0.000000
39.206669
0.000000
0.000000
0.000000
0.000000
0.000000
0.000000
0.000000
0.000000
263.927612
0.000000
0.000000
95.385498
71.001511
0.000000
0.000000
0.000000
0.000000
0.000000
0.000000
0.000000
0.000000
0.000000
0.000000
0.000000
121.389961
0.000000
0.000000
0.000000
0.000000
0.000000
0.000000
0.000000
0.000000
0.000000
54.329285
0.000000
0.000000
0.000000
53.412285
0.000000
0.000000
0.000000
0.000000
0.000000
0.000000
0.000000
0.000000
0.000000
0.000000
27.928358
0.000000
0.000000
0.000000
0.000000
0.000000
0.000000
0.000000
0.000000
0.000000
0.000000
0.000000
113.902115
0.000000
0.000000
0.000000
0.000000
60.602211
0.000000
0.000000
14.465474
0.000000
0.000000
0.000000
0.000000
0.000000
0.000000
0.000000
0.000000
0.000000
0.000000
0.000000
0.000000
0.000000
0.000000
0.000000
0.000000
13.033751
0.000000
0.000000
0.000000
0.000000
0.000000
0.000000
0.000000
0.000000
47.493710
0.000000
78.598770
0.000000
44.424698
0.000000
0.000000
0.000000
0.000000
0.000000
114.963844
0.000000
0.000000
100.649872
0.000000
0.000000
0.000000
0.000000
0.000000
0.000000
0.000000
0.000000
0.000000
0.000000
0.000000
0.000000
0.000000
45.460705
0.000000
0.000000
0.915780
0.000000
0.000000
0.000000
0.000000
0.000000
0.000000
0.000000
0.000000
0.000000
0.000000
243.679230
0.000000
0.000000
79.439407
36.447048
0.000000
0.000000
0.000000
0.000000
0.000000
0.000000
0.000000
0.000000
0.000000
0.000000
0.000000
39.599949
0.000000
0.000000
0.000000
0.000000
0.000000
0.000000
0.000000
0.000000
0.000000
0.000000
0.000000
0.000000
0.000000
70.869019
0.000000
0.000000
0.000000
0.000000
0.000000
0.000000
0.000000
0.000000
0.000000
0.000000
56.216412
0.000000
0.000000
0.000000
0.000000
0.000000
0.000000
0.000000
0.000000
0.000000
0.000000
0.000000
95.153961
0.000000
0.000000
0.000000
0.000000
45.682137
0.000000
0.000000
53.510944
0.000000
0.000000
0.000000
0.000000
0.000000
0.000000
0.000000
0.000000
0.000000
0.000000
0.000000
0.000000
0.000000
0.000000
0.000000
0.000000
0.000000
0.000000
0.000000
0.000000
0.000000
0.000000
9.186165
0.000000
0.000000
16.169170
0.000000
107.985519
0.000000
0.000000
0.000000
0.000000
0.000000
0.000000
0.000000
67.003922
0.000000
0.000000
97.194023
0.000000
0.000000
0.000000
0.000000
0.000000
0.000000
0.000000
0.000000
0.000000
0.000000
0.000000
0.000000
0.000000
0.000000
0.000000
0.000000
0.000000
0.000000
0.000000
0.000000
0.000000
0.000000
0.000000
0.000000
0.000000
0.000000
0.000000
267.961456
0.000000
0.000000
0.000000
0.000000
0.000000
0.000000
0.000000
0.000000
0.000000
0.000000
0.000000
0.000000
0.000000
0.000000
0.000000
0.000000
0.000000
0.000000
0.000000
0.000000
0.000000
0.000000
21.242739
0.000000
0.000000
0.000000
0.000000
0.000000
0.000000
0.000000
0.000000
0.000000
0.000000
0.000000
0.000000
0.000000
0.000000
0.000000
0.000000
0.000000
83.380928
0.000000
0.000000
0.000000
0.000000
0.000000
0.000000
0.000000
0.000000
0.000000
0.000000
0.000000
22.687990
0.000000
0.000000
0.000000
0.000000
81.286285
0.000000
0.000000
82.082787
0.000000
0.000000
0.000000
0.000000
0.000000
0.000000
0.000000
0.000000
0.000000
0.000000
0.000000
0.000000
0.000000
0.000000
0.000000
0.000000
0.000000
0.000000
0.000000
0.000000
0.000000
0.000000
67.713867
0.000000
0.000000
52.693260
0.000000
149.512207
0.000000
0.000000
0.000000
0.000000
0.000000
0.000000
0.000000
78.148148
0.000000
0.000000
113.849022
0.000000
0.000000
0.000000
0.000000
0.000000
0.000000
0.000000
0.000000
0.000000
0.000000
0.000000
0.000000
0.000000
0.000000
0.000000
0.000000
0.000000
0.000000
0.000000
0.000000
0.000000
0.000000
0.000000
0.000000
0.000000
0.000000
0.000000
258.316284
0.000000
0.000000
0.000000
53.055882
0.000000
0.000000
0.000000
0.000000
0.000000
0.000000
0.000000
0.000000
0.000000
0.000000
0.000000
0.000000
0.000000
0.000000
0.000000
0.000000
0.000000
0.000000
90.948730
0.000000
0.000000
0.000000
0.000000
0.000000
0.000000
0.000000
0.000000
0.000000
0.000000
0.000000
0.000000
0.000000
0.000000
0.000000
0.000000
0.000000
127.396576
0.000000
0.000000
0.000000
0.000000
0.000000
0.000000
0.000000
0.000000
0.000000
0.000000
0.000000
0.000000
0.000000
0.000000
0.000000
0.000000
39.681164
252.851288
0.000000
155.026657
0.000000
0.000000
0.000000
0.000000
0.000000
