0.000000
49.764698
0.000000
100.055824
36.663136
14.298775
117.581619
0.000000
41.099232
0.000000
0.000000
0.000000
0.000000
0.000000
0.000000
0.000000
0.000000
0.000000
0.000000
0.000000
85.071068
0.280074
205.499741
0.000000
0.000000
0.000000
0.000000
0.000000
0.000000
0.000000
18.436451
0.000000
25.958385
0.000000
0.000000
0.000000
0.000000
0.000000
230.883514
0.000000
0.000000
0.000000
0.000000
0.000000
0.000000
0.000000
0.000000
0.000000
0.000000
0.000000
0.000000
0.000000
0.000000
0.000000
0.000000
164.808334
0.000000
0.000000
60.862854
0.000000
0.000000
0.000000
0.000000
0.000000
0.000000
27.389668
0.000000
61.421387
61.345463
27.963900
136.516418
0.000000
70.736038
0.000000
0.000000
0.000000
0.000000
0.000000
0.000000
0.000000
0.000000
0.000000
0.000000
0.000000
57.358910
0.000000
204.132675
0.000000
0.000000
0.000000
0.000000
0.000000
0.000000
0.000000
108.374893
0.000000
0.550592
0.000000
0.000000
0.000000
0.000000
0.000000
229.305389
0.000000
0.000000
0.000000
0.000000
0.000000
0.000000
0.000000
0.000000
0.000000
0.000000
0.000000
0.000000
0.000000
0.000000
0.000000
0.000000
179.464005
0.000000
0.000000
14.647041
0.000000
0.000000
0.000000
0.000000
0.000000
0.000000
0.000000
0.000000
37.722252
119.785301
28.081518
116.400360
0.000000
101.172165
2.858117
0.000000
0.000000
0.000000
0.000000
0.000000
0.000000
0.000000
0.000000
0.000000
0.000000
65.494667
0.000000
174.690002
0.000000
0.000000
0.000000
0.000000
0.000000
0.000000
0.000000
164.575592
0.000000
0.000000
0.000000
0.000000
0.000000
0.000000
0.000000
236.089172
0.000000
0.000000
0.000000
0.000000
0.000000
0.000000
0.000000
0.000000
0.000000
0.000000
0.000000
0.000000
0.000000
0.000000
0.000000
0.000000
185.352203
0.000000
0.000000
0.000000
0.000000
0.000000
0.000000
0.000000
0.000000
0.000000
6.587046
0.000000
51.280270
129.020874
28.573496
134.772324
0.000000
112.694199
3.415224
0.000000
0.000000
0.000000
0.000000
0.000000
0.000000
0.000000
0.000000
0.000000
0.000000
76.408691
0.000000
154.722824
0.000000
0.000000
0.000000
0.000000
0.000000
0.000000
0.000000
136.502426
0.000000
0.000000
0.000000
0.000000
0.000000
0.000000
0.000000
251.793655
0.000000
0.000000
0.000000
0.000000
0.000000
0.000000
0.000000
0.000000
0.000000
0.000000
0.000000
0.000000
0.000000
0.000000
0.000000
0.000000
205.139893
0.000000
0.000000
0.000000
0.000000
0.000000
0.000000
0.000000
0.000000
0.000000
40.740566
0.000000
89.728035
109.759399
22.314451
149.287262
0.000000
101.967255
11.340742
0.000000
0.000000
0.000000
0.000000
0.000000
0.000000
0.000000
0.000000
0.000000
0.000000
91.911736
1.135339
163.789871
0.000000
0.000000
0.000000
0.000000
0.000000
0.000000
0.000000
76.597191
0.000000
0.000000
0.000000
0.000000
0.000000
0.000000
0.000000
270.682281
0.000000
0.000000
0.000000
0.000000
0.000000
0.000000
0.000000
0.000000
0.000000
0.000000
0.000000
0.000000
0.000000
0.000000
0.000000
0.000000
224.671860
0.000000
0.000000
15.344042
0.000000
0.000000
0.000000
0.000000
0.000000
0.000000
24.665667
0.000000
95.451027
99.081322
32.828228
135.270233
0.000000
107.568825
7.980486
0.000000
0.000000
0.000000
0.000000
0.000000
0.000000
0.000000
0.000000
0.000000
0.000000
86.225761
0.000000
179.226654
0.000000
0.000000
0.000000
0.000000
0.000000
0.000000
0.000000
74.952438
0.000000
0.000000
0.000000
0.000000
0.000000
0.000000
0.000000
264.506317
0.000000
0.000000
0.000000
0.000000
0.000000
0.000000
0.000000
0.000000
0.000000
0.000000
0.000000
0.000000
0.000000
0.000000
0.000000
0.000000
211.529755
0.000000
0.000000
19.803608
0.000000
0.000000
0.000000
0.000000
0.000000
0.000000
0.000000
0.000000
57.652798
99.224388
23.683550
95.559959
0.000000
123.179558
0.000000
0.000000
0.000000
0.000000
0.000000
0.000000
0.000000
0.000000
0.000000
0.000000
0.000000
64.857925
0.000000
200.419189
0.000000
0.000000
0.000000
0.000000
0.000000
0.000000
0.000000
106.295059
0.000000
0.000000
0.000000
0.000000
0.000000
0.000000
0.000000
250.443436
0.000000
0.000000
0.000000
0.000000
40.137173
0.000000
0.000000
0.000000
0.000000
0.000000
0.000000
0.000000
0.000000
0.000000
0.000000
0.000000
191.303604
0.000000
0.000000
11.319223
0.000000
0.000000
0.000000
0.000000
0.000000
0.000000
0.000000
0.000000
21.942959
85.506058
32.660675
81.537872
0.000000
125.153549
0.000000
0.000000
0.000000
0.000000
0.000000
0.000000
0.000000
0.000000
0.000000
0.000000
0.000000
57.211544
0.000000
149.747650
0.000000
0.000000
0.000000
0.000000
0.000000
0.000000
0.000000
120.080803
0.000000
0.000000
0.000000
0.000000
0.000000
0.000000
0.000000
235.635681
0.000000
0.000000
0.000000
0.000000
59.673111
0.000000
0.000000
0.000000
0.000000
0.000000
0.000000
0.000000
0.000000
0.000000
0.000000
0.000000
167.412216
0.000000
0.000000
8.767184
4.647228
0.000000
0.000000
0.000000
0.000000
0.000000
0.000000
0.000000
68.603333
94.938087
14.417082
78.158028
0.000000
97.368225
0.000000
0.000000
0.000000
0.000000
0.000000
0.000000
0.000000
0.000000
0.000000
0.000000
0.000000
30.698799
0.000000
130.946564
0.000000
0.000000
8.500394
0.000000
0.000000
0.000000
0.000000
108.002159
0.000000
0.000000
0.000000
0.000000
0.000000
0.000000
0.000000
256.764557
0.000000
0.000000
0.000000
0.000000
75.730820
0.000000
0.000000
0.000000
0.000000
0.000000
0.000000
0.000000
0.000000
0.000000
0.000000
0.000000
176.816788
0.000000
0.000000
44.461983
0.000000
0.000000
0.000000
0.000000
0.000000
0.000000
0.000000
0.000000
91.401924
133.148575
0.000000
65.198578
0.000000
75.510132
0.000000
0.000000
0.000000
0.000000
0.000000
0.000000
0.000000
0.000000
0.000000
14.872957
0.000000
0.000000
0.000000
146.425034
0.000000
0.000000
0.000000
0.000000
0.000000
0.000000
0.000000
83.731216
0.000000
0.000000
0.000000
0.000000
0.000000
0.000000
0.000000
272.452606
0.000000
0.000000
0.000000
0.000000
121.396187
7.676083
0.000000
0.000000
0.000000
0.000000
0.000000
0.000000
0.000000
0.000000
0.000000
0.000000
110.056221
0.000000
0.000000
122.872467
0.000000
0.000000
0.000000
0.000000
0.000000
0.000000
42.039303
0.000000
75.353897
0.000000
46.097591
41.272518
0.000000
0.000000
0.000000
0.000000
0.000000
0.000000
0.000000
0.000000
0.000000
0.000000
0.000000
73.092110
0.000000
100.919533
46.950485
158.067215
0.000000
0.000000
83.856247
0.000000
0.000000
0.000000
0.000000
4.164947
0.000000
54.616840
0.000000
0.000000
0.000000
0.000000
0.000000
195.535339
0.000000
0.000000
0.000000
0.000000
0.000000
0.000000
0.000000
0.000000
0.000000
0.000000
0.000000
0.000000
0.000000
0.000000
0.000000
93.721085
88.037018
0.000000
0.000000
28.279808
54.438160
0.000000
0.000000
0.000000
0.000000
0.000000
0.000000
0.000000
41.178345
0.000000
42.290207
21.085354
0.000000
0.000000
0.000000
0.000000
0.000000
0.000000
0.000000
0.000000
0.000000
0.000000
0.000000
99.384857
0.000000
71.608551
31.060692
186.217346
0.000000
0.000000
79.170181
0.000000
0.000000
0.000000
0.000000
58.693047
0.000000
32.784725
0.000000
0.000000
0.000000
0.000000
0.000000
189.310181
0.000000
0.000000
0.000000
0.000000
0.000000
0.000000
0.000000
0.000000
0.000000
0.000000
0.000000
0.000000
0.000000
0.000000
0.000000
120.181267
107.963295
0.000000
0.000000
0.000000
81.727150
0.000000
0.000000
0.000000
0.000000
0.000000
0.000000
0.000000
44.434097
0.000000
11.794750
8.011847
0.000000
0.000000
0.000000
0.000000
0.000000
0.000000
0.000000
0.000000
0.000000
0.000000
0.000000
102.867447
0.000000
91.795471
43.238430
170.380096
0.000000
0.000000
48.827732
0.000000
0.000000
0.000000
0.000000
82.530205
0.000000
0.000000
0.000000
0.000000
0.000000
0.000000
0.000000
216.481781
0.000000
0.000000
0.000000
0.000000
0.000000
0.000000
0.000000
0.000000
0.000000
0.000000
0.000000
0.000000
0.000000
0.000000
0.000000
135.766449
111.095749
0.000000
0.000000
0.000000
76.579308
0.000000
0.000000
0.000000
0.000000
0.000000
0.000000
0.000000
58.929012
0.000000
0.488422
4.961070
0.000000
14.914072
0.000000
0.000000
0.000000
0.000000
0.000000
0.000000
0.000000
0.000000
0.000000
90.261597
0.000000
111.886055
41.601654
159.963364
0.000000
0.000000
47.971714
0.000000
0.000000
0.000000
0.000000
74.770782
0.000000
0.000000
0.000000
0.000000
0.000000
0.000000
0.000000
234.016434
0.000000
0.000000
0.000000
0.000000
0.000000
0.000000
0.000000
0.000000
0.000000
0.000000
0.000000
0.000000
0.000000
0.000000
22.610598
116.744301
127.837051
0.000000
0.000000
0.000000
42.395241
0.000000
0.000000
0.000000
0.000000
0.000000
0.000000
0.000000
63.926006
0.000000
0.000000
0.000000
0.000000
0.000000
0.000000
0.000000
0.000000
0.000000
0.000000
0.000000
0.000000
0.000000
0.000000
102.055687
0.000000
138.317657
26.806120
148.413971
0.000000
0.000000
70.993759
0.000000
0.000000
0.000000
0.000000
53.910839
0.000000
0.000000
0.000000
0.000000
0.000000
0.000000
0.000000
250.674423
0.000000
0.000000
0.000000
0.000000
0.000000
0.000000
0.000000
0.000000
0.000000
0.000000
0.000000
0.000000
0.000000
0.000000
43.524147
128.338943
130.916916
0.000000
0.000000
0.000000
26.663551
0.000000
0.000000
0.000000
0.000000
0.000000
0.000000
0.000000
65.104218
0.000000
15.976573
0.000000
0.000000
0.000000
0.000000
0.000000
0.000000
0.000000
0.000000
0.000000
0.000000
0.000000
0.000000
125.955719
0.000000
122.626816
24.080425
139.191101
0.000000
0.000000
93.794624
0.000000
0.000000
0.000000
0.000000
58.891018
0.000000
0.000000
0.000000
0.000000
0.000000
0.000000
0.000000
255.214752
0.000000
0.000000
0.000000
0.000000
0.000000
0.000000
0.000000
0.000000
0.000000
0.000000
0.000000
0.000000
0.000000
0.000000
22.730787
167.488617
102.966835
0.000000
0.000000
0.000000
54.297890
0.000000
0.000000
0.000000
0.000000
0.000000
0.000000
0.000000
47.028507
0.000000
24.362719
0.000000
0.000000
0.000000
0.000000
0.000000
0.000000
0.000000
0.000000
0.000000
0.000000
0.000000
0.000000
158.766495
0.000000
92.434372
28.138216
147.317551
0.000000
0.000000
93.166847
0.000000
0.000000
0.000000
0.000000
103.126930
0.000000
49.103474
0.000000
0.000000
0.000000
0.000000
0.000000
250.207474
0.000000
0.000000
0.000000
0.000000
0.000000
0.000000
0.000000
0.000000
0.000000
0.000000
0.000000
0.000000
0.000000
0.000000
11.313406
184.895355
77.771263
0.000000
0.000000
0.000000
89.523064
0.000000
0.000000
0.000000
0.000000
0.000000
0.000000
0.000000
26.439507
0.000000
45.302650
0.000000
0.000000
28.659517
0.000000
0.000000
0.000000
0.000000
0.000000
0.000000
0.000000
0.000000
0.000000
155.586853
0.000000
65.229187
4.734914
140.001312
0.000000
0.000000
80.152367
0.000000
0.000000
0.000000
0.000000
116.741104
0.000000
39.309181
0.000000
0.000000
0.000000
0.000000
0.000000
251.070663
0.000000
0.000000
0.000000
0.000000
10.475999
0.000000
0.000000
0.000000
0.000000
0.000000
0.000000
0.000000
0.000000
0.000000
5.492718
166.408585
53.355732
0.000000
0.000000
0.000000
93.761177
0.000000
0.000000
0.000000
0.000000
0.000000
0.000000
0.000000
52.398289
0.540798
8.710402
0.000000
0.000000
0.000000
0.000000
0.000000
0.000000
0.000000
0.000000
0.000000
0.000000
0.000000
0.000000
131.208206
0.000000
26.004951
8.830663
116.133644
0.000000
0.000000
115.875648
0.000000
0.000000
0.000000
0.000000
119.301979
0.000000
0.000000
0.000000
0.000000
0.000000
0.000000
0.000000
266.391022
0.000000
0.000000
0.000000
0.000000
89.024109
0.000000
0.000000
0.000000
0.000000
0.000000
0.000000
0.000000
0.000000
0.000000
0.000000
119.393730
49.543491
0.000000
0.000000
31.023113
65.739525
0.000000
0.000000
0.000000
0.000000
0.000000
0.000000
0.000000
30.976685
53.737076
0.000000
0.000000
0.000000
4.891573
0.000000
0.000000
0.000000
0.000000
0.000000
0.000000
0.000000
0.000000
0.000000
77.050629
0.000000
0.000000
26.316460
79.732079
0.000000
52.522598
79.516159
0.000000
0.000000
0.000000
0.000000
115.606651
0.000000
0.000000
0.000000
0.000000
0.000000
0.000000
0.000000
243.588989
0.000000
0.000000
0.000000
0.000000
164.147415
52.879658
0.000000
0.000000
0.000000
0.000000
0.000000
0.000000
0.000000
0.000000
0.000000
102.106697
0.000000
0.000000
0.000000
86.949669
65.470886
0.000000
0.000000
0.000000
0.000000
0.000000
85.581398
0.000000
68.511238
0.000000
35.037781
116.750999
0.000000
0.000000
0.000000
0.000000
0.000000
0.000000
0.000000
0.000000
0.000000
0.000000
0.000000
46.188335
0.000000
0.000000
0.000000
94.388954
0.000000
0.000000
102.442581
0.000000
0.000000
0.000000
0.000000
17.402824
0.000000
74.152344
0.000000
0.000000
0.000000
0.000000
0.000000
206.451431
0.000000
0.000000
0.000000
0.000000
0.000000
0.000000
0.000000
0.000000
0.000000
0.000000
0.000000
0.000000
0.000000
0.000000
0.000000
102.285225
30.397686
0.000000
0.000000
24.099396
94.349792
0.000000
0.000000
0.000000
0.000000
0.000000
3.394594
0.000000
14.300323
0.000000
43.383617
86.687828
0.000000
0.000000
0.000000
0.000000
0.000000
0.000000
0.000000
0.000000
0.000000
0.000000
0.000000
71.945648
0.000000
0.000000
47.752567
79.905586
0.000000
0.000000
120.481987
0.000000
0.000000
0.000000
0.000000
74.159470
0.000000
65.180779
0.000000
0.000000
0.000000
0.000000
0.000000
176.828262
0.000000
0.000000
0.000000
0.000000
0.000000
0.000000
0.000000
0.000000
0.000000
0.000000
0.000000
0.000000
0.000000
0.000000
5.769502
140.123734
15.668694
0.000000
0.000000
21.735811
128.770187
0.000000
0.000000
0.000000
0.000000
0.000000
0.000000
0.000000
29.457741
0.000000
41.728073
75.536674
0.000000
0.000000
0.000000
0.000000
0.000000
0.000000
0.000000
0.000000
0.000000
0.000000
0.000000
92.716805
0.000000
0.000000
74.591743
87.060333
0.000000
0.000000
70.918335
0.000000
0.000000
0.000000
0.000000
95.801697
0.000000
75.983345
0.000000
0.000000
0.000000
0.000000
0.000000
203.044846
0.000000
0.000000
0.000000
0.000000
0.000000
0.000000
0.000000
0.000000
0.000000
0.000000
0.000000
0.000000
0.000000
0.000000
54.483219
172.191818
1.880952
0.000000
0.000000
89.450096
112.932121
0.000000
0.000000
0.000000
0.000000
0.000000
0.000000
0.000000
60.848869
0.000000
5.013040
50.270866
0.000000
0.000000
0.000000
0.000000
0.000000
0.000000
0.000000
0.000000
0.000000
0.000000
0.000000
128.729385
0.000000
0.000000
38.180470
131.731964
0.000000
0.000000
60.326717
0.000000
0.000000
0.000000
0.000000
67.608109
0.000000
58.310226
0.000000
0.000000
0.000000
0.000000
0.000000
237.540802
0.000000
0.000000
0.000000
0.000000
0.000000
0.000000
0.000000
0.000000
0.000000
0.000000
0.000000
0.000000
0.000000
0.000000
38.150761
161.035751
5.952210
0.000000
0.000000
76.332832
67.476089
0.000000
0.000000
0.000000
0.000000
0.000000
0.000000
0.000000
55.798923
0.000000
0.000000
23.918713
0.000000
0.000000
0.000000
0.000000
0.000000
0.000000
0.000000
0.000000
0.000000
0.000000
0.000000
101.205238
0.000000
0.000000
1.778482
92.055061
0.000000
0.000000
73.683380
0.000000
0.000000
0.000000
0.000000
122.170486
0.000000
36.986206
0.000000
0.000000
0.000000
0.000000
0.000000
253.979767
0.000000
0.000000
0.000000
0.000000
46.992050
0.000000
0.000000
0.000000
0.000000
0.000000
0.000000
0.000000
0.000000
0.000000
24.851416
173.165878
2.081167
0.000000
0.000000
43.962990
69.425072
0.000000
0.000000
0.000000
0.000000
0.000000
0.000000
0.000000
68.743286
0.000000
0.000000
39.258007
0.000000
0.000000
0.000000
0.000000
0.000000
0.000000
0.000000
0.000000
0.000000
0.000000
0.000000
132.396362
0.000000
0.000000
16.153044
82.082909
0.000000
0.000000
107.451416
0.000000
0.000000
0.000000
0.000000
123.605057
0.000000
47.670692
0.000000
0.000000
0.000000
0.000000
0.000000
259.029816
0.000000
0.000000
0.000000
0.000000
57.756573
0.000000
0.000000
0.000000
0.000000
0.000000
0.000000
0.000000
0.000000
0.000000
0.000000
181.798370
0.000000
0.000000
0.000000
44.414921
113.039894
0.000000
0.000000
0.000000
0.000000
0.000000
0.000000
0.000000
77.319588
0.000000
9.333453
65.080193
0.000000
0.000000
0.000000
0.000000
0.000000
0.000000
0.000000
0.000000
0.000000
0.000000
0.000000
116.040588
0.000000
0.000000
14.610978
69.054871
0.000000
0.000000
121.788513
0.000000
0.000000
0.000000
0.000000
107.319489
0.000000
109.159874
0.000000
0.000000
0.000000
0.000000
0.000000
257.265869
0.000000
0.000000
0.000000
0.000000
70.544846
0.000000
0.000000
0.000000
0.000000
0.000000
0.000000
0.000000
0.000000
0.000000
0.000000
176.622223
0.000000
0.000000
0.000000
59.068386
113.795670
0.000000
0.000000
0.000000
0.000000
0.000000
0.000000
0.000000
56.666798
0.000000
45.370293
66.177124
0.000000
0.000000
0.000000
0.000000
0.000000
0.000000
0.000000
0.000000
0.000000
0.000000
0.000000
82.170959
0.000000
0.000000
14.115794
79.256798
0.000000
0.000000
82.650108
0.000000
0.000000
0.000000
0.000000
126.431763
0.000000
106.989594
0.000000
0.000000
0.000000
0.000000
0.000000
235.037003
0.000000
0.000000
0.000000
0.000000
89.726112
0.000000
0.000000
0.000000
0.000000
0.000000
0.000000
0.000000
0.000000
0.000000
0.000000
169.130966
0.000000
0.000000
0.000000
90.369728
129.785416
0.000000
0.000000
0.000000
0.000000
0.000000
0.000000
0.000000
43.969040
0.000000
0.936262
43.338806
0.000000
0.000000
0.000000
0.000000
0.000000
0.000000
0.000000
0.000000
0.000000
0.000000
0.000000
91.176880
0.000000
0.000000
41.794540
70.620316
0.000000
0.000000
77.354942
0.000000
0.000000
0.000000
0.000000
109.492737
0.000000
22.449995
0.000000
0.000000
0.000000
0.000000
0.000000
258.734467
0.000000
0.000000
0.000000
0.000000
154.589157
0.000000
0.000000
0.000000
0.000000
0.000000
0.000000
0.000000
0.000000
0.000000
0.000000
149.002625
0.000000
0.000000
0.000000
97.527725
102.148003
0.000000
0.000000
0.000000
0.000000
0.000000
0.000000
0.000000
42.429295
45.265312
0.000000
34.997578
0.000000
0.000000
0.000000
0.000000
0.000000
0.000000
0.000000
0.000000
0.000000
0.000000
0.000000
64.662949
0.000000
0.000000
34.155941
31.826082
0.000000
42.741371
13.632586
0.000000
0.000000
0.000000
0.000000
92.012573
0.000000
0.000000
0.000000
0.000000
0.000000
0.000000
0.000000
249.253937
0.000000
0.000000
0.000000
0.000000
182.165710
63.564045
0.000000
0.000000
0.000000
0.000000
0.000000
0.000000
0.000000
0.000000
0.000000
140.991486
0.000000
0.000000
0.000000
118.514198
112.737679
0.000000
0.000000
0.000000
0.000000
0.000000
53.509888
0.000000
51.344936
0.000000
39.345203
64.888992
0.000000
0.000000
0.000000
0.000000
0.000000
0.000000
0.000000
0.000000
0.000000
0.000000
0.000000
4.263380
0.000000
0.000000
30.879431
6.315226
0.000000
0.000000
200.369705
0.000000
0.000000
0.000000
0.000000
22.853352
0.000000
28.739157
0.000000
0.000000
0.000000
0.000000
0.000000
156.875580
0.000000
0.000000
0.000000
0.000000
72.288788
24.716429
0.000000
0.000000
0.000000
0.000000
0.000000
0.000000
0.000000
0.000000
0.000000
189.172195
0.000000
0.000000
0.000000
36.066917
137.472885
0.000000
0.000000
0.000000
125.177521
0.000000
0.000000
0.000000
57.006516
0.000000
84.943657
31.789734
0.000000
0.000000
0.000000
0.000000
0.000000
0.000000
0.000000
0.000000
0.000000
0.000000
0.000000
0.000000
0.000000
0.000000
116.231323
0.000000
0.000000
0.000000
195.433426
0.000000
0.000000
0.000000
0.000000
53.208393
0.000000
0.000000
0.000000
0.000000
0.000000
0.000000
0.000000
127.327927
0.000000
0.000000
0.000000
0.000000
139.550339
75.562614
0.000000
0.000000
0.000000
0.000000
0.000000
0.000000
0.000000
0.000000
72.336555
193.269455
0.000000
0.000000
0.000000
76.978271
179.040741
0.000000
0.000000
0.000000
94.408394
0.000000
0.000000
0.000000
79.730049
0.000000
91.053192
0.000000
0.000000
0.000000
0.000000
0.000000
0.000000
0.000000
0.000000
0.000000
0.000000
0.000000
0.000000
38.754532
0.000000
0.000000
131.732468
48.040283
0.000000
0.000000
137.553497
0.000000
0.000000
0.000000
0.000000
24.195515
0.000000
14.255764
0.000000
0.000000
0.000000
0.000000
0.000000
123.029160
0.000000
0.000000
0.000000
0.000000
166.528259
59.803482
0.000000
0.000000
0.000000
0.000000
0.000000
0.000000
0.000000
0.000000
116.955482
254.191605
4.025918
0.000000
0.000000
94.821510
201.836670
0.000000
0.000000
0.000000
24.597410
0.000000
0.000000
0.000000
78.798912
0.000000
43.471462
0.000000
0.000000
0.000000
0.000000
0.000000
0.000000
0.000000
0.000000
0.000000
0.000000
0.000000
0.000000
132.603607
0.000000
0.000000
104.335632
114.709435
0.000000
0.000000
158.581970
0.000000
0.000000
0.000000
0.000000
6.935852
0.000000
84.392929
0.000000
0.000000
0.000000
0.000000
0.000000
155.698502
0.000000
0.000000
0.000000
0.000000
191.427277
62.887169
0.000000
0.000000
0.000000
0.000000
0.000000
0.000000
0.000000
0.000000
60.713558
261.340302
0.000000
0.000000
0.000000
75.770416
191.689026
0.000000
0.000000
0.000000
0.000000
0.000000
0.000000
0.000000
44.871815
0.000000
67.943077
0.000000
0.000000
0.000000
0.000000
0.000000
0.000000
0.000000
0.000000
0.000000
0.000000
0.000000
0.000000
105.587341
0.000000
0.000000
75.014397
55.576855
0.000000
0.000000
198.597534
0.000000
0.000000
0.000000
0.000000
89.125572
0.000000
66.611084
0.000000
0.000000
0.000000
0.000000
0.000000
169.220947
0.000000
0.000000
0.000000
0.000000
215.010437
73.808609
0.000000
0.000000
0.000000
0.000000
0.000000
0.000000
0.000000
0.000000
70.768280
283.439148
0.000000
0.000000
0.000000
78.024323
167.105392
0.000000
0.000000
0.000000
22.881517
0.000000
0.000000
0.000000
24.004059
0.000000
53.336590
0.000000
0.000000
0.000000
0.000000
0.000000
0.000000
0.000000
0.000000
0.000000
0.000000
0.000000
0.000000
108.477432
0.000000
0.000000
65.340027
46.812347
0.000000
0.000000
239.040833
0.000000
0.000000
0.000000
0.000000
96.959885
0.000000
45.987270
0.000000
0.000000
0.000000
0.000000
0.000000
155.400101
0.000000
0.000000
0.000000
0.000000
224.441238
94.605209
0.000000
0.000000
0.000000
0.000000
0.000000
18.278008
0.000000
0.000000
0.000000
268.319519
0.000000
0.000000
0.000000
95.910851
208.547043
0.000000
0.000000
0.000000
96.898491
0.000000
0.000000
0.000000
30.565893
0.000000
54.469952
15.762986
0.000000
0.000000
0.000000
0.000000
0.000000
0.000000
0.000000
0.000000
0.000000
0.000000
0.000000
80.032310
0.000000
0.000000
50.320679
12.046833
0.000000
0.000000
235.787750
0.000000
0.000000
0.000000
0.000000
47.185444
0.000000
77.954353
0.000000
0.000000
0.000000
0.000000
0.000000
164.902603
0.000000
0.000000
0.000000
0.000000
196.874924
86.515762
0.000000
0.000000
0.000000
0.000000
0.000000
9.949571
0.000000
0.000000
0.000000
260.279785
0.000000
0.000000
0.000000
102.826157
178.066162
0.000000
0.000000
0.000000
123.106102
0.000000
0.000000
0.000000
44.851707
0.000000
92.904816
59.247623
0.000000
0.000000
0.000000
0.000000
0.000000
0.000000
0.000000
0.000000
0.000000
0.000000
0.000000
84.442581
0.000000
0.000000
69.895004
38.970375
0.000000
0.000000
218.023636
0.000000
0.000000
0.000000
0.000000
70.428780
0.000000
87.139526
0.000000
0.000000
0.000000
0.000000
0.000000
148.367630
0.000000
0.000000
0.000000
0.000000
170.064774
81.325218
0.000000
0.000000
0.000000
0.000000
0.000000
0.000000
0.000000
0.000000
0.000000
248.494980
0.000000
0.000000
0.000000
105.925522
194.116806
0.000000
0.000000
0.000000
105.960449
0.000000
0.000000
0.000000
26.728699
0.000000
41.328022
31.974291
0.000000
0.000000
0.000000
0.000000
0.000000
0.000000
0.000000
0.000000
0.000000
0.000000
0.000000
142.300674
0.000000
0.000000
108.801422
70.632179
0.000000
0.000000
156.083176
0.000000
0.000000
0.000000
0.000000
68.247810
0.000000
86.521072
0.000000
0.000000
0.000000
0.000000
0.000000
162.865143
0.000000
0.000000
0.000000
0.000000
184.463303
64.127151
0.000000
0.000000
0.000000
0.000000
0.000000
0.000000
0.000000
0.000000
0.000000
214.404755
0.000000
0.000000
0.000000
133.886658
182.425629
0.000000
0.000000
0.000000
66.479568
0.000000
0.000000
0.000000
31.046841
26.796450
0.000000
44.841881
0.000000
0.000000
0.000000
0.000000
0.000000
0.000000
0.000000
0.000000
0.000000
0.000000
0.000000
65.548012
0.000000
0.000000
63.850788
77.055290
0.000000
66.202827
24.824709
0.000000
0.000000
0.000000
0.000000
73.962288
0.000000
66.481926
0.000000
0.000000
0.000000
0.000000
0.000000
203.217987
0.000000
0.000000
0.000000
0.000000
175.693710
107.659821
0.000000
0.000000
0.000000
0.000000
0.000000
0.000000
0.000000
0.000000
0.000000
136.262558
0.000000
0.000000
0.000000
151.905411
180.726501
0.000000
0.000000
0.000000
0.000000
0.000000
29.586567
0.000000
86.133476
0.000000
29.384485
102.406960
0.000000
0.000000
0.000000
0.000000
0.000000
0.000000
0.000000
0.000000
0.000000
0.000000
0.000000
45.887585
0.000000
0.000000
38.108513
25.213739
0.000000
0.000000
187.524033
0.000000
0.000000
0.000000
0.000000
22.344324
0.000000
0.000000
0.000000
0.000000
0.000000
0.000000
0.000000
200.664902
0.000000
0.000000
0.000000
19.209087
96.186203
83.144768
0.000000
0.000000
0.000000
0.000000
0.000000
27.196699
0.000000
0.000000
0.000000
175.252090
26.952234
0.000000
0.000000
26.634010
164.343033
0.000000
0.000000
0.000000
189.194031
0.000000
0.000000
0.000000
104.425819
0.000000
93.758232
77.064331
0.000000
0.000000
0.000000
0.000000
0.000000
0.000000
0.000000
0.000000
0.000000
0.000000
0.000000
0.000000
0.000000
0.000000
83.991058
0.000000
0.000000
0.000000
155.504959
0.000000
0.000000
0.000000
0.000000
49.263844
0.000000
0.000000
0.000000
0.000000
0.000000
0.000000
0.000000
185.367004
0.000000
0.000000
0.000000
0.000000
189.383713
131.883316
0.000000
0.000000
0.000000
0.000000
1.722219
0.000000
0.000000
0.000000
0.000000
182.321426
30.500547
0.000000
0.000000
64.684807
190.131485
0.000000
0.000000
0.000000
160.751434
0.000000
0.000000
0.000000
90.081154
0.000000
109.544289
63.368191
0.000000
0.000000
0.000000
0.000000
0.000000
0.000000
0.000000
0.000000
0.000000
0.000000
0.000000
18.119701
0.000000
0.000000
102.427216
59.863060
0.000000
0.000000
118.146774
0.000000
0.000000
0.000000
0.000000
23.214283
0.000000
0.000000
0.000000
0.000000
0.000000
0.000000
0.000000
141.636658
0.000000
0.000000
0.000000
0.000000
136.547348
68.517906
0.000000
0.000000
0.000000
0.000000
48.305405
0.000000
0.000000
0.000000
0.000000
237.511887
80.485847
0.000000
0.000000
60.206608
229.760773
0.000000
0.000000
0.000000
115.291237
0.000000
0.000000
0.000000
63.637402
0.000000
67.980347
29.767492
0.000000
0.000000
0.000000
0.000000
0.000000
0.000000
0.000000
0.000000
0.000000
0.000000
0.000000
100.727867
0.000000
0.000000
93.813431
124.481728
0.000000
0.000000
115.955948
0.000000
0.000000
0.000000
0.000000
20.825764
0.000000
11.430397
0.000000
0.000000
0.000000
0.000000
0.000000
182.340393
0.000000
0.000000
0.000000
35.826313
162.391418
51.126915
0.000000
0.000000
0.000000
0.000000
0.000000
0.000000
0.000000
0.000000
0.000000
248.979904
11.055846
0.000000
0.000000
74.967789
211.063263
0.000000
0.000000
0.000000
14.463762
0.000000
0.000000
0.000000
21.966299
0.000000
47.582348
5.719978
0.000000
0.000000
0.000000
0.000000
0.000000
0.000000
0.000000
0.000000
0.000000
0.000000
0.000000
158.758759
0.000000
0.000000
0.678586
62.112511
0.000000
0.000000
131.733231
0.000000
0.000000
0.000000
0.000000
67.476204
0.000000
0.000000
0.000000
0.000000
0.000000
0.000000
0.000000
200.410553
0.000000
0.000000
0.000000
1.761022
161.319061
87.695976
0.000000
0.000000
0.000000
0.000000
0.000000
0.000000
0.000000
0.000000
0.000000
270.359009
15.081317
0.000000
0.000000
74.140045
120.336098
0.000000
0.000000
0.000000
24.024767
0.000000
0.000000
0.000000
26.464382
0.000000
39.355427
81.745567
0.000000
0.000000
0.000000
0.000000
0.000000
0.000000
0.000000
0.000000
0.000000
0.000000
0.000000
134.843506
0.000000
0.000000
12.178426
53.064182
16.362646
0.000000
149.608887
0.000000
0.000000
0.000000
0.000000
70.708572
0.000000
0.000000
0.000000
0.000000
0.000000
0.000000
0.000000
191.357727
0.000000
0.000000
0.000000
44.999062
151.769989
48.851616
0.000000
0.000000
0.000000
0.000000
15.854979
12.702445
0.000000
0.000000
0.000000
215.867096
0.000000
0.000000
0.000000
80.267982
171.182129
0.000000
0.000000
0.000000
65.975319
0.000000
0.000000
0.000000
20.464138
0.000000
35.894241
105.045700
0.000000
0.000000
0.000000
0.000000
0.000000
0.000000
0.000000
0.000000
0.000000
0.000000
0.000000
128.841843
0.000000
0.000000
0.000000
23.742117
32.010925
0.000000
136.057556
0.000000
0.000000
0.000000
0.000000
32.671028
0.000000
0.000000
0.000000
0.000000
0.000000
0.000000
0.000000
205.312683
0.000000
0.000000
0.000000
23.038618
90.761208
24.768433
0.000000
0.000000
0.000000
0.000000
19.472527
10.012658
22.455177
0.000000
0.000000
213.839539
0.000000
0.000000
0.000000
91.254913
165.586517
0.000000
0.000000
0.000000
100.780540
0.000000
0.000000
0.000000
39.090977
0.000000
62.110752
158.819519
0.000000
0.000000
0.000000
0.000000
0.000000
0.000000
0.000000
0.000000
0.000000
0.000000
0.000000
88.051857
0.000000
0.000000
34.956356
55.801540
7.602391
0.000000
155.411240
0.000000
0.000000
0.000000
0.000000
43.722076
0.000000
0.000000
0.000000
0.000000
0.000000
0.000000
0.000000
188.877777
0.000000
0.000000
0.000000
0.000000
51.475639
30.954407
0.000000
0.000000
0.000000
0.000000
37.206673
0.000000
0.333226
0.000000
0.000000
170.019547
0.000000
0.000000
0.000000
83.624016
170.419891
0.000000
0.000000
0.000000
79.500633
0.000000
0.000000
0.000000
47.371487
0.000000
18.741385
109.534607
0.000000
0.000000
0.000000
0.000000
0.000000
0.000000
0.000000
0.000000
0.000000
0.000000
0.000000
98.486351
0.000000
0.000000
85.923019
119.644608
13.630124
0.000000
107.109108
0.000000
0.000000
0.000000
0.000000
60.355461
0.000000
5.663162
0.000000
0.000000
0.000000
0.000000
0.000000
201.591248
0.000000
0.000000
0.000000
0.000000
85.960068
51.662098
0.000000
0.000000
0.000000
0.000000
0.000000
0.000000
0.000000
0.000000
0.000000
133.117783
0.000000
0.000000
0.000000
113.891098
148.992126
0.000000
0.000000
0.000000
42.361160
0.000000
0.000000
0.000000
78.874588
110.133926
2.625723
70.193710
0.000000
1.591063
0.000000
0.000000
0.000000
0.000000
0.000000
0.000000
0.000000
0.000000
0.000000
1.945463
0.000000
0.000000
97.169701
124.967094
10.761066
111.004272
0.000000
0.000000
0.000000
0.000000
0.000000
71.459976
0.000000
38.287544
0.000000
0.000000
0.000000
0.000000
0.000000
214.052780
0.000000
0.000000
0.000000
0.000000
109.639427
94.951637
0.000000
0.000000
0.000000
0.000000
0.000000
0.000000
0.000000
0.000000
0.000000
64.639091
0.000000
0.000000
0.000000
161.171539
153.645844
0.000000
0.000000
0.000000
0.000000
0.000000
69.364983
0.000000
100.600677
0.000000
0.000000
142.438385
0.000000
0.000000
0.000000
0.000000
0.000000
0.000000
0.000000
0.000000
0.000000
0.000000
0.000000
1.393961
0.000000
0.000000
0.000000
118.679298
0.000000
1.536712
109.578133
0.000000
0.000000
0.000000
0.000000
18.519127
0.000000
0.000000
0.000000
0.000000
0.000000
0.000000
0.000000
240.339508
0.000000
0.000000
0.000000
29.415043
63.833118
24.816547
0.000000
0.000000
0.000000
0.000000
0.000000
18.287369
0.000000
0.000000
0.000000
49.734200
39.278168
0.000000
0.000000
40.004345
127.894447
0.000000
0.000000
0.000000
122.579414
0.000000
0.000000
0.000000
79.974907
0.000000
48.085094
115.845901
0.000000
0.000000
0.000000
0.000000
0.000000
0.000000
0.000000
0.000000
0.000000
0.000000
0.000000
0.000000
0.000000
0.000000
0.000000
16.468275
0.000000
0.000000
100.637283
0.000000
0.000000
0.000000
0.000000
73.691032
0.000000
0.000000
0.000000
0.000000
0.000000
0.000000
0.000000
217.768616
0.000000
0.000000
0.000000
0.000000
83.956100
44.775455
0.000000
0.000000
0.000000
0.000000
0.000000
16.986835
0.000000
0.000000
0.000000
95.891220
34.837181
0.000000
0.000000
42.124317
115.097221
0.000000
0.000000
0.000000
145.622131
0.000000
10.739511
0.000000
96.388138
0.000000
74.448601
166.352478
0.000000
0.000000
0.000000
0.000000
0.000000
0.000000
0.000000
0.000000
0.000000
0.000000
23.646322
0.000000
0.000000
0.000000
26.244526
47.103020
0.000000
0.000000
102.902229
0.000000
0.000000
0.000000
0.000000
40.033657
0.000000
0.000000
0.000000
0.000000
0.000000
0.000000
0.000000
170.680237
0.000000
0.000000
0.000000
0.000000
43.608742
0.000000
0.000000
0.000000
0.000000
0.000000
58.230209
24.869247
0.000000
0.000000
0.000000
96.116104
90.213638
0.000000
0.000000
42.019032
184.971649
0.000000
0.000000
0.000000
128.097961
0.000000
3.035002
0.000000
44.521412
0.000000
58.226440
136.468964
0.000000
0.000000
0.000000
0.000000
0.000000
0.000000
0.000000
0.000000
0.000000
0.000000
0.000000
0.000000
0.000000
0.000000
8.939736
81.197540
0.000000
0.000000
47.971798
0.000000
0.000000
0.000000
0.000000
3.576498
0.000000
0.000000
0.000000
0.000000
0.000000
0.000000
0.000000
165.746292
0.000000
0.000000
0.000000
0.000000
74.085098
0.000000
0.000000
0.000000
0.000000
0.000000
0.000000
0.000000
0.000000
0.000000
0.000000
124.574097
9.547402
0.000000
0.000000
121.781517
145.483673
0.000000
0.000000
0.000000
38.829514
0.000000
0.000000
0.000000
48.782684
0.000000
10.239303
88.885368
0.000000
0.000000
0.000000
0.000000
0.000000
0.000000
0.000000
0.000000
0.000000
0.000000
0.000000
105.950958
0.000000
0.000000
0.000000
69.137611
0.000000
0.000000
17.789404
0.000000
0.000000
0.000000
0.000000
29.150703
0.000000
0.000000
0.000000
0.000000
0.000000
0.000000
0.000000
238.069214
0.000000
0.000000
0.000000
0.000000
23.639669
7.050128
0.000000
0.000000
0.000000
0.000000
0.000000
0.000000
0.000000
0.000000
0.000000
143.636948
45.832531
0.000000
0.000000
112.171761
52.820049
0.000000
0.000000
0.000000
0.000000
0.000000
0.000000
0.000000
43.936409
0.000000
2.681581
170.151855
0.000000
0.000000
0.000000
0.000000
0.000000
0.000000
0.000000
0.000000
0.000000
0.000000
0.000000
85.957367
0.000000
0.000000
0.000000
101.954994
0.000000
0.000000
46.762043
0.000000
0.000000
0.000000
0.000000
41.311943
0.000000
0.000000
0.000000
0.000000
0.000000
0.000000
0.000000
233.468567
0.000000
0.000000
0.000000
0.000000
34.207836
0.000000
0.000000
0.000000
0.000000
0.000000
0.000000
0.000000
0.000000
0.000000
0.000000
86.930023
36.665756
0.000000
0.000000
102.094818
92.181953
0.000000
0.000000
0.000000
0.000000
0.000000
0.000000
0.000000
33.459866
0.000000
32.996365
181.694809
0.000000
9.737370
0.000000
0.000000
0.000000
0.000000
0.000000
0.000000
0.000000
0.000000
0.000000
65.048767
0.000000
0.000000
0.000000
90.302818
0.000000
0.000000
39.708443
0.000000
0.000000
0.000000
0.000000
62.078758
0.000000
0.000000
0.000000
0.000000
0.000000
0.000000
0.000000
225.521667
0.000000
0.000000
0.000000
0.000000
26.016870
0.000000
0.000000
0.000000
0.000000
0.000000
0.000000
0.000000
0.000000
0.000000
0.000000
70.800102
32.313160
0.000000
0.000000
83.553459
101.973869
0.000000
0.000000
0.000000
7.248931
0.000000
8.310675
0.000000
58.431644
0.670210
41.478245
201.575348
0.000000
21.620089
0.000000
0.000000
0.000000
0.000000
0.000000
0.000000
0.000000
0.000000
0.000000
39.058865
0.000000
0.000000
12.269461
119.949692
0.000000
0.000000
56.378708
0.000000
0.000000
0.000000
0.000000
59.607704
0.000000
0.000000
0.000000
0.000000
0.000000
0.000000
0.000000
224.768951
0.000000
0.000000
0.000000
0.000000
0.000000
0.000000
0.000000
0.000000
0.000000
0.000000
0.000000
0.000000
0.000000
0.000000
0.000000
23.300312
71.519325
0.000000
0.000000
72.259880
88.427132
0.000000
0.000000
0.000000
17.119595
0.000000
0.207063
0.000000
63.325333
70.983749
0.000000
119.903526
0.000000
12.232666
0.000000
0.000000
0.000000
0.000000
0.000000
0.000000
0.000000
0.000000
0.000000
28.075228
0.000000
0.000000
81.495468
140.069946
0.000000
25.650385
19.125713
0.000000
0.000000
0.000000
0.000000
73.551567
0.000000
0.000000
0.000000
0.000000
0.000000
0.000000
0.000000
231.449265
0.000000
0.000000
0.000000
0.000000
64.729858
4.190541
0.000000
0.000000
0.000000
0.000000
0.000000
0.000000
0.000000
0.000000
0.000000
20.864250
14.826604
0.000000
0.000000
99.700516
98.671608
0.000000
0.000000
0.000000
4.580273
0.000000
0.000000
0.000000
77.872078
114.343010
6.616319
34.396923
0.000000
10.232617
53.800705
0.000000
0.000000
0.000000
0.000000
0.000000
0.000000
0.000000
0.000000
0.000000
0.000000
0.000000
123.809509
100.873955
20.586592
174.817841
0.000000
0.000000
0.000000
0.000000
0.000000
64.222778
0.000000
0.831100
0.000000
0.000000
0.000000
0.000000
0.000000
237.960876
0.000000
0.000000
0.000000
0.000000
116.659546
98.129082
0.000000
0.000000
0.000000
0.000000
0.000000
0.000000
0.000000
0.000000
0.000000
61.892372
0.000000
0.000000
0.000000
121.971184
150.488708
0.000000
0.000000
0.000000
0.000000
0.000000
115.224480
0.000000
87.081764
0.000000
0.000000
213.020508
0.000000
0.000000
0.000000
0.000000
0.000000
0.000000
0.000000
0.000000
0.000000
0.000000
0.000000
0.000000
0.000000
0.000000
0.000000
143.708618
0.000000
11.660975
19.896753
0.000000
0.000000
0.000000
0.000000
0.000000
0.000000
0.000000
0.000000
0.000000
0.000000
0.000000
0.000000
249.644287
0.000000
0.000000
0.000000
0.815656
30.648344
0.000000
6.362014
0.000000
0.000000
0.000000
0.000000
0.703800
0.000000
0.000000
0.000000
0.000000
60.428398
0.000000
0.000000
38.700291
62.952225
0.000000
0.000000
0.000000
82.761963
0.000000
0.000000
0.000000
60.187927
0.000000
27.447901
112.864738
0.000000
0.000000
40.349251
0.000000
0.000000
0.000000
0.000000
0.000000
0.000000
0.000000
0.000000
0.000000
0.000000
0.000000
0.000000
8.325136
0.000000
0.000000
54.733440
0.000000
0.000000
0.000000
0.000000
75.246529
0.000000
0.000000
0.000000
0.000000
0.000000
0.000000
0.000000
226.787643
0.000000
0.000000
0.000000
0.000000
53.009026
14.209615
0.000000
0.000000
0.000000
0.000000
0.000000
13.414655
0.000000
0.000000
0.000000
96.861198
60.975155
0.000000
0.000000
26.210806
75.731117
0.000000
0.000000
0.000000
77.447968
0.000000
17.754854
0.000000
81.559807
0.000000
28.314995
180.282074
0.000000
4.545855
0.000000
0.000000
0.000000
0.000000
0.000000
0.000000
0.000000
0.000000
36.316151
0.000000
0.000000
0.000000
0.000000
9.900260
0.000000
0.000000
113.391396
0.000000
0.000000
0.000000
0.000000
17.955748
0.000000
0.000000
0.000000
0.000000
0.000000
0.000000
0.000000
170.609619
0.000000
0.000000
0.000000
0.000000
61.097794
22.470425
0.000000
0.000000
0.000000
0.000000
53.685242
48.563141
0.000000
0.000000
0.000000
87.001915
49.102825
0.000000
0.000000
30.181396
129.477615
0.000000
0.000000
0.000000
84.769829
0.000000
61.052654
0.000000
42.162579
0.000000
28.660196
138.286377
0.000000
0.000000
0.000000
0.000000
0.000000
0.000000
0.000000
0.000000
0.000000
0.000000
0.000000
0.000000
0.000000
0.000000
0.000000
8.476896
0.000000
0.000000
78.984711
0.000000
0.000000
0.000000
0.000000
0.000000
0.000000
0.000000
0.000000
0.000000
0.000000
0.000000
0.000000
135.277557
0.000000
0.000000
0.000000
0.000000
66.157845
0.000000
0.000000
0.000000
0.000000
0.000000
0.000000
7.384756
0.000000
0.000000
0.000000
103.122475
20.034489
0.000000
0.000000
86.654427
88.133797
0.000000
0.000000
0.000000
41.433296
0.000000
17.115049
0.000000
58.061554
0.000000
0.000000
86.963654
0.000000
0.000000
0.000000
0.000000
0.000000
0.000000
0.000000
0.000000
0.000000
0.000000
0.000000
51.080513
0.000000
1.548324
0.000000
51.550182
0.000000
0.000000
64.321404
0.000000
0.000000
0.000000
0.000000
22.882063
0.000000
0.000000
0.000000
0.000000
0.000000
0.000000
0.000000
238.807114
0.000000
0.000000
0.000000
0.000000
26.549242
0.000000
0.000000
0.000000
0.000000
0.000000
0.000000
0.000000
0.000000
0.000000
0.000000
82.185707
62.085815
0.000000
0.000000
123.812721
14.646347
0.000000
0.000000
0.000000
0.000000
0.000000
0.000000
0.000000
50.143639
0.000000
12.412966
136.389328
0.000000
0.000000
0.000000
0.000000
0.000000
0.000000
0.000000
0.000000
0.000000
0.000000
0.000000
27.902039
0.000000
0.000000
0.000000
81.858444
0.000000
0.000000
35.013149
0.000000
0.000000
0.000000
0.000000
67.515121
0.000000
3.195789
0.000000
0.000000
0.000000
0.000000
0.000000
239.624695
0.000000
0.000000
0.000000
0.000000
21.388102
0.000000
0.000000
0.000000
0.000000
0.000000
0.000000
0.000000
0.000000
0.000000
0.000000
53.497742
62.009964
0.000000
0.000000
110.538811
33.916096
0.000000
0.000000
0.000000
0.000000
0.000000
0.000000
0.000000
54.870636
33.933640
54.242428
142.132660
0.000000
67.122658
0.000000
0.000000
0.000000
0.000000
0.000000
0.000000
0.000000
0.000000
0.000000
35.425888
0.000000
0.000000
0.000000
119.168045
0.000000
0.000000
29.247215
0.000000
0.000000
0.000000
0.000000
104.636627
0.000000
0.000000
0.000000
0.000000
0.000000
0.000000
0.000000
235.372803
0.000000
0.000000
0.000000
0.000000
18.156862
0.000000
0.000000
0.000000
0.000000
0.000000
0.000000
0.000000
0.000000
0.000000
0.000000
24.407984
94.193848
0.000000
0.000000
94.286011
50.784569
0.000000
0.000000
0.000000
0.000000
0.000000
1.733148
0.000000
63.814598
9.945275
35.366051
145.196762
0.000000
47.907936
0.000000
0.000000
0.000000
0.000000
0.000000
0.000000
0.000000
0.000000
0.000000
53.411457
0.000000
32.618759
29.363413
169.619064
0.000000
0.000000
30.508696
0.000000
0.000000
0.000000
0.000000
65.877396
0.000000
4.368454
0.000000
0.000000
0.000000
0.000000
0.000000
222.815704
0.000000
0.000000
0.000000
0.000000
13.312016
0.000000
0.000000
0.000000
0.000000
0.000000
0.000000
0.000000
0.000000
0.000000
0.000000
16.130831
124.938995
0.000000
0.000000
60.386868
26.940647
0.000000
0.000000
0.000000
0.000000
0.000000
0.000000
0.000000
43.017834
76.709854
0.000000
74.707092
0.000000
25.657181
0.000000
0.000000
0.000000
0.000000
0.000000
0.000000
0.000000
0.000000
0.000000
37.035782
0.000000
0.000000
49.286129
159.441666
0.000000
45.334557
0.000000
0.000000
0.000000
0.000000
0.000000
64.021523
0.000000
0.000000
0.000000
0.000000
0.000000
0.000000
0.000000
238.353394
0.000000
0.000000
0.000000
0.000000
80.852699
5.231342
0.000000
0.000000
0.000000
0.000000
0.000000
0.000000
0.000000
0.000000
0.000000
36.778263
23.950115
0.000000
0.000000
86.267235
70.764000
0.000000
0.000000
0.000000
0.000000
0.000000
0.000000
0.000000
43.755917
125.230553
0.000000
0.000000
0.000000
40.808872
97.811516
0.000000
0.000000
0.000000
0.000000
0.000000
0.000000
0.000000
0.000000
0.000000
0.000000
0.000000
86.030380
83.631813
9.719135
150.065369
0.000000
0.000000
0.000000
0.000000
0.000000
70.482430
0.000000
0.000000
0.000000
0.000000
0.000000
0.000000
0.000000
242.167252
0.000000
0.000000
0.000000
0.000000
150.734360
87.885529
0.000000
0.000000
0.000000
0.000000
0.000000
0.000000
0.000000
0.000000
0.000000
93.140518
0.000000
0.000000
0.000000
83.955070
167.901077
0.000000
0.000000
0.000000
0.000000
0.000000
139.610657
0.000000
62.075741
0.000000
0.000000
226.070236
0.000000
0.000000
0.000000
0.000000
0.000000
0.000000
0.000000
0.000000
0.000000
0.000000
0.000000
0.000000
0.000000
0.000000
0.000000
133.543213
0.000000
0.000000
37.258308
0.000000
0.000000
0.000000
0.000000
0.000000
0.000000
54.561485
0.000000
0.000000
0.000000
0.000000
0.000000
243.543289
0.000000
0.000000
0.000000
0.000000
0.000000
0.000000
0.000000
0.000000
0.000000
0.000000
0.000000
0.000000
0.000000
0.000000
0.000000
15.851050
42.778748
0.000000
0.000000
27.426126
54.352108
0.000000
0.000000
0.000000
61.077496
0.000000
0.000000
0.000000
35.641586
0.000000
0.171372
122.453056
0.000000
0.000000
0.000000
0.000000
0.000000
0.000000
0.000000
0.000000
0.000000
0.000000
0.000000
46.058777
0.000000
0.000000
0.000000
25.880610
0.000000
0.000000
22.034216
0.000000
0.000000
0.000000
0.000000
93.272110
0.000000
0.000000
0.000000
0.000000
0.000000
0.000000
0.000000
215.396957
0.000000
0.000000
0.000000
0.000000
40.318188
8.446988
0.000000
0.000000
0.000000
0.000000
0.000000
0.000000
0.000000
0.000000
0.000000
100.485710
37.052464
0.000000
0.000000
29.403006
77.467400
0.000000
0.000000
0.000000
12.595835
0.000000
0.000000
0.000000
49.865498
2.279111
29.222879
137.298706
0.000000
7.070253
0.000000
0.000000
0.000000
0.000000
0.000000
0.000000
0.000000
0.000000
0.000000
3.142079
0.000000
0.000000
0.000000
29.528147
0.000000
0.000000
80.811111
0.000000
0.000000
0.000000
0.000000
51.309219
0.000000
0.000000
0.000000
0.000000
0.000000
0.000000
0.000000
180.629288
0.000000
0.000000
0.000000
0.000000
79.053589
18.668945
0.000000
0.000000
0.000000
0.000000
16.975769
50.969913
0.000000
0.000000
0.000000
144.553528
26.251194
0.000000
0.000000
35.717957
136.522354
0.000000
0.000000
0.000000
42.413750
0.000000
14.503523
0.000000
50.946758
0.000000
36.238483
95.938469
0.000000
0.000000
0.000000
0.000000
0.000000
0.000000
0.000000
0.000000
0.000000
0.000000
0.000000
0.000000
0.000000
0.000000
0.000000
0.000000
0.000000
0.000000
134.811340
0.000000
0.000000
0.000000
0.000000
5.331179
0.000000
0.000000
0.000000
0.000000
0.000000
0.000000
0.000000
149.217545
0.000000
0.000000
0.000000
0.000000
93.938118
29.217913
0.000000
0.000000
0.000000
0.000000
15.426252
46.766399
0.000000
0.000000
0.000000
151.542007
11.281329
0.000000
0.000000
83.947441
117.826195
0.000000
0.000000
0.000000
83.605034
0.000000
0.509935
0.000000
62.745426
0.000000
8.620827
67.277420
0.000000
0.000000
0.000000
0.000000
0.000000
0.000000
0.000000
0.000000
0.000000
0.000000
0.000000
34.238499
0.000000
30.470057
17.218676
73.293633
0.000000
0.000000
153.385910
0.000000
0.000000
0.000000
0.000000
12.749326
0.000000
0.000000
0.000000
0.000000
0.000000
0.000000
0.000000
208.195084
0.000000
0.000000
0.000000
0.000000
61.215702
25.435005
0.000000
0.000000
0.000000
0.000000
0.000000
0.000000
0.000000
0.000000
19.969267
135.606735
52.548286
0.000000
0.000000
112.760345
65.842995
0.000000
0.000000
0.000000
39.253834
0.000000
0.000000
0.000000
54.376919
0.000000
42.019314
103.613747
0.000000
0.000000
0.000000
0.000000
0.000000
0.000000
0.000000
0.000000
0.000000
0.000000
0.000000
38.971462
0.000000
5.954324
19.364031
101.525597
0.000000
0.000000
96.036285
0.000000
0.000000
0.000000
0.000000
43.432537
0.000000
39.638065
0.000000
0.000000
0.000000
0.000000
0.000000
218.254837
0.000000
0.000000
0.000000
0.000000
36.038643
17.805540
0.000000
0.000000
0.000000
0.000000
0.000000
0.000000
0.000000
0.000000
0.000000
98.753342
67.090508
0.000000
0.000000
111.978386
55.360405
0.000000
0.000000
0.000000
15.208155
0.000000
0.000000
0.000000
54.858402
0.000000
65.752892
113.138779
0.000000
33.786774
0.000000
0.000000
0.000000
0.000000
0.000000
0.000000
0.000000
0.000000
0.000000
87.754654
0.000000
15.421998
52.908390
142.712494
0.000000
0.000000
68.132637
0.000000
0.000000
0.000000
0.000000
82.781715
0.000000
38.138855
0.000000
0.000000
0.000000
0.000000
0.000000
198.925323
0.000000
0.000000
0.000000
0.000000
3.724914
24.160463
0.000000
0.000000
0.000000
0.000000
0.000000
0.000000
0.000000
0.000000
0.000000
74.807693
72.593971
0.000000
0.000000
94.911606
85.358284
0.000000
0.000000
0.000000
0.000000
0.000000
0.000000
0.000000
34.936909
0.000000
44.123371
81.630554
0.000000
6.384160
0.000000
0.000000
0.000000
0.000000
0.000000
0.000000
0.000000
0.000000
0.000000
91.520073
0.000000
25.052071
62.958931
178.161545
0.000000
0.000000
68.647285
0.000000
0.000000
0.000000
0.000000
72.609543
0.000000
53.057800
0.000000
0.000000
0.000000
0.000000
0.000000
181.089401
0.000000
0.000000
0.000000
0.000000
9.308285
0.000000
0.000000
0.000000
0.000000
0.000000
0.000000
0.000000
0.000000
0.000000
0.000000
71.733894
71.744209
0.000000
0.000000
18.274275
70.270897
0.000000
0.000000
0.000000
0.000000
0.000000
0.000000
0.000000
0.000000
24.870087
0.000000
37.827671
0.000000
0.000000
0.000000
0.000000
0.000000
0.000000
0.000000
0.000000
0.000000
0.000000
0.000000
74.347046
0.000000
0.000000
47.993168
155.318558
0.000000
17.217274
35.861107
0.000000
0.000000
0.000000
0.000000
97.236748
0.000000
0.000000
0.000000
0.000000
0.000000
0.000000
0.000000
200.290039
0.000000
0.000000
0.000000
0.000000
95.386375
7.489615
0.000000
0.000000
0.000000
0.000000
0.000000
0.000000
0.000000
0.000000
0.000000
84.779213
0.000000
0.000000
0.000000
38.127571
104.793823
0.000000
0.000000
0.000000
0.000000
0.000000
0.000000
0.000000
0.000000
103.094200
0.000000
0.000000
0.000000
59.890537
98.247864
0.000000
0.000000
0.000000
0.000000
0.000000
0.000000
0.000000
0.000000
0.000000
0.000000
0.000000
45.071014
63.950531
5.397675
61.319229
0.000000
0.000000
0.000000
0.000000
0.000000
117.512253
0.000000
0.000000
0.000000
0.000000
0.000000
0.000000
0.000000
205.008408
0.000000
0.000000
0.000000
0.000000
159.561798
82.451996
0.000000
0.000000
0.000000
0.000000
0.000000
0.000000
0.000000
0.000000
0.000000
137.558731
0.000000
0.000000
0.000000
51.538452
187.565491
0.000000
0.000000
0.000000
0.000000
0.000000
161.843811
0.000000
39.472332
0.000000
13.940430
203.311157
0.000000
0.000000
0.000000
0.000000
0.000000
0.000000
0.000000
0.000000
0.000000
0.000000
0.000000
0.000000
0.000000
0.000000
0.000000
87.388161
0.000000
0.000000
94.140106
0.000000
0.000000
0.000000
0.000000
0.000000
0.000000
92.047546
0.000000
0.000000
0.000000
0.000000
0.000000
211.374344
0.000000
0.000000
0.000000
0.000000
0.000000
0.000000
0.000000
0.000000
0.000000
0.000000
0.000000
0.000000
0.000000
0.000000
0.000000
21.385721
10.463109
0.000000
0.000000
27.100086
52.783615
0.000000
0.000000
0.000000
80.823128
0.000000
0.000000
0.000000
3.525295
0.000000
4.155005
104.058807
0.000000
0.000000
0.000000
0.000000
0.000000
0.000000
0.000000
0.000000
0.000000
0.000000
0.000000
41.307770
0.000000
0.000000
0.000000
69.298294
0.000000
0.000000
44.335545
0.000000
0.000000
0.000000
0.000000
83.796715
0.000000
2.873435
0.000000
0.000000
0.000000
0.000000
0.000000
203.952026
0.000000
0.000000
0.000000
0.000000
37.629833
0.000000
0.000000
0.000000
0.000000
0.000000
0.000000
0.000000
0.000000
0.000000
0.000000
82.507614
18.949371
0.000000
0.000000
46.396763
72.445358
0.000000
0.000000
0.000000
0.000000
0.000000
0.000000
0.000000
14.277718
2.456111
13.085927
92.206917
0.000000
22.528090
0.000000
0.000000
0.000000
0.000000
0.000000
0.000000
0.000000
0.000000
0.000000
52.385033
0.000000
0.000000
0.000000
81.698334
0.000000
0.000000
68.166870
0.000000
0.000000
0.000000
0.000000
105.830826
0.000000
0.000000
0.000000
0.000000
0.000000
0.000000
0.000000
195.186478
0.000000
0.000000
0.000000
0.000000
52.657398
0.000000
0.000000
0.000000
0.000000
0.000000
0.000000
2.550540
0.000000
0.000000
0.000000
101.018303
39.808445
0.000000
0.000000
56.519100
93.649719
0.000000
0.000000
0.000000
0.000000
0.000000
0.000000
0.000000
55.387123
0.000000
38.425385
121.409836
0.000000
0.000000
0.000000
0.000000
0.000000
0.000000
0.000000
0.000000
0.000000
0.000000
0.000000
32.287880
0.000000
0.000000
0.000000
24.753534
0.000000
0.000000
111.037781
0.000000
0.000000
0.000000
0.000000
53.099239
0.000000
0.000000
0.000000
0.000000
0.000000
0.000000
0.000000
195.184372
0.000000
0.000000
0.000000
0.000000
50.106327
0.000000
0.000000
0.000000
0.000000
0.000000
0.000000
14.006211
0.000000
0.000000
0.000000
109.027176
27.374411
0.000000
0.000000
105.839401
90.292458
0.000000
0.000000
0.000000
44.648525
0.000000
9.511597
0.000000
78.416321
0.000000
28.073795
100.568573
0.000000
0.000000
0.000000
0.000000
0.000000
0.000000
0.000000
0.000000
0.000000
0.000000
0.000000
65.837067
0.000000
22.899105
13.234492
83.452202
0.000000
0.000000
146.978134
0.000000
0.000000
0.000000
0.000000
23.771671
0.000000
0.000000
0.000000
0.000000
0.000000
0.000000
0.000000
226.569092
0.000000
0.000000
0.000000
0.000000
29.732885
12.757876
0.000000
0.000000
0.000000
0.000000
0.000000
0.000000
0.000000
0.000000
0.000000
86.872589
58.409397
0.000000
0.000000
104.609184
47.615406
0.000000
0.000000
0.000000
45.318459
0.000000
2.892556
0.000000
51.617485
0.000000
46.668530
124.379913
0.000000
0.000000
0.000000
0.000000
0.000000
0.000000
0.000000
0.000000
0.000000
0.000000
0.000000
47.733696
0.000000
30.191851
2.077959
122.190201
0.000000
0.000000
102.109261
0.000000
0.000000
0.000000
0.000000
54.177025
0.000000
57.632782
0.000000
0.000000
0.000000
0.000000
0.000000
212.059921
0.000000
0.000000
0.000000
0.000000
19.175486
0.000000
0.000000
0.000000
0.000000
0.000000
0.000000
0.000000
0.000000
0.000000
0.000000
74.448769
66.644432
0.000000
0.000000
76.764915
60.930119
0.000000
0.000000
0.000000
24.190308
0.000000
0.000000
0.000000
40.778305
0.000000
65.927109
92.687187
0.000000
9.519829
0.000000
0.000000
0.000000
0.000000
0.000000
0.000000
0.000000
0.000000
0.000000
106.855881
0.000000
35.969498
64.943893
141.634537
0.000000
0.000000
61.517174
0.000000
0.000000
0.000000
0.000000
96.645187
0.000000
64.015785
0.000000
0.000000
0.000000
0.000000
0.000000
165.738327
0.000000
0.000000
0.000000
0.000000
6.290620
0.000000
0.000000
0.000000
0.000000
0.000000
0.000000
0.000000
0.000000
0.000000
0.000000
87.171478
45.088074
0.000000
0.000000
57.279110
84.812767
0.000000
0.000000
0.000000
0.000000
0.000000
0.000000
0.000000
18.292734
0.000000
48.136600
53.250851
0.000000
0.000000
0.000000
0.000000
0.000000
0.000000
0.000000
0.000000
0.000000
0.000000
0.000000
115.757278
0.000000
0.000000
48.275105
176.421555
0.000000
0.000000
65.463707
0.000000
0.000000
0.000000
0.000000
101.669418
0.000000
81.094864
0.000000
0.000000
0.000000
0.000000
0.000000
176.556335
0.000000
0.000000
0.000000
0.000000
12.687792
0.000000
0.000000
0.000000
0.000000
0.000000
0.000000
0.000000
0.000000
0.000000
0.000000
86.700874
32.947819
0.000000
0.000000
11.883876
95.407013
0.000000
0.000000
0.000000
0.000000
0.000000
0.000000
0.000000
0.000000
0.000000
0.000000
0.000000
0.000000
0.000000
0.000000
0.000000
0.000000
0.000000
0.000000
0.000000
0.000000
0.000000
0.000000
119.557198
0.000000
0.000000
34.200035
106.852707
0.000000
11.498948
60.272678
0.000000
0.000000
0.000000
0.000000
124.885910
0.000000
41.784691
0.000000
0.000000
0.000000
0.000000
0.000000
174.972458
0.000000
0.000000
0.000000
0.000000
116.492157
26.427286
0.000000
0.000000
0.000000
0.000000
0.000000
0.000000
0.000000
0.000000
0.000000
122.872459
0.000000
0.000000
0.000000
15.516160
146.624512
0.000000
0.000000
0.000000
0.000000
0.000000
0.000000
0.000000
0.000000
82.218201
2.708986
0.000000
0.000000
70.976768
46.855240
0.000000
0.000000
0.000000
0.000000
0.000000
0.000000
0.000000
0.000000
0.000000
0.000000
0.000000
27.396948
36.351326
17.113525
0.000000
9.937984
0.000000
0.000000
0.000000
0.000000
141.321930
0.000000
0.000000
0.000000
0.000000
0.000000
0.000000
0.000000
151.568817
0.000000
0.000000
0.000000
0.000000
180.494629
73.494827
0.000000
0.000000
0.000000
0.000000
0.000000
0.000000
0.000000
0.000000
0.000000
128.069183
0.000000
0.000000
0.000000
47.777882
198.134857
0.000000
0.000000
0.000000
0.000000
0.000000
136.515411
0.000000
44.541546
0.000000
0.000000
166.040115
0.000000
0.000000
0.000000
0.000000
0.000000
0.000000
0.000000
0.000000
0.000000
0.000000
0.000000
6.223386
0.000000
7.717154
0.000000
71.327156
0.000000
0.000000
112.222672
0.000000
0.000000
0.000000
0.000000
0.000000
0.000000
26.681200
0.000000
0.000000
0.000000
0.000000
0.000000
184.740219
0.000000
0.000000
0.000000
0.000000
0.000000
0.000000
0.000000
0.000000
0.000000
0.000000
0.000000
0.000000
0.000000
0.000000
0.000000
46.239189
22.493923
0.000000
0.000000
27.014757
7.162977
0.000000
0.000000
0.000000
66.597603
0.000000
0.000000
0.000000
19.789122
0.000000
0.299065
102.131760
0.000000
0.000000
0.000000
0.000000
0.000000
0.000000
0.000000
0.000000
0.000000
0.000000
0.000000
34.459610
0.000000
0.000000
0.000000
98.278740
0.000000
0.000000
70.055672
0.000000
0.000000
0.000000
0.000000
78.624779
0.000000
0.000000
0.000000
0.000000
0.000000
0.000000
0.000000
212.752823
0.000000
0.000000
0.000000
0.000000
14.846591
0.000000
0.000000
0.000000
0.000000
0.000000
0.000000
0.000000
0.000000
0.000000
0.000000
91.323784
49.416378
0.000000
0.000000
45.855968
41.587120
0.000000
0.000000
0.000000
0.000000
0.000000
0.000000
0.000000
25.825184
6.765852
0.661115
64.534813
0.000000
21.563793
0.000000
0.000000
0.000000
0.000000
0.000000
0.000000
0.000000
0.000000
0.000000
49.029404
0.000000
0.000000
0.000000
96.933403
0.000000
0.000000
70.712090
0.000000
0.000000
0.000000
0.000000
134.017532
0.000000
0.000000
0.000000
0.000000
0.000000
0.000000
0.000000
189.500839
0.000000
0.000000
0.000000
0.000000
58.052994
0.000000
0.000000
0.000000
0.000000
0.000000
0.000000
0.000000
0.000000
0.000000
0.000000
94.203720
70.766876
0.000000
0.000000
57.400875
52.656273
0.000000
0.000000
0.000000
0.000000
0.000000
0.000000
0.000000
68.169823
5.877027
30.503202
131.731277
0.000000
11.231936
0.000000
0.000000
0.000000
0.000000
0.000000
0.000000
0.000000
0.000000
0.000000
7.327451
0.000000
0.000000
0.000000
35.769913
0.000000
0.000000
66.609665
0.000000
0.000000
0.000000
0.000000
101.772034
0.000000
0.000000
0.000000
0.000000
0.000000
0.000000
0.000000
194.322510
0.000000
0.000000
0.000000
0.000000
63.609894
0.000000
0.000000
0.000000
0.000000
0.000000
0.000000
26.333906
0.000000
0.000000
0.000000
69.991951
70.132706
0.000000
0.000000
129.769043
65.373512
0.000000
0.000000
0.000000
32.528763
0.000000
11.700979
0.000000
110.592033
0.000000
20.980881
114.147186
0.000000
0.000000
0.000000
0.000000
0.000000
0.000000
0.000000
0.000000
0.000000
0.000000
0.000000
50.954647
0.000000
19.765610
0.000000
56.494919
0.000000
0.000000
55.270943
0.000000
0.000000
0.000000
0.000000
8.617867
0.000000
0.000000
0.000000
0.000000
0.000000
0.000000
0.000000
208.274902
0.000000
0.000000
0.000000
0.000000
0.000000
7.453115
0.000000
0.000000
0.000000
0.000000
0.000000
0.000000
0.000000
0.000000
0.000000
64.300652
102.900665
0.000000
0.000000
135.034027
42.630356
0.000000
0.000000
0.000000
8.309748
0.000000
37.599461
0.000000
87.780296
0.000000
18.721651
133.164856
0.000000
0.000000
0.000000
0.000000
0.000000
0.000000
0.000000
0.000000
0.000000
0.000000
0.000000
54.809868
0.000000
26.055580
0.000000
117.501419
0.000000
0.000000
48.192379
0.000000
0.000000
0.000000
0.000000
0.000000
0.000000
3.111927
0.000000
0.000000
0.000000
0.000000
0.000000
181.117722
0.000000
0.000000
0.000000
0.000000
0.000000
0.000000
0.000000
0.000000
0.000000
0.000000
0.000000
0.000000
0.000000
0.000000
0.000000
81.501427
104.941063
0.000000
0.000000
86.018486
35.926426
0.000000
0.000000
0.000000
13.150492
0.000000
0.000000
0.000000
44.418282
0.000000
31.661093
59.109013
0.000000
0.000000
0.000000
0.000000
0.000000
0.000000
0.000000
0.000000
0.000000
0.000000
0.000000
140.151688
0.000000
36.261208
47.838726
138.363388
0.000000
0.000000
46.330563
0.000000
0.000000
0.000000
0.000000
26.619907
0.000000
29.655975
0.000000
0.000000
0.000000
0.000000
0.000000
140.462784
0.000000
0.000000
0.000000
0.000000
0.000000
0.000000
0.000000
0.000000
0.000000
0.000000
0.000000
0.000000
0.000000
0.000000
0.000000
121.411285
78.993355
0.000000
0.000000
49.320576
70.645180
0.000000
0.000000
0.000000
0.000000
0.000000
0.000000
0.000000
11.417881
0.000000
20.765678
12.625799
0.000000
0.000000
0.000000
0.000000
0.000000
0.000000
0.000000
0.000000
0.000000
0.000000
0.000000
170.527008
0.000000
8.782636
65.773842
153.449829
0.000000
0.000000
82.374069
0.000000
0.000000
0.000000
0.000000
72.766090
0.000000
76.072899
0.000000
0.000000
0.000000
0.000000
0.000000
164.376984
0.000000
0.000000
0.000000
0.000000
0.000000
0.000000
0.000000
0.000000
0.000000
0.000000
0.000000
0.000000
0.000000
0.000000
0.000000
143.139450
36.484509
0.000000
0.000000
36.307796
113.011169
0.000000
0.000000
0.000000
0.000000
0.000000
0.000000
0.000000
0.000000
0.000000
0.241324
0.000000
0.000000
0.000000
0.000000
0.000000
0.000000
0.000000
0.000000
0.000000
0.000000
0.000000
0.000000
144.588348
0.000000
0.000000
7.078536
87.220093
0.000000
14.490821
70.944229
0.000000
0.000000
0.000000
0.000000
135.455078
0.000000
56.182549
0.000000
0.000000
0.000000
0.000000
0.000000
169.103775
0.000000
0.000000
0.000000
0.000000
92.068230
22.170202
0.000000
0.000000
0.000000
0.000000
0.000000
0.000000
0.000000
0.000000
0.000000
147.634155
0.000000
0.000000
0.000000
37.477760
152.104736
0.000000
0.000000
0.000000
0.000000
0.000000
0.000000
35.388630
0.000000
68.931999
18.733042
0.000000
0.000000
43.442741
0.000000
0.000000
0.000000
0.000000
0.000000
0.000000
0.000000
0.000000
0.000000
13.724787
0.000000
0.000000
0.000000
33.635422
42.827065
0.000000
28.935907
0.000000
0.000000
0.000000
0.000000
151.061493
0.000000
0.000000
0.000000
0.000000
0.000000
0.000000
0.000000
115.316269
0.000000
0.000000
0.000000
0.000000
133.871185
45.352036
0.000000
0.000000
0.000000
0.000000
0.000000
0.000000
0.000000
0.000000
0.000000
121.308556
0.000000
0.000000
0.000000
40.217545
191.822525
0.000000
0.000000
0.000000
0.000000
