0.000000
47.873432
0.000000
98.514267
33.674343
13.500773
117.860199
0.000000
39.648823
0.000000
0.000000
0.000000
0.000000
0.000000
0.000000
0.000000
0.000000
0.000000
0.000000
0.000000
83.953087
0.491407
204.089279
0.000000
0.000000
0.000000
0.000000
0.000000
0.000000
0.000000
18.414848
0.000000
29.303402
0.000000
0.000000
0.000000
0.000000
0.000000
229.978699
0.000000
0.000000
0.000000
0.000000
0.000000
0.000000
0.000000
0.000000
0.000000
0.000000
0.000000
0.000000
0.000000
0.000000
0.000000
0.000000
165.035309
0.000000
0.000000
60.650024
0.000000
0.000000
0.000000
0.000000
0.000000
0.000000
24.699690
0.000000
58.141262
60.132755
27.260181
136.585403
0.000000
72.133446
0.000000
0.000000
0.000000
0.000000
0.000000
0.000000
0.000000
0.000000
0.000000
0.000000
0.000000
54.468639
0.000000
201.114975
0.000000
0.000000
0.000000
0.000000
0.000000
0.000000
0.000000
109.402817
0.000000
1.551813
0.000000
0.000000
0.000000
0.000000
0.000000
229.823517
0.000000
0.000000
0.000000
0.000000
0.000000
0.000000
0.000000
0.000000
0.000000
0.000000
0.000000
0.000000
0.000000
0.000000
0.000000
0.000000
178.613678
0.000000
0.000000
13.086957
0.000000
0.000000
0.000000
0.000000
0.000000
0.000000
0.000000
0.000000
37.269375
121.894913
28.811995
115.506615
0.000000
102.005844
2.793263
0.000000
0.000000
0.000000
0.000000
0.000000
0.000000
0.000000
0.000000
0.000000
0.000000
61.788021
0.000000
172.018478
0.000000
0.000000
0.000000
0.000000
0.000000
0.000000
0.000000
163.845596
0.000000
0.000000
0.000000
0.000000
0.000000
0.000000
0.000000
232.461594
0.000000
0.000000
0.000000
0.000000
4.810620
0.000000
0.000000
0.000000
0.000000
0.000000
0.000000
0.000000
0.000000
0.000000
0.000000
0.000000
185.415787
0.000000
0.000000
0.000000
0.000000
0.000000
0.000000
0.000000
0.000000
0.000000
7.293521
0.000000
50.485649
127.300400
29.251677
137.749268
0.000000
110.592545
4.474394
0.000000
0.000000
0.000000
0.000000
0.000000
0.000000
0.000000
0.000000
0.000000
0.000000
73.219711
0.000000
151.094864
0.000000
0.000000
0.000000
0.000000
0.000000
0.000000
0.000000
134.723236
0.000000
0.000000
0.000000
0.000000
0.000000
0.000000
0.000000
250.695389
0.000000
0.000000
0.000000
0.000000
0.000000
0.000000
0.000000
0.000000
0.000000
0.000000
0.000000
0.000000
0.000000
0.000000
0.000000
0.000000
207.658447
0.000000
0.000000
0.000000
0.000000
0.000000
0.000000
0.000000
0.000000
0.000000
39.855732
0.000000
84.496223
109.221771
21.001204
150.784500
0.000000
100.169533
9.828149
0.000000
0.000000
0.000000
0.000000
0.000000
0.000000
0.000000
0.000000
0.000000
0.000000
90.625885
1.655267
158.672882
0.000000
0.000000
0.000000
0.000000
0.000000
0.000000
0.000000
70.633354
0.000000
0.000000
0.000000
0.000000
0.000000
0.000000
0.000000
271.101746
0.000000
0.000000
0.000000
0.000000
0.000000
0.000000
0.000000
0.000000
0.000000
0.000000
0.000000
0.000000
0.000000
0.000000
0.000000
0.000000
225.685349
0.000000
0.000000
17.121670
0.000000
0.000000
0.000000
0.000000
0.000000
0.000000
24.958326
0.000000
93.108780
102.135162
32.510483
138.111359
0.000000
107.592369
6.310706
0.000000
0.000000
0.000000
0.000000
0.000000
0.000000
0.000000
0.000000
0.000000
0.000000
84.935898
0.000000
173.078888
0.000000
0.000000
0.000000
0.000000
0.000000
0.000000
0.000000
72.805893
0.000000
0.000000
0.000000
0.000000
0.000000
0.000000
0.000000
263.032318
0.000000
0.000000
0.000000
0.000000
0.000000
0.000000
0.000000
0.000000
0.000000
0.000000
0.000000
0.000000
0.000000
0.000000
0.000000
0.000000
210.943115
0.000000
0.000000
20.613251
0.000000
0.000000
0.000000
0.000000
0.000000
0.000000
0.000000
0.000000
57.339493
99.212578
19.682161
97.996994
0.000000
121.429367
0.000000
0.000000
0.000000
0.000000
0.000000
0.000000
0.000000
0.000000
0.000000
0.000000
0.000000
64.038155
0.000000
198.942429
0.000000
0.000000
0.000000
0.000000
0.000000
0.000000
0.000000
102.548981
0.000000
0.000000
0.000000
0.000000
0.000000
0.000000
0.000000
250.695389
0.000000
0.000000
0.000000
0.000000
41.304089
0.000000
0.000000
0.000000
0.000000
0.000000
0.000000
0.000000
0.000000
0.000000
0.000000
0.000000
191.442001
0.000000
0.000000
13.371455
0.000000
0.000000
0.000000
0.000000
0.000000
0.000000
0.000000
0.000000
22.682333
84.806580
32.976028
84.418633
0.000000
123.938133
0.000000
0.000000
0.000000
0.000000
0.000000
0.000000
0.000000
0.000000
0.000000
0.000000
0.000000
56.822220
0.000000
146.827377
0.000000
0.000000
0.000000
0.000000
0.000000
0.000000
0.000000
118.817154
0.000000
0.000000
0.000000
0.000000
0.000000
0.000000
0.000000
235.668671
0.000000
0.000000
0.000000
0.000000
63.055336
0.000000
0.000000
0.000000
0.000000
0.000000
0.000000
0.000000
0.000000
0.000000
0.000000
0.000000
168.164810
0.000000
0.000000
8.121155
6.000344
0.000000
0.000000
0.000000
0.000000
0.000000
0.000000
0.000000
69.236725
96.057228
14.069772
80.228737
0.000000
95.410637
0.000000
0.000000
0.000000
0.000000
0.000000
0.000000
0.000000
0.000000
0.000000
0.000000
0.000000
28.656815
0.000000
129.291885
0.000000
0.000000
6.543478
0.000000
0.000000
0.000000
0.000000
108.238960
0.000000
0.000000
0.000000
0.000000
0.000000
0.000000
0.000000
253.359344
0.000000
0.000000
0.000000
0.000000
79.633873
0.000000
0.000000
0.000000
0.000000
0.000000
0.000000
0.000000
0.000000
0.000000
0.000000
0.000000
175.846283
0.000000
0.000000
42.286903
0.000000
0.000000
0.000000
0.000000
0.000000
0.000000
0.000000
0.000000
91.039696
135.706055
0.000000
63.262245
0.000000
77.797562
0.000000
0.000000
0.000000
0.000000
0.000000
0.000000
0.000000
0.000000
0.000000
12.905911
0.000000
0.000000
0.000000
143.775482
0.000000
0.000000
0.000000
0.000000
0.000000
0.000000
0.000000
85.556625
0.000000
0.000000
0.000000
0.000000
0.000000
0.000000
0.000000
268.980927
0.000000
0.000000
0.000000
0.000000
125.050270
9.724695
0.000000
0.000000
0.000000
0.000000
0.000000
0.000000
0.000000
0.000000
0.000000
0.000000
109.790771
0.000000
0.000000
121.972504
0.000000
0.000000
0.000000
0.000000
0.000000
0.000000
38.148739
0.000000
73.685257
0.000000
44.407715
41.821362
0.000000
0.000000
0.000000
0.000000
0.000000
0.000000
0.000000
0.000000
0.000000
0.000000
0.000000
75.004295
0.000000
100.945435
45.804348
154.301941
0.000000
0.000000
85.297989
0.000000
0.000000
0.000000
0.000000
3.724351
0.000000
53.770321
0.000000
0.000000
0.000000
0.000000
0.000000
193.071411
0.000000
0.000000
0.000000
0.000000
0.000000
0.000000
0.000000
0.000000
0.000000
0.000000
0.000000
0.000000
0.000000
0.000000
0.000000
95.876183
89.772385
0.000000
0.000000
29.665493
53.589275
0.000000
0.000000
0.000000
0.000000
0.000000
0.000000
0.000000
38.484962
0.000000
41.614452
22.371971
0.000000
0.000000
0.000000
0.000000
0.000000
0.000000
0.000000
0.000000
0.000000
0.000000
0.000000
96.755547
0.000000
70.478172
29.820673
182.596664
0.000000
0.000000
81.030502
0.000000
0.000000
0.000000
0.000000
56.951538
0.000000
31.708714
0.000000
0.000000
0.000000
0.000000
0.000000
186.657242
0.000000
0.000000
0.000000
0.000000
0.000000
0.000000
0.000000
0.000000
0.000000
0.000000
0.000000
0.000000
0.000000
0.000000
0.000000
121.506958
110.695999
0.000000
0.000000
0.000000
83.461678
0.000000
0.000000
0.000000
0.000000
0.000000
0.000000
0.000000
45.493984
0.000000
13.992181
9.698832
0.000000
0.000000
0.000000
0.000000
0.000000
0.000000
0.000000
0.000000
0.000000
0.000000
0.000000
99.290169
0.000000
90.160339
40.579910
166.354355
0.000000
0.000000
48.726929
0.000000
0.000000
0.000000
0.000000
79.090736
0.000000
0.000000
0.000000
0.000000
0.000000
0.000000
0.000000
214.641602
0.000000
0.000000
0.000000
0.000000
0.000000
0.000000
0.000000
0.000000
0.000000
0.000000
0.000000
0.000000
0.000000
0.000000
0.000000
137.490631
111.963310
0.000000
0.000000
0.000000
77.564789
0.000000
0.000000
0.000000
0.000000
0.000000
0.000000
0.000000
61.736294
0.000000
1.655267
6.440024
0.000000
14.483588
0.000000
0.000000
0.000000
0.000000
0.000000
0.000000
0.000000
0.000000
0.000000
88.841293
0.000000
110.670135
43.502491
155.827896
0.000000
0.000000
46.114712
0.000000
0.000000
0.000000
0.000000
69.624680
0.000000
0.000000
0.000000
0.000000
0.000000
0.000000
0.000000
232.461594
0.000000
0.000000
0.000000
0.000000
0.000000
0.000000
0.000000
0.000000
0.000000
0.000000
0.000000
0.000000
0.000000
0.000000
20.820158
118.248154
127.481438
0.000000
0.000000
0.000000
44.769806
0.000000
0.000000
0.000000
0.000000
0.000000
0.000000
0.000000
61.374207
0.000000
0.000000
0.000000
0.000000
0.724179
0.000000
0.000000
0.000000
0.000000
0.000000
0.000000
0.000000
0.000000
0.000000
100.686806
0.000000
137.723404
28.372314
146.284241
0.000000
0.000000
71.693764
0.000000
0.000000
0.000000
0.000000
47.563068
0.000000
0.000000
0.000000
0.000000
0.000000
0.000000
0.000000
247.669357
0.000000
0.000000
0.000000
0.000000
0.000000
0.000000
0.000000
0.000000
0.000000
0.000000
0.000000
0.000000
0.000000
0.000000
46.450935
129.912613
132.654144
0.000000
0.000000
0.000000
29.148222
0.000000
0.000000
0.000000
0.000000
0.000000
0.000000
0.000000
67.788368
0.000000
16.138855
0.000000
0.000000
0.000000
0.000000
0.000000
0.000000
0.000000
0.000000
0.000000
0.000000
0.000000
0.000000
123.498451
0.000000
119.334419
22.785788
133.818008
0.000000
0.000000
92.927734
0.000000
0.000000
0.000000
0.000000
55.658360
0.000000
0.000000
0.000000
0.000000
0.000000
0.000000
0.000000
252.997253
0.000000
0.000000
0.000000
0.000000
0.000000
0.000000
0.000000
0.000000
0.000000
0.000000
0.000000
0.000000
0.000000
0.000000
24.544510
169.095886
101.850662
0.000000
0.000000
0.000000
57.753307
0.000000
0.000000
0.000000
0.000000
0.000000
0.000000
0.000000
49.683880
0.000000
23.509968
0.000000
0.000000
0.000000
0.000000
0.000000
0.000000
0.000000
0.000000
0.000000
0.000000
0.000000
0.000000
158.155609
0.000000
89.022339
26.432549
145.534195
0.000000
0.000000
91.220741
0.000000
0.000000
0.000000
0.000000
101.023026
0.000000
46.994072
0.000000
0.000000
0.000000
0.000000
0.000000
248.445267
0.000000
0.000000
0.000000
0.000000
0.000000
0.000000
0.000000
0.000000
0.000000
0.000000
0.000000
0.000000
0.000000
0.000000
11.405826
186.062378
77.487198
0.000000
0.000000
0.000000
91.479378
0.000000
0.000000
0.000000
0.000000
0.000000
0.000000
0.000000
27.079138
0.000000
42.855904
0.000000
0.000000
29.432720
0.000000
0.000000
0.000000
0.000000
0.000000
0.000000
0.000000
0.000000
0.000000
155.491669
0.000000
61.581116
2.275992
138.137222
0.000000
0.000000
77.176834
0.000000
0.000000
0.000000
0.000000
114.032394
0.000000
37.165924
0.000000
0.000000
0.000000
0.000000
0.000000
250.410904
0.000000
0.000000
0.000000
0.000000
14.483588
0.000000
0.000000
0.000000
0.000000
0.000000
0.000000
0.000000
0.000000
0.000000
6.543478
166.018127
54.830727
0.000000
0.000000
0.000000
95.229591
0.000000
0.000000
0.000000
0.000000
0.000000
0.000000
0.000000
53.356506
1.344905
9.388469
0.000000
0.000000
0.000000
0.000000
0.000000
0.000000
0.000000
0.000000
0.000000
0.000000
0.000000
0.000000
130.766113
0.000000
24.673828
8.353927
113.825485
0.000000
0.000000
115.816978
0.000000
0.000000
0.000000
0.000000
119.955147
0.000000
0.000000
0.000000
0.000000
0.000000
0.000000
0.000000
263.834076
0.000000
0.000000
0.000000
0.000000
94.039871
0.000000
0.000000
0.000000
0.000000
0.000000
0.000000
0.000000
0.000000
0.000000
0.000000
119.955147
50.899467
0.000000
0.000000
29.846537
68.305634
0.000000
0.000000
0.000000
0.000000
0.000000
0.000000
0.000000
31.682850
57.080856
0.000000
0.000000
0.000000
3.595034
0.000000
0.000000
0.000000
0.000000
0.000000
0.000000
0.000000
0.000000
0.000000
76.400925
0.000000
0.000000
27.803316
79.375237
0.000000
51.675373
77.564789
0.000000
0.000000
0.000000
0.000000
116.541161
0.000000
0.000000
0.000000
0.000000
0.000000
0.000000
0.000000
242.056976
0.000000
0.000000
0.000000
0.000000
168.811401
55.166954
0.000000
0.000000
0.000000
0.000000
0.000000
0.000000
0.000000
0.000000
0.000000
102.290344
0.000000
0.000000
0.000000
85.091080
66.469322
0.000000
0.000000
0.000000
0.000000
0.000000
84.728989
0.000000
67.348686
0.000000
32.019077
118.041245
0.000000
0.000000
0.000000
0.000000
0.000000
0.000000
0.000000
0.000000
0.000000
0.000000
0.000000
45.002579
0.000000
0.000000
0.000000
90.858650
0.000000
0.000000
100.531624
0.000000
0.000000
0.000000
0.000000
12.983502
0.000000
71.047173
0.000000
0.000000
0.000000
0.000000
0.000000
203.132324
0.000000
0.000000
0.000000
0.000000
0.000000
0.000000
0.000000
0.000000
0.000000
0.000000
0.000000
0.000000
0.000000
0.000000
0.000000
103.350746
31.294897
0.000000
0.000000
24.906599
95.177864
0.000000
0.000000
0.000000
0.000000
0.000000
0.956951
0.000000
12.026551
0.000000
40.347137
87.987801
0.000000
0.000000
0.000000
0.000000
0.000000
0.000000
0.000000
0.000000
0.000000
0.000000
0.000000
71.538582
0.000000
0.000000
45.442257
74.719795
0.000000
0.000000
121.558685
0.000000
0.000000
0.000000
0.000000
71.538582
0.000000
63.365700
0.000000
0.000000
0.000000
0.000000
0.000000
177.061874
0.000000
0.000000
0.000000
0.000000
0.000000
0.000000
0.000000
0.000000
0.000000
0.000000
0.000000
0.000000
0.000000
0.000000
5.612391
140.283905
16.837172
0.000000
0.000000
19.216618
128.903931
0.000000
0.000000
0.000000
0.000000
0.000000
0.000000
0.000000
26.536003
0.000000
40.424728
72.314484
0.000000
0.000000
0.000000
0.000000
0.000000
0.000000
0.000000
0.000000
0.000000
0.000000
0.000000
90.134476
0.000000
0.000000
73.581802
79.763191
0.000000
0.000000
69.184998
0.000000
0.000000
0.000000
0.000000
95.565819
0.000000
70.297127
0.000000
0.000000
0.000000
0.000000
0.000000
201.451202
0.000000
0.000000
0.000000
0.000000
0.000000
0.000000
0.000000
0.000000
0.000000
0.000000
0.000000
0.000000
0.000000
0.000000
55.503181
173.027161
0.000000
0.000000
0.000000
87.211891
113.825485
0.000000
0.000000
0.000000
0.000000
0.000000
0.000000
0.000000
61.529388
0.000000
3.207080
47.252708
0.000000
0.000000
0.000000
0.000000
0.000000
0.000000
0.000000
0.000000
0.000000
0.000000
0.000000
126.343445
0.000000
0.000000
38.562553
126.265854
0.000000
0.000000
59.356850
0.000000
0.000000
0.000000
0.000000
66.158966
0.000000
55.942860
0.000000
0.000000
0.000000
0.000000
0.000000
236.160080
0.000000
0.000000
0.000000
0.000000
0.000000
0.000000
0.000000
0.000000
0.000000
0.000000
0.000000
0.000000
0.000000
0.000000
39.648823
163.845596
2.767400
0.000000
0.000000
74.874977
70.607491
0.000000
0.000000
0.000000
0.000000
0.000000
0.000000
0.000000
55.296272
0.000000
0.000000
22.346107
0.000000
0.000000
0.000000
0.000000
0.000000
0.000000
0.000000
0.000000
0.000000
0.000000
0.000000
97.790085
0.000000
0.000000
1.603540
89.125793
0.000000
0.000000
73.219711
0.000000
0.000000
0.000000
0.000000
116.903252
0.000000
35.976200
0.000000
0.000000
0.000000
0.000000
0.000000
254.186981
0.000000
0.000000
0.000000
0.000000
48.313114
0.000000
0.000000
0.000000
0.000000
0.000000
0.000000
0.000000
0.000000
0.000000
27.803316
174.527237
1.370768
0.000000
0.000000
41.847225
71.409264
0.000000
0.000000
0.000000
0.000000
0.000000
0.000000
0.000000
66.960732
0.000000
0.000000
41.485134
0.000000
0.000000
0.000000
0.000000
0.000000
0.000000
0.000000
0.000000
0.000000
0.000000
0.000000
129.498795
0.000000
0.000000
13.423182
80.668411
0.000000
0.000000
106.247467
0.000000
0.000000
0.000000
0.000000
120.006874
0.000000
42.933495
0.000000
0.000000
0.000000
0.000000
0.000000
258.273407
0.000000
0.000000
0.000000
0.000000
60.675888
0.000000
0.000000
0.000000
0.000000
0.000000
0.000000
0.000000
0.000000
0.000000
0.000000
183.346710
0.000000
0.000000
0.000000
39.778141
115.118660
0.000000
0.000000
0.000000
0.000000
0.000000
0.000000
0.000000
77.047516
0.000000
6.983159
66.055511
0.000000
0.000000
0.000000
0.000000
0.000000
0.000000
0.000000
0.000000
0.000000
0.000000
0.000000
115.403160
0.000000
0.000000
10.888555
68.512543
0.000000
0.000000
122.179413
0.000000
0.000000
0.000000
0.000000
105.678467
0.000000
104.643929
0.000000
0.000000
0.000000
0.000000
0.000000
255.531876
0.000000
0.000000
0.000000
0.000000
72.055855
0.000000
0.000000
0.000000
0.000000
0.000000
0.000000
0.000000
0.000000
0.000000
0.000000
178.949905
0.000000
0.000000
0.000000
58.710258
114.420349
0.000000
0.000000
0.000000
0.000000
0.000000
0.000000
0.000000
58.270580
0.000000
46.606117
63.469154
0.000000
0.000000
0.000000
0.000000
0.000000
0.000000
0.000000
0.000000
0.000000
0.000000
0.000000
84.134132
0.000000
0.000000
13.552501
79.789055
0.000000
0.000000
84.263451
0.000000
0.000000
0.000000
0.000000
124.817497
0.000000
103.428337
0.000000
0.000000
0.000000
0.000000
0.000000
233.547867
0.000000
0.000000
0.000000
0.000000
89.410294
0.000000
0.000000
0.000000
0.000000
0.000000
0.000000
0.000000
0.000000
0.000000
0.000000
171.009796
0.000000
0.000000
0.000000
90.755196
130.766113
0.000000
0.000000
0.000000
0.000000
0.000000
0.000000
0.000000
43.011086
0.000000
1.422495
39.907459
0.000000
0.000000
0.000000
0.000000
0.000000
0.000000
0.000000
0.000000
0.000000
0.000000
0.000000
93.238098
0.000000
0.000000
40.476456
66.753822
0.000000
0.000000
79.090736
0.000000
0.000000
0.000000
0.000000
109.971817
0.000000
20.897749
0.000000
0.000000
0.000000
0.000000
0.000000
257.316467
0.000000
0.000000
0.000000
0.000000
155.827896
0.000000
0.000000
0.000000
0.000000
0.000000
0.000000
0.000000
0.000000
0.000000
0.000000
151.069000
0.000000
0.000000
0.000000
95.772728
103.919746
0.000000
0.000000
0.000000
0.000000
0.000000
0.000000
0.000000
41.304089
50.977058
0.000000
35.070976
0.000000
0.000000
0.000000
0.000000
0.000000
0.000000
0.000000
0.000000
0.000000
0.000000
0.000000
61.865612
0.000000
0.000000
35.070976
30.881079
0.000000
41.614452
13.035230
0.000000
0.000000
0.000000
0.000000
93.393280
0.000000
0.000000
0.000000
0.000000
0.000000
0.000000
0.000000
245.160599
0.000000
0.000000
0.000000
0.000000
185.777878
67.141777
0.000000
0.000000
0.000000
0.000000
0.000000
0.000000
0.000000
0.000000
0.000000
142.223663
0.000000
0.000000
0.000000
119.437874
116.385979
0.000000
0.000000
0.000000
0.000000
0.000000
51.080513
0.000000
52.218510
0.000000
38.769463
68.098732
0.000000
0.000000
0.000000
0.000000
0.000000
0.000000
0.000000
0.000000
0.000000
0.000000
0.000000
1.396632
0.000000
0.000000
28.010225
5.586527
0.000000
0.000000
201.942596
0.000000
0.000000
0.000000
0.000000
20.277023
0.000000
26.251503
0.000000
0.000000
0.000000
0.000000
0.000000
157.146927
0.000000
0.000000
0.000000
0.000000
73.349030
24.958326
0.000000
0.000000
0.000000
0.000000
0.000000
0.000000
0.000000
0.000000
0.000000
190.485046
0.000000
0.000000
0.000000
35.743427
137.516495
0.000000
0.000000
0.000000
127.972847
0.000000
0.000000
0.000000
59.330986
0.000000
85.323853
35.691700
0.000000
0.000000
0.000000
0.000000
0.000000
0.000000
0.000000
0.000000
0.000000
0.000000
0.000000
0.000000
0.000000
0.000000
116.127342
0.000000
0.000000
0.000000
194.700806
0.000000
0.000000
0.000000
0.000000
51.054649
0.000000
0.000000
0.000000
0.000000
0.000000
0.000000
0.000000
126.602081
0.000000
0.000000
0.000000
0.000000
141.240845
74.900841
0.000000
0.000000
0.000000
0.000000
0.000000
0.000000
0.000000
0.000000
71.460991
191.907547
0.000000
0.000000
0.000000
76.090569
180.217224
0.000000
0.000000
0.000000
97.531448
0.000000
0.000000
0.000000
80.177010
0.000000
89.617203
0.000000
0.000000
0.000000
0.000000
0.000000
0.000000
0.000000
0.000000
0.000000
0.000000
0.000000
0.000000
36.700378
0.000000
0.000000
129.524658
47.252708
0.000000
0.000000
138.292404
0.000000
0.000000
0.000000
0.000000
27.415363
0.000000
10.526465
0.000000
0.000000
0.000000
0.000000
0.000000
122.774277
0.000000
0.000000
0.000000
0.000000
171.035660
62.874290
0.000000
0.000000
0.000000
0.000000
0.000000
0.000000
0.000000
0.000000
119.179237
254.574936
4.008851
0.000000
0.000000
93.393280
200.494247
0.000000
0.000000
0.000000
23.096151
0.000000
0.000000
0.000000
78.159653
0.000000
42.028271
0.000000
0.000000
0.000000
0.000000
0.000000
0.000000
0.000000
0.000000
0.000000
0.000000
0.000000
0.000000
129.033249
0.000000
0.000000
101.410980
114.316895
0.000000
0.000000
156.448624
0.000000
0.000000
0.000000
0.000000
8.069427
0.000000
81.289139
0.000000
0.000000
0.000000
0.000000
0.000000
154.974396
0.000000
0.000000
0.000000
0.000000
194.157669
63.365700
0.000000
0.000000
0.000000
0.000000
0.000000
0.000000
0.000000
0.000000
59.046486
261.325317
0.000000
0.000000
0.000000
76.194023
193.433502
0.000000
0.000000
0.000000
0.000000
0.000000
0.000000
0.000000
43.864582
0.000000
63.520882
0.000000
0.000000
0.000000
0.000000
0.000000
0.000000
0.000000
0.000000
0.000000
0.000000
0.000000
0.000000
105.781921
0.000000
0.000000
69.986771
52.813370
0.000000
0.000000
196.045715
0.000000
0.000000
0.000000
0.000000
88.401619
0.000000
65.150284
0.000000
0.000000
0.000000
0.000000
0.000000
171.190842
0.000000
0.000000
0.000000
0.000000
213.426025
75.314659
0.000000
0.000000
0.000000
0.000000
0.000000
0.000000
0.000000
0.000000
70.426445
286.593994
0.000000
0.000000
0.000000
74.823250
164.440460
0.000000
0.000000
0.000000
26.096323
0.000000
0.000000
0.000000
23.380650
0.000000
52.606461
0.000000
0.000000
0.000000
0.000000
0.000000
0.000000
0.000000
0.000000
0.000000
0.000000
0.000000
0.000000
109.066589
0.000000
0.000000
62.175976
42.933495
0.000000
0.000000
239.367157
0.000000
0.000000
0.000000
0.000000
93.574326
0.000000
41.821362
0.000000
0.000000
0.000000
0.000000
0.000000
157.198654
0.000000
0.000000
0.000000
0.000000
222.555847
95.255455
0.000000
0.000000
0.000000
0.000000
0.000000
21.337429
0.000000
0.000000
0.000000
270.894836
0.000000
0.000000
0.000000
92.203560
211.020706
0.000000
0.000000
0.000000
101.669617
0.000000
0.000000
0.000000
31.424213
0.000000
54.442776
18.233803
0.000000
0.000000
0.000000
0.000000
0.000000
0.000000
0.000000
0.000000
0.000000
0.000000
0.000000
84.444496
0.000000
0.000000
45.131897
10.992009
0.000000
0.000000
236.392853
0.000000
0.000000
0.000000
0.000000
50.278744
0.000000
78.263107
0.000000
0.000000
0.000000
0.000000
0.000000
167.285446
0.000000
0.000000
0.000000
0.000000
199.201065
87.237755
0.000000
0.000000
0.000000
0.000000
0.000000
15.880220
0.000000
0.000000
0.000000
262.566772
0.000000
0.000000
0.000000
103.971474
179.467178
0.000000
0.000000
0.000000
125.231316
0.000000
0.000000
0.000000
47.175117
0.000000
95.979637
60.520710
0.000000
0.000000
0.000000
0.000000
0.000000
0.000000
0.000000
0.000000
0.000000
0.000000
0.000000
84.496223
0.000000
0.000000
67.607323
38.226326
0.000000
0.000000
218.314224
0.000000
0.000000
0.000000
0.000000
71.512718
0.000000
89.462021
0.000000
0.000000
0.000000
0.000000
0.000000
150.163773
0.000000
0.000000
0.000000
0.000000
170.001114
81.366730
0.000000
0.000000
0.000000
0.000000
0.000000
0.000000
0.000000
0.000000
0.000000
248.678040
0.000000
0.000000
0.000000
105.807785
194.571487
0.000000
0.000000
0.000000
106.195740
0.000000
0.000000
0.000000
27.234320
0.000000
42.338631
31.838030
0.000000
0.000000
0.000000
0.000000
0.000000
0.000000
0.000000
0.000000
0.000000
0.000000
0.000000
142.042618
0.000000
0.000000
108.420006
66.469322
0.000000
0.000000
157.560745
0.000000
0.000000
0.000000
0.000000
67.762505
0.000000
84.263451
0.000000
0.000000
0.000000
0.000000
0.000000
161.621323
0.000000
0.000000
0.000000
0.000000
184.355392
63.210518
0.000000
0.000000
0.000000
0.000000
0.000000
0.000000
0.000000
0.000000
0.000000
214.822647
0.000000
0.000000
0.000000
131.516159
182.027664
0.000000
0.000000
0.000000
66.676231
0.000000
0.000000
0.000000
30.648308
31.398350
0.000000
44.459442
0.000000
0.000000
0.000000
0.000000
0.000000
0.000000
0.000000
0.000000
0.000000
0.000000
0.000000
64.477829
0.000000
0.000000
64.555420
75.237068
0.000000
64.219193
28.320587
0.000000
0.000000
0.000000
0.000000
73.918030
0.000000
60.468983
0.000000
0.000000
0.000000
0.000000
0.000000
200.649429
0.000000
0.000000
0.000000
0.000000
178.561951
111.549492
0.000000
0.000000
0.000000
0.000000
0.000000
0.000000
0.000000
0.000000
0.000000
138.318268
0.000000
0.000000
0.000000
152.181137
183.294983
0.000000
0.000000
0.000000
0.000000
0.000000
29.820673
0.000000
87.418800
0.000000
27.725727
103.893883
0.000000
0.000000
0.000000
0.000000
0.000000
0.000000
0.000000
0.000000
0.000000
0.000000
0.000000
39.545368
0.000000
0.000000
38.614281
24.078966
0.000000
0.000000
189.605682
0.000000
0.000000
0.000000
0.000000
17.638941
0.000000
0.000000
0.000000
0.000000
0.000000
0.000000
0.000000
200.158020
0.000000
0.000000
0.000000
16.319901
96.315865
81.987457
0.000000
0.000000
0.000000
0.000000
0.000000
27.648136
0.000000
0.000000
0.000000
177.294632
27.286045
0.000000
0.000000
26.536003
163.405914
0.000000
0.000000
0.000000
192.450684
0.000000
0.000000
0.000000
103.040382
0.000000
94.324371
78.288971
0.000000
0.000000
0.000000
0.000000
0.000000
0.000000
0.000000
0.000000
0.000000
0.000000
0.000000
0.000000
0.000000
0.000000
81.366730
0.000000
0.000000
0.000000
158.983246
0.000000
0.000000
0.000000
0.000000
48.390701
0.000000
0.000000
0.000000
0.000000
0.000000
0.000000
0.000000
185.053711
0.000000
0.000000
0.000000
0.000000
191.002319
131.593750
0.000000
0.000000
0.000000
0.000000
0.956951
0.000000
0.000000
0.000000
0.000000
181.665573
30.803490
0.000000
0.000000
65.331329
187.717651
0.000000
0.000000
0.000000
163.380051
0.000000
0.000000
0.000000
86.694618
0.000000
109.092453
59.693073
0.000000
1.732858
0.000000
0.000000
0.000000
0.000000
0.000000
0.000000
0.000000
0.000000
0.000000
17.432034
0.000000
0.000000
100.169533
58.063671
0.000000
0.000000
120.860374
0.000000
0.000000
0.000000
0.000000
25.423870
0.000000
0.000000
0.000000
0.000000
0.000000
0.000000
0.000000
142.844391
0.000000
0.000000
0.000000
0.000000
142.146072
68.460815
0.000000
0.000000
0.000000
0.000000
45.131897
0.000000
0.000000
0.000000
0.000000
239.005066
81.806412
0.000000
0.000000
61.451797
228.142380
0.000000
0.000000
0.000000
119.437874
0.000000
0.000000
0.000000
62.719109
0.000000
67.503868
31.294897
0.000000
0.000000
0.000000
0.000000
0.000000
0.000000
0.000000
0.000000
0.000000
0.000000
0.000000
98.152176
0.000000
0.000000
89.280975
121.170738
0.000000
0.000000
117.963654
0.000000
0.000000
0.000000
0.000000
21.673655
0.000000
13.319729
0.000000
0.000000
0.000000
0.000000
0.000000
182.053528
0.000000
0.000000
0.000000
35.252018
165.009445
50.873604
0.000000
0.000000
0.000000
0.000000
0.000000
0.000000
0.000000
0.000000
0.000000
250.307449
10.681646
0.000000
0.000000
75.418114
210.167206
0.000000
0.000000
0.000000
17.690668
0.000000
0.000000
0.000000
22.190926
0.000000
45.778484
7.784929
0.000000
0.000000
0.000000
0.000000
0.000000
0.000000
0.000000
0.000000
0.000000
0.000000
0.000000
157.586609
0.000000
0.000000
0.000000
60.210346
0.000000
0.000000
129.628113
0.000000
0.000000
0.000000
0.000000
67.659050
0.000000
0.000000
0.000000
0.000000
0.000000
0.000000
0.000000
198.942429
0.000000
0.000000
0.000000
0.000000
164.233551
89.979294
0.000000
0.000000
0.000000
0.000000
0.000000
0.000000
1.370768
0.000000
0.000000
270.868958
12.336914
0.000000
0.000000
74.719795
120.084465
0.000000
0.000000
0.000000
26.251503
0.000000
0.000000
0.000000
25.915277
0.000000
38.484962
80.901184
0.000000
0.000000
0.000000
0.000000
0.000000
0.000000
0.000000
0.000000
0.000000
0.000000
0.000000
134.645645
0.000000
0.000000
6.646933
51.494328
16.785444
0.000000
148.172287
0.000000
0.000000
0.000000
0.000000
69.547089
0.000000
0.000000
0.000000
0.000000
0.000000
0.000000
0.000000
188.907379
0.000000
0.000000
0.000000
40.114368
153.836395
49.244202
0.000000
0.000000
0.000000
0.000000
14.612906
11.457553
0.000000
0.000000
0.000000
217.615921
0.000000
0.000000
0.000000
80.875320
171.992615
0.000000
0.000000
0.000000
65.874466
0.000000
0.000000
0.000000
22.320244
0.000000
35.148563
105.057739
0.000000
0.000000
0.000000
0.000000
0.000000
0.000000
0.000000
0.000000
0.000000
0.000000
0.000000
130.455750
0.000000
0.000000
0.000000
23.794466
34.967522
0.000000
137.594086
0.000000
0.000000
0.000000
0.000000
31.398350
0.000000
0.000000
0.000000
0.000000
0.000000
0.000000
0.000000
206.132492
0.000000
0.000000
0.000000
21.027067
93.186371
24.932463
0.000000
0.000000
0.000000
0.000000
17.406170
9.026380
23.923784
0.000000
0.000000
213.969147
0.000000
0.000000
0.000000
92.591515
167.699265
0.000000
0.000000
0.000000
100.635078
0.000000
0.000000
0.000000
42.338631
0.000000
63.572609
157.534882
0.000000
0.000000
0.000000
0.000000
0.000000
0.000000
0.000000
0.000000
0.000000
0.000000
0.000000
92.074242
0.000000
0.000000
34.139885
57.080856
10.966146
0.000000
156.138260
0.000000
0.000000
0.000000
0.000000
43.424900
0.000000
0.000000
0.000000
0.000000
0.000000
0.000000
0.000000
190.433319
0.000000
0.000000
0.000000
0.000000
52.968552
31.579395
0.000000
0.000000
0.000000
0.000000
35.665836
0.000000
0.336226
0.000000
0.000000
171.397751
0.000000
0.000000
0.000000
85.815262
171.656387
0.000000
0.000000
0.000000
80.590820
0.000000
0.000000
0.000000
49.063156
0.000000
20.018389
107.540642
0.000000
0.000000
0.000000
0.000000
0.000000
0.000000
0.000000
0.000000
0.000000
0.000000
0.000000
99.988487
0.000000
0.000000
85.608353
116.308388
17.147533
0.000000
107.307869
0.000000
0.000000
0.000000
0.000000
59.615482
0.000000
5.586527
0.000000
0.000000
0.000000
0.000000
0.000000
200.106293
0.000000
0.000000
0.000000
0.000000
86.617027
53.046143
0.000000
0.000000
0.000000
0.000000
0.000000
0.000000
0.000000
0.000000
0.000000
133.404190
0.000000
0.000000
0.000000
113.747894
151.456955
0.000000
0.000000
0.000000
42.467949
0.000000
0.000000
0.000000
78.495872
112.532310
3.362262
70.452309
0.000000
3.155353
0.000000
0.000000
0.000000
0.000000
0.000000
0.000000
0.000000
0.000000
0.000000
0.000000
0.000000
0.000000
96.290001
122.489777
11.586870
107.540642
0.000000
0.000000
0.000000
0.000000
0.000000
72.081718
0.000000
36.596924
0.000000
0.000000
0.000000
0.000000
0.000000
211.719025
0.000000
0.000000
0.000000
0.000000
111.394310
98.591858
0.000000
0.000000
0.000000
0.000000
0.000000
0.000000
0.000000
0.000000
0.000000
67.943550
0.000000
0.000000
0.000000
160.431610
156.681396
0.000000
0.000000
0.000000
0.000000
0.000000
68.874634
0.000000
101.798935
0.000000
0.000000
143.490982
0.000000
0.000000
0.000000
0.000000
0.000000
0.000000
0.000000
0.000000
0.000000
0.000000
0.000000
1.189723
0.000000
0.000000
0.000000
115.610069
0.000000
1.319041
110.359772
0.000000
0.000000
0.000000
0.000000
17.302715
0.000000
0.000000
0.000000
0.000000
0.000000
0.000000
0.000000
239.936157
0.000000
0.000000
0.000000
26.199778
66.883141
26.199778
0.000000
0.000000
0.000000
0.000000
0.000000
19.113163
0.000000
0.000000
0.000000
51.752964
40.010914
0.000000
0.000000
40.140232
126.627945
0.000000
0.000000
0.000000
124.998543
0.000000
0.000000
0.000000
80.901184
0.000000
46.554390
115.765251
0.000000
0.000000
0.000000
0.000000
0.000000
0.000000
0.000000
0.000000
0.000000
0.000000
0.000000
0.000000
0.000000
0.000000
0.000000
15.906084
0.000000
0.000000
102.523117
0.000000
0.000000
0.000000
0.000000
71.512718
0.000000
0.000000
0.000000
0.000000
0.000000
0.000000
0.000000
217.202103
0.000000
0.000000
0.000000
0.000000
85.660080
46.062984
0.000000
0.000000
0.000000
0.000000
0.000000
15.285358
0.000000
0.000000
0.000000
98.384949
36.260696
0.000000
0.000000
40.373001
115.325569
0.000000
0.000000
0.000000
149.387863
0.000000
6.853841
0.000000
95.669273
0.000000
72.236900
164.414597
0.000000
0.000000
0.000000
0.000000
0.000000
0.000000
0.000000
0.000000
0.000000
0.000000
19.164890
0.000000
0.000000
0.000000
23.639286
44.433578
0.000000
0.000000
104.540474
0.000000
0.000000
0.000000
0.000000
38.459099
0.000000
0.000000
0.000000
0.000000
0.000000
0.000000
0.000000
172.613342
0.000000
0.000000
0.000000
0.000000
49.890789
1.137996
0.000000
0.000000
0.000000
0.000000
59.330986
25.061781
0.000000
0.000000
0.000000
99.134987
89.125793
0.000000
0.000000
41.873089
185.364075
0.000000
0.000000
0.000000
131.645477
0.000000
2.120811
0.000000
46.476799
0.000000
56.796356
138.033768
0.000000
0.000000
0.000000
0.000000
0.000000
0.000000
0.000000
0.000000
0.000000
0.000000
0.000000
0.000000
0.000000
0.000000
5.689981
76.426788
0.000000
0.000000
48.080341
0.000000
0.000000
0.000000
0.000000
4.138168
0.000000
0.000000
0.000000
0.000000
0.000000
0.000000
0.000000
166.897491
0.000000
0.000000
0.000000
0.000000
79.090736
0.000000
0.000000
0.000000
0.000000
0.000000
0.000000
0.000000
0.000000
0.000000
0.000000
123.731224
10.319556
0.000000
0.000000
123.058777
143.775482
0.000000
0.000000
0.000000
41.407543
0.000000
0.000000
0.000000
51.520191
0.000000
9.207424
89.384430
0.000000
0.000000
0.000000
0.000000
0.000000
0.000000
0.000000
0.000000
0.000000
0.000000
0.000000
103.816292
0.000000
0.000000
0.000000
64.451965
0.000000
0.000000
16.992353
0.000000
0.000000
0.000000
0.000000
28.734406
0.000000
0.000000
0.000000
0.000000
0.000000
0.000000
0.000000
236.289398
0.000000
0.000000
0.000000
0.000000
26.717049
5.146847
0.000000
0.000000
0.000000
0.000000
0.000000
0.000000
0.000000
0.000000
0.000000
142.896118
47.563068
0.000000
0.000000
113.799622
51.985737
0.000000
0.000000
0.000000
0.000000
0.000000
0.000000
0.000000
45.597439
0.000000
2.353583
167.207855
0.000000
0.000000
0.000000
0.000000
0.000000
0.000000
0.000000
0.000000
0.000000
0.000000
0.000000
84.832443
0.000000
0.000000
0.000000
102.057571
0.000000
0.000000
45.054306
0.000000
0.000000
0.000000
0.000000
40.735092
0.000000
0.000000
0.000000
0.000000
0.000000
0.000000
0.000000
232.047775
0.000000
0.000000
0.000000
0.000000
35.639973
0.000000
0.000000
0.000000
0.000000
0.000000
0.000000
0.000000
0.000000
0.000000
0.000000
88.194710
39.235004
0.000000
0.000000
102.523117
92.772552
0.000000
0.000000
0.000000
0.000000
0.000000
0.000000
0.000000
35.510654
0.000000
32.846710
177.811905
0.000000
9.362605
0.000000
0.000000
0.000000
0.000000
0.000000
0.000000
0.000000
0.000000
0.000000
67.271095
0.000000
0.000000
0.000000
87.651573
0.000000
0.000000
39.545368
0.000000
0.000000
0.000000
0.000000
59.072350
0.000000
0.000000
0.000000
0.000000
0.000000
0.000000
0.000000
226.926788
0.000000
0.000000
0.000000
0.000000
27.389500
0.000000
0.000000
0.000000
0.000000
0.000000
0.000000
0.000000
0.000000
0.000000
0.000000
74.047348
33.234661
0.000000
0.000000
83.435814
103.764565
0.000000
0.000000
0.000000
7.655611
0.000000
7.991837
0.000000
59.951710
0.000000
42.105862
199.847656
0.000000
21.027067
0.000000
0.000000
0.000000
0.000000
0.000000
0.000000
0.000000
0.000000
0.000000
37.631466
0.000000
0.000000
9.724695
121.946640
0.000000
0.000000
58.555080
0.000000
0.000000
0.000000
0.000000
54.934181
0.000000
0.000000
0.000000
0.000000
0.000000
0.000000
0.000000
225.426712
0.000000
0.000000
0.000000
0.000000
0.000000
0.000000
0.000000
0.000000
0.000000
0.000000
0.000000
0.000000
0.000000
0.000000
0.000000
27.053274
72.081718
0.000000
0.000000
72.547256
90.031021
0.000000
0.000000
0.000000
17.923441
0.000000
0.000000
0.000000
64.012291
68.693588
0.000000
121.351776
0.000000
12.414504
0.000000
0.000000
0.000000
0.000000
0.000000
0.000000
0.000000
0.000000
0.000000
24.078966
0.000000
0.000000
80.306328
137.154404
0.000000
21.027067
20.535660
0.000000
0.000000
0.000000
0.000000
72.262764
0.000000
0.000000
0.000000
0.000000
0.000000
0.000000
0.000000
229.513153
0.000000
0.000000
0.000000
0.000000
68.460815
4.526121
0.000000
0.000000
0.000000
0.000000
0.000000
0.000000
0.000000
0.000000
0.000000
24.854872
15.026723
0.000000
0.000000
99.031532
99.574669
0.000000
0.000000
0.000000
4.888211
0.000000
0.000000
0.000000
80.616684
114.963486
6.000344
33.881252
0.000000
10.474738
54.649681
0.000000
0.000000
0.000000
0.000000
0.000000
0.000000
0.000000
0.000000
0.000000
0.000000
0.000000
122.955322
99.678123
18.156212
174.656555
0.000000
0.000000
0.000000
0.000000
0.000000
61.322479
0.000000
0.000000
0.000000
0.000000
0.000000
0.000000
0.000000
236.703217
0.000000
0.000000
0.000000
0.000000
119.774101
102.497253
0.000000
0.000000
0.000000
0.000000
0.000000
0.000000
0.000000
0.000000
0.000000
65.408920
0.000000
0.000000
0.000000
123.550179
152.362183
0.000000
0.000000
0.000000
0.000000
0.000000
112.920265
0.000000
85.944580
0.000000
0.000000
213.555344
0.000000
0.000000
0.000000
0.000000
0.000000
0.000000
0.000000
0.000000
0.000000
0.000000
0.000000
0.000000
0.000000
0.000000
0.000000
141.344299
0.000000
9.879876
21.130522
0.000000
0.000000
0.000000
0.000000
0.077591
0.000000
0.000000
0.000000
0.000000
0.000000
0.000000
0.000000
248.031448
0.000000
0.000000
0.000000
1.965630
31.372486
0.000000
5.560663
0.000000
0.000000
0.000000
0.000000
5.741708
0.000000
0.000000
0.000000
0.000000
61.736294
1.525949
0.000000
38.355644
61.037979
0.000000
0.000000
0.000000
85.246262
0.000000
0.000000
0.000000
59.899982
0.000000
24.544510
112.661629
0.000000
0.000000
38.019421
0.000000
0.000000
0.000000
0.000000
0.000000
0.000000
0.000000
0.000000
0.000000
0.000000
0.000000
0.000000
6.362433
0.000000
0.000000
52.709915
0.000000
0.000000
0.000000
0.000000
75.599159
0.000000
0.000000
0.000000
0.000000
0.000000
0.000000
0.000000
227.625107
0.000000
0.000000
0.000000
0.000000
53.822048
13.785273
0.000000
0.000000
0.000000
0.000000
0.000000
17.121670
0.000000
0.000000
0.000000
98.229767
62.072521
0.000000
0.000000
24.570374
75.262932
0.000000
0.000000
0.000000
81.444321
0.000000
14.897405
0.000000
82.142639
0.000000
27.441227
182.570801
0.000000
2.301856
0.000000
0.000000
0.000000
0.000000
0.000000
0.000000
0.000000
0.000000
35.407200
0.000000
0.000000
0.000000
0.000000
7.241794
0.000000
0.000000
113.799622
0.000000
0.000000
0.000000
0.000000
21.027067
0.000000
0.000000
0.000000
0.000000
0.000000
0.000000
0.000000
173.906509
0.000000
0.000000
0.000000
0.000000
61.529388
21.984018
0.000000
0.000000
0.000000
0.000000
51.028786
48.442429
0.000000
0.000000
0.000000
87.082573
50.382198
0.000000
0.000000
35.122704
126.239990
0.000000
0.000000
0.000000
86.254944
0.000000
59.046486
0.000000
42.597267
0.000000
30.906942
141.551208
0.000000
0.000000
0.000000
0.000000
0.000000
0.000000
0.000000
0.000000
0.000000
0.000000
0.000000
0.000000
0.000000
0.000000
0.000000
6.129662
0.000000
0.000000
81.521912
0.000000
0.000000
0.000000
0.000000
0.000000
0.000000
0.000000
0.000000
0.000000
0.000000
0.000000
0.000000
136.119873
0.000000
0.000000
0.000000
0.000000
67.710777
0.000000
0.000000
0.000000
0.000000
0.000000
0.000000
5.120983
0.000000
0.000000
0.000000
104.411156
17.975168
0.000000
0.000000
86.125626
86.694618
0.000000
0.000000
0.000000
44.873260
0.000000
17.716532
0.000000
56.873947
0.000000
0.000000
87.367073
0.000000
0.000000
0.000000
0.000000
0.000000
0.000000
0.000000
0.000000
0.000000
0.000000
0.000000
49.890789
0.000000
0.724179
0.000000
48.882111
0.000000
0.000000
65.952057
0.000000
0.000000
0.000000
0.000000
21.104658
0.000000
0.000000
0.000000
0.000000
0.000000
0.000000
0.000000
234.763443
0.000000
0.000000
0.000000
0.000000
29.484447
0.000000
0.000000
0.000000
0.000000
0.000000
0.000000
0.000000
0.000000
0.000000
0.000000
86.513580
61.167297
0.000000
0.000000
122.412186
16.526810
0.000000
0.000000
0.000000
0.000000
0.000000
0.000000
0.000000
49.166611
0.000000
12.880048
131.542023
0.000000
1.008678
0.000000
0.000000
0.000000
0.000000
0.000000
0.000000
0.000000
0.000000
0.000000
23.484104
0.000000
0.000000
0.000000
81.185684
0.000000
0.000000
38.743599
0.000000
0.000000
0.000000
0.000000
64.658875
0.000000
0.956951
0.000000
0.000000
0.000000
0.000000
0.000000
235.022079
0.000000
0.000000
0.000000
0.000000
22.578880
0.000000
0.000000
0.000000
0.000000
0.000000
0.000000
0.000000
0.000000
0.000000
0.000000
56.072178
59.124077
0.000000
0.000000
109.920090
35.019249
0.000000
0.000000
0.000000
0.000000
0.000000
0.000000
0.000000
55.037636
31.424213
53.304779
139.249359
0.000000
67.296959
0.000000
0.000000
0.000000
0.000000
0.000000
0.000000
0.000000
0.000000
0.000000
33.907116
0.000000
0.000000
0.000000
116.385979
0.000000
0.000000
30.648308
0.000000
0.000000
0.000000
0.000000
103.066246
0.000000
0.000000
0.000000
0.000000
0.000000
0.000000
0.000000
233.651321
0.000000
0.000000
0.000000
0.000000
20.458069
0.000000
0.000000
0.000000
0.000000
0.000000
0.000000
0.000000
0.000000
0.000000
0.000000
28.268860
92.151833
0.000000
0.000000
93.884689
52.347828
0.000000
0.000000
0.000000
0.000000
0.000000
1.396632
0.000000
66.676231
8.948789
36.622787
144.732422
0.000000
48.468292
0.000000
0.000000
0.000000
0.000000
0.000000
0.000000
0.000000
0.000000
0.000000
53.330643
0.000000
33.182934
27.648136
168.966583
0.000000
0.000000
33.182934
0.000000
0.000000
0.000000
0.000000
61.994930
0.000000
3.439852
0.000000
0.000000
0.000000
0.000000
0.000000
221.262680
0.000000
0.000000
0.000000
0.000000
16.190582
0.000000
0.000000
0.000000
0.000000
0.000000
0.000000
0.000000
0.000000
0.000000
0.000000
16.604399
125.593399
0.000000
0.000000
60.494846
25.372143
0.000000
0.000000
0.000000
0.000000
0.000000
0.000000
0.000000
44.252537
75.806068
0.000000
77.202698
0.000000
25.475597
0.000000
0.000000
0.000000
0.000000
0.000000
0.000000
0.000000
0.000000
0.000000
34.372658
0.000000
0.000000
47.951023
157.327972
0.000000
44.174946
0.000000
0.000000
0.000000
0.000000
0.000000
61.555252
0.000000
0.000000
0.000000
0.000000
0.000000
0.000000
0.000000
238.255035
0.000000
0.000000
0.000000
0.000000
84.237587
7.345248
0.000000
0.000000
0.000000
0.000000
0.000000
0.000000
0.000000
0.000000
0.000000
38.821190
25.035917
0.000000
0.000000
87.677437
70.245407
0.000000
0.000000
0.000000
0.000000
0.000000
0.000000
0.000000
44.252537
127.352119
0.000000
0.000000
0.000000
40.579910
95.721001
0.000000
0.000000
0.000000
0.000000
0.000000
0.000000
0.000000
0.000000
0.000000
0.000000
0.000000
88.039528
84.858307
11.509280
148.146423
0.000000
0.000000
0.000000
0.000000
0.000000
70.116089
0.000000
0.000000
0.000000
0.000000
0.000000
0.000000
0.000000
239.186111
0.000000
0.000000
0.000000
0.000000
155.414078
89.539612
0.000000
0.000000
0.000000
0.000000
0.000000
0.000000
0.000000
0.000000
0.000000
95.022682
0.000000
0.000000
0.000000
85.427307
168.914856
0.000000
0.000000
0.000000
0.000000
0.000000
137.878586
0.000000
59.356850
0.000000
0.000000
224.624939
0.000000
0.000000
0.000000
0.000000
0.000000
0.000000
0.000000
0.000000
0.000000
0.000000
0.000000
0.000000
0.000000
0.000000
0.000000
131.800659
0.000000
0.000000
35.329609
0.000000
0.000000
0.000000
0.000000
0.000000
0.000000
52.140919
0.000000
0.000000
0.000000
0.000000
0.000000
244.643326
0.000000
0.000000
0.000000
0.000000
0.000000
0.000000
0.000000
0.000000
0.000000
0.000000
0.000000
0.000000
0.000000
0.000000
0.000000
16.656126
42.105862
0.000000
0.000000
24.492783
58.063671
0.000000
0.000000
0.000000
65.072693
0.000000
0.000000
0.000000
38.200462
0.000000
0.000000
121.739731
0.000000
0.000000
0.000000
0.000000
0.000000
0.000000
0.000000
0.000000
0.000000
0.000000
0.000000
47.045799
0.000000
0.000000
0.000000
25.501461
0.000000
0.000000
20.173569
0.000000
0.000000
0.000000
0.000000
91.272469
0.000000
0.000000
0.000000
0.000000
0.000000
0.000000
0.000000
216.271011
0.000000
0.000000
0.000000
0.000000
41.459270
9.802286
0.000000
0.000000
0.000000
0.000000
0.000000
0.000000
0.000000
0.000000
0.000000
101.514435
38.484962
0.000000
0.000000
27.570545
79.323509
0.000000
0.000000
0.000000
16.707853
0.000000
0.000000
0.000000
51.416740
1.991493
27.751591
136.921631
0.000000
5.483073
0.000000
0.000000
0.000000
0.000000
0.000000
0.000000
0.000000
0.000000
0.000000
3.388125
0.000000
0.000000
0.000000
29.122358
0.000000
0.000000
77.668243
0.000000
0.000000
0.000000
0.000000
52.063328
0.000000
0.000000
0.000000
0.000000
0.000000
0.000000
0.000000
181.251770
0.000000
0.000000
0.000000
0.000000
81.935730
19.501118
0.000000
0.000000
0.000000
0.000000
16.061264
48.494156
0.000000
0.000000
0.000000
147.551559
27.751591
0.000000
0.000000
35.536518
136.275055
0.000000
0.000000
0.000000
43.528355
0.000000
9.129833
0.000000
51.287422
0.000000
36.131382
96.910721
0.000000
0.000000
0.000000
0.000000
0.000000
0.000000
0.000000
0.000000
0.000000
0.000000
0.000000
0.000000
0.000000
0.000000
0.000000
0.000000
0.000000
0.000000
129.964340
0.000000
0.000000
0.000000
0.000000
5.095119
0.000000
0.000000
0.000000
0.000000
0.000000
0.000000
0.000000
149.646500
0.000000
0.000000
0.000000
0.000000
96.057228
31.838030
0.000000
0.000000
0.000000
0.000000
16.656126
47.588932
0.000000
0.000000
0.000000
152.594955
12.388640
0.000000
0.000000
83.513405
118.429199
0.000000
0.000000
0.000000
84.108269
0.000000
0.000000
0.000000
62.382885
0.000000
5.819299
65.072693
0.000000
0.000000
0.000000
0.000000
0.000000
0.000000
0.000000
0.000000
0.000000
0.000000
0.000000
31.398350
0.000000
28.863722
14.069772
72.780029
0.000000
0.000000
151.069000
0.000000
0.000000
0.000000
0.000000
12.000688
0.000000
0.000000
0.000000
0.000000
0.000000
0.000000
0.000000
208.667130
0.000000
0.000000
0.000000
0.000000
61.865612
24.829008
0.000000
0.000000
0.000000
0.000000
0.000000
0.000000
0.000000
0.000000
19.501118
134.800827
53.123734
0.000000
0.000000
112.299538
65.176147
0.000000
0.000000
0.000000
42.028271
0.000000
0.000000
0.000000
57.313629
0.000000
42.416222
103.868019
0.000000
0.000000
0.000000
0.000000
0.000000
0.000000
0.000000
0.000000
0.000000
0.000000
0.000000
35.458927
0.000000
4.939938
13.707682
97.195221
0.000000
0.000000
96.445183
0.000000
0.000000
0.000000
0.000000
43.631809
0.000000
36.105518
0.000000
0.000000
0.000000
0.000000
0.000000
216.426193
0.000000
0.000000
0.000000
0.000000
36.441742
18.311394
0.000000
0.000000
0.000000
0.000000
0.000000
0.000000
0.000000
0.000000
0.000000
98.229767
65.667557
0.000000
0.000000
113.463394
54.882454
0.000000
0.000000
0.000000
14.250816
0.000000
0.000000
0.000000
54.778999
0.000000
62.408749
112.816811
0.000000
31.605259
0.000000
0.000000
0.000000
0.000000
0.000000
0.000000
0.000000
0.000000
0.000000
82.453003
0.000000
10.526465
49.942516
140.439087
0.000000
0.000000
66.288277
0.000000
0.000000
0.000000
0.000000
80.978775
0.000000
34.295067
0.000000
0.000000
0.000000
0.000000
0.000000
197.907883
0.000000
0.000000
0.000000
0.000000
6.440024
23.975512
0.000000
0.000000
0.000000
0.000000
0.000000
0.000000
0.000000
0.000000
0.000000
75.418114
68.900497
0.000000
0.000000
95.255455
84.961761
0.000000
0.000000
0.000000
0.000000
0.000000
1.913903
0.000000
36.648651
0.000000
40.838547
83.642723
0.000000
5.664118
0.000000
0.000000
0.000000
0.000000
0.000000
0.000000
0.000000
0.000000
0.000000
89.979294
0.000000
23.535831
59.408577
178.355042
0.000000
0.000000
70.426445
0.000000
0.000000
0.000000
0.000000
69.003952
0.000000
51.158104
0.000000
0.000000
0.000000
0.000000
0.000000
178.846451
0.000000
0.000000
0.000000
0.000000
12.104141
0.000000
0.000000
0.000000
0.000000
0.000000
0.000000
0.000000
0.000000
0.000000
0.000000
70.555763
72.159309
0.000000
0.000000
19.268345
68.564270
0.000000
0.000000
0.000000
0.000000
0.000000
0.000000
0.000000
0.000000
24.441055
0.000000
38.588417
0.000000
0.000000
0.000000
0.000000
0.000000
0.000000
0.000000
0.000000
0.000000
0.000000
0.000000
72.081718
0.000000
0.000000
44.355988
152.594955
0.000000
15.026723
34.683022
0.000000
0.000000
0.000000
0.000000
94.557144
0.000000
0.000000
0.000000
0.000000
0.000000
0.000000
0.000000
199.459702
0.000000
0.000000
0.000000
0.000000
98.436676
8.974652
0.000000
0.000000
0.000000
0.000000
0.000000
0.000000
0.000000
0.000000
0.000000
85.815262
0.000000
0.000000
0.000000
36.803833
104.023201
0.000000
0.000000
0.000000
0.000000
0.000000
0.000000
0.000000
0.000000
111.032219
0.000000
0.000000
0.000000
63.857105
99.574669
0.000000
0.000000
0.000000
0.000000
0.000000
0.000000
0.000000
0.000000
0.000000
0.000000
0.000000
46.347481
61.736294
7.112476
57.494675
0.000000
0.000000
0.000000
0.000000
0.000000
117.032570
0.000000
0.000000
0.000000
0.000000
0.000000
0.000000
0.000000
202.408142
0.000000
0.000000
0.000000
0.000000
166.276764
84.366905
0.000000
0.000000
0.000000
0.000000
0.000000
0.000000
0.000000
0.000000
0.000000
138.861404
0.000000
0.000000
0.000000
52.968552
188.364243
0.000000
0.000000
0.000000
0.000000
0.000000
157.353836
0.000000
37.993557
0.000000
11.897233
203.804779
0.000000
0.000000
0.000000
0.000000
0.000000
0.000000
0.000000
0.000000
0.000000
0.000000
0.000000
0.000000
0.000000
0.000000
0.000000
87.289482
0.000000
0.000000
97.272812
0.000000
0.000000
0.000000
0.000000
0.000000
0.000000
90.548294
0.000000
0.000000
0.000000
0.000000
0.000000
212.934616
0.000000
0.000000
0.000000
0.000000
0.000000
0.000000
0.000000
0.000000
0.000000
0.000000
0.000000
0.000000
0.000000
0.000000
0.000000
20.690840
12.285187
0.000000
0.000000
26.173914
50.873604
0.000000
0.000000
0.000000
82.866814
0.000000
0.000000
0.000000
1.215587
0.000000
2.301856
106.428513
0.000000
0.000000
0.000000
0.000000
0.000000
0.000000
0.000000
0.000000
0.000000
0.000000
0.000000
40.295410
0.000000
0.000000
0.000000
71.202354
0.000000
0.000000
43.786991
0.000000
0.000000
0.000000
0.000000
86.203217
0.000000
1.758721
0.000000
0.000000
0.000000
0.000000
0.000000
206.416992
0.000000
0.000000
0.000000
0.000000
38.562553
0.000000
0.000000
0.000000
0.000000
0.000000
0.000000
0.000000
0.000000
0.000000
0.000000
82.659904
20.820158
0.000000
0.000000
45.338802
71.460991
0.000000
0.000000
0.000000
3.051899
0.000000
0.000000
0.000000
13.733545
0.000000
14.147362
92.203560
0.000000
20.587387
0.000000
0.000000
0.000000
0.000000
0.000000
0.000000
0.000000
0.000000
0.000000
51.804691
0.000000
0.000000
0.000000
78.159653
0.000000
0.000000
69.805725
0.000000
0.000000
0.000000
0.000000
105.807785
0.000000
0.000000
0.000000
0.000000
0.000000
0.000000
0.000000
194.468033
0.000000
0.000000
0.000000
0.000000
53.459961
0.000000
0.000000
0.000000
0.000000
0.000000
0.000000
4.189895
0.000000
0.000000
0.000000
100.997162
42.105862
0.000000
0.000000
54.028957
90.884514
0.000000
0.000000
0.000000
0.000000
0.000000
0.000000
0.000000
52.839233
0.000000
42.623131
122.024231
0.000000
0.000000
0.000000
0.000000
0.000000
0.000000
0.000000
0.000000
0.000000
0.000000
0.000000
29.458584
0.000000
0.000000
0.000000
24.803144
0.000000
0.000000
112.558174
0.000000
0.000000
0.000000
0.000000
56.537720
0.000000
0.000000
0.000000
0.000000
0.000000
0.000000
0.000000
193.795578
0.000000
0.000000
0.000000
0.000000
52.942688
0.000000
0.000000
0.000000
0.000000
0.000000
0.000000
12.569686
0.000000
0.000000
0.000000
108.264824
28.165407
0.000000
0.000000
105.419830
91.815605
0.000000
0.000000
0.000000
45.597439
0.000000
8.612562
0.000000
77.228561
0.000000
26.742910
97.764221
0.000000
0.000000
0.000000
0.000000
0.000000
0.000000
0.000000
0.000000
0.000000
0.000000
0.000000
63.495018
0.000000
20.095980
11.509280
80.564957
0.000000
0.000000
143.904800
0.000000
0.000000
0.000000
0.000000
22.320244
0.000000
0.000000
0.000000
0.000000
0.000000
0.000000
0.000000
224.392166
0.000000
0.000000
0.000000
0.000000
33.441570
16.449219
0.000000
0.000000
0.000000
0.000000
0.000000
0.000000
0.000000
0.000000
0.000000
87.832619
61.270752
0.000000
0.000000
103.893883
46.554390
0.000000
0.000000
0.000000
45.054306
0.000000
2.120811
0.000000
53.511684
0.000000
45.881939
126.265854
0.000000
0.000000
0.000000
0.000000
0.000000
0.000000
0.000000
0.000000
0.000000
0.000000
0.000000
46.140575
0.000000
27.932634
0.000000
118.610245
0.000000
0.000000
100.454033
0.000000
0.000000
0.000000
0.000000
52.503006
0.000000
59.822392
0.000000
0.000000
0.000000
0.000000
0.000000
211.331070
0.000000
0.000000
0.000000
0.000000
22.449562
0.000000
0.000000
0.000000
0.000000
0.000000
0.000000
0.000000
0.000000
0.000000
0.000000
75.185341
64.995102
0.000000
0.000000
76.271614
63.003609
0.000000
0.000000
0.000000
23.303059
0.000000
0.000000
0.000000
40.528183
0.000000
64.658875
91.401787
0.000000
10.578192
0.000000
0.000000
0.000000
0.000000
0.000000
0.000000
0.000000
0.000000
0.000000
102.833481
0.000000
33.027756
63.391563
135.731918
0.000000
0.000000
59.563759
0.000000
0.000000
0.000000
0.000000
94.789909
0.000000
64.839920
0.000000
0.000000
0.000000
0.000000
0.000000
161.517868
0.000000
0.000000
0.000000
0.000000
11.871369
0.000000
0.000000
0.000000
0.000000
0.000000
0.000000
0.000000
0.000000
0.000000
0.000000
88.142982
43.166267
0.000000
0.000000
58.787849
87.392937
0.000000
0.000000
0.000000
0.000000
0.000000
0.000000
0.000000
17.587214
0.000000
49.063156
54.365185
0.000000
0.000000
0.000000
0.000000
0.000000
0.000000
0.000000
0.000000
0.000000
0.000000
0.000000
115.842842
0.000000
0.000000
45.804348
175.329010
0.000000
0.000000
66.702095
0.000000
0.000000
0.000000
0.000000
100.505760
0.000000
83.797905
0.000000
0.000000
0.000000
0.000000
0.000000
172.897842
0.000000
0.000000
0.000000
0.000000
11.845506
0.000000
0.000000
0.000000
0.000000
0.000000
0.000000
0.000000
0.000000
0.000000
0.000000
88.479210
32.562210
0.000000
0.000000
9.000516
96.419319
0.000000
0.000000
0.000000
0.000000
0.000000
0.000000
0.000000
0.000000
0.000000
0.000000
0.000000
0.000000
0.000000
0.000000
0.000000
0.000000
0.000000
0.000000
0.000000
0.000000
0.000000
0.000000
118.532654
0.000000
0.000000
30.803490
104.954285
0.000000
10.681646
58.218853
0.000000
0.000000
0.000000
0.000000
122.851868
0.000000
41.588589
0.000000
0.000000
0.000000
0.000000
0.000000
172.871979
0.000000
0.000000
0.000000
0.000000
118.558517
28.501633
0.000000
0.000000
0.000000
0.000000
0.000000
0.000000
0.000000
0.000000
0.000000
124.817497
0.000000
0.000000
0.000000
13.552501
146.180786
0.000000
0.000000
0.000000
0.000000
0.000000
0.000000
0.000000
0.000000
84.884171
1.551813
0.000000
0.000000
73.892166
47.356163
0.000000
0.000000
0.000000
0.000000
0.000000
0.000000
0.000000
0.000000
0.000000
0.000000
0.000000
27.880907
32.562210
20.380478
0.000000
9.000516
0.000000
0.000000
0.000000
0.000000
144.447937
0.000000
0.000000
0.000000
0.000000
0.000000
0.000000
0.000000
150.887955
0.000000
0.000000
0.000000
0.000000
185.596832
77.150970
0.000000
0.000000
0.000000
0.000000
0.000000
0.000000
0.000000
0.000000
0.000000
131.231659
0.000000
0.000000
0.000000
49.192474
198.502747
0.000000
0.000000
0.000000
0.000000
0.000000
134.749100
0.000000
43.993900
0.000000
0.000000
168.113083
0.000000
0.000000
0.000000
0.000000
0.000000
0.000000
0.000000
0.000000
0.000000
0.000000
0.000000
6.440024
0.000000
6.957295
0.000000
71.176491
0.000000
0.000000
114.963486
0.000000
0.000000
0.000000
0.000000
0.000000
0.000000
19.578709
0.000000
0.000000
0.000000
0.000000
0.000000
186.657242
0.000000
0.000000
0.000000
0.000000
0.000000
0.000000
0.000000
0.000000
0.000000
0.000000
0.000000
0.000000
0.000000
0.000000
0.000000
47.511341
22.889242
0.000000
0.000000
26.070459
5.922753
0.000000
0.000000
0.000000
67.788368
0.000000
0.000000
0.000000
18.259666
0.000000
0.000000
103.324883
0.000000
0.000000
0.000000
0.000000
0.000000
0.000000
0.000000
0.000000
0.000000
0.000000
0.000000
35.743427
0.000000
0.000000
0.000000
98.281494
0.000000
0.000000
71.667900
0.000000
0.000000
0.000000
0.000000
80.125282
0.000000
0.000000
0.000000
0.000000
0.000000
0.000000
0.000000
213.917419
0.000000
0.000000
0.000000
0.000000
16.164719
0.000000
0.000000
0.000000
0.000000
0.000000
0.000000
0.000000
0.000000
0.000000
0.000000
94.608871
51.235695
0.000000
0.000000
45.338802
42.933495
0.000000
0.000000
0.000000
0.000000
0.000000
0.000000
0.000000
26.587730
5.405482
0.000000
63.184654
0.000000
18.492439
0.000000
0.000000
0.000000
0.000000
0.000000
0.000000
0.000000
0.000000
0.000000
50.563240
0.000000
0.000000
0.000000
97.272812
0.000000
0.000000
72.392075
0.000000
0.000000
0.000000
0.000000
133.818008
0.000000
0.000000
0.000000
0.000000
0.000000
0.000000
0.000000
190.510910
0.000000
0.000000
0.000000
0.000000
60.106892
0.000000
0.000000
0.000000
0.000000
0.000000
0.000000
0.000000
0.000000
0.000000
0.000000
95.358910
75.392250
0.000000
0.000000
56.046314
53.770321
0.000000
0.000000
0.000000
0.000000
0.000000
0.000000
0.000000
66.779686
5.534800
29.872400
129.809158
0.000000
12.388640
0.000000
0.000000
0.000000
0.000000
0.000000
0.000000
0.000000
0.000000
0.000000
4.474394
0.000000
0.000000
0.000000
33.493298
0.000000
0.000000
69.055679
0.000000
0.000000
0.000000
0.000000
100.893707
0.000000
0.000000
0.000000
0.000000
0.000000
0.000000
0.000000
193.562805
0.000000
0.000000
0.000000
0.000000
64.245056
0.000000
0.000000
0.000000
0.000000
0.000000
0.000000
26.717049
0.000000
0.000000
0.000000
70.866127
72.624847
0.000000
0.000000
129.291885
65.667557
0.000000
0.000000
0.000000
36.338287
0.000000
10.552329
0.000000
109.299362
0.000000
23.018560
114.239304
0.000000
0.000000
0.000000
0.000000
0.000000
0.000000
0.000000
0.000000
0.000000
0.000000
0.000000
48.623474
0.000000
15.414676
0.000000
55.270409
0.000000
0.000000
56.227360
0.000000
0.000000
0.000000
0.000000
8.509109
0.000000
0.000000
0.000000
0.000000
0.000000
0.000000
0.000000
207.736038
0.000000
0.000000
0.000000
0.000000
0.000000
12.699003
0.000000
0.000000
0.000000
0.000000
0.000000
0.000000
0.000000
0.000000
0.000000
64.115746
103.092110
0.000000
0.000000
136.094009
43.528355
0.000000
0.000000
0.000000
10.552329
0.000000
34.993385
0.000000
85.375580
0.000000
18.182076
131.179932
0.000000
0.000000
0.000000
0.000000
0.000000
0.000000
0.000000
0.000000
0.000000
0.000000
0.000000
54.985909
0.000000
26.070459
0.000000
114.704849
0.000000
0.000000
46.683708
0.000000
0.000000
0.000000
0.000000
0.000000
0.000000
5.508936
0.000000
0.000000
0.000000
0.000000
0.000000
178.225723
0.000000
0.000000
0.000000
0.000000
0.000000
0.000000
0.000000
0.000000
0.000000
0.000000
0.000000
0.000000
0.000000
0.000000
0.000000
83.254768
104.023201
0.000000
0.000000
87.729164
35.795155
0.000000
0.000000
0.000000
13.785273
0.000000
0.000000
0.000000
41.821362
0.000000
31.010397
56.692902
0.000000
0.000000
0.000000
0.000000
0.000000
0.000000
0.000000
0.000000
0.000000
0.000000
0.000000
134.826691
0.000000
34.527840
49.761471
136.300919
0.000000
0.000000
47.019936
0.000000
0.000000
0.000000
0.000000
23.018560
0.000000
29.562038
0.000000
0.000000
0.000000
0.000000
0.000000
136.714722
0.000000
0.000000
0.000000
0.000000
0.000000
0.000000
0.000000
0.000000
0.000000
0.000000
0.000000
0.000000
0.000000
0.000000
0.000000
122.955322
76.375069
0.000000
0.000000
47.847569
73.374893
0.000000
0.000000
0.000000
0.000000
0.000000
0.000000
0.000000
12.000688
0.000000
18.311394
10.138512
0.000000
0.000000
0.000000
0.000000
0.000000
0.000000
0.000000
0.000000
0.000000
0.000000
0.000000
173.647873
0.000000
11.250645
65.486511
152.181137
0.000000
0.000000
82.530586
0.000000
0.000000
0.000000
0.000000
69.676407
0.000000
80.177010
0.000000
0.000000
0.000000
0.000000
0.000000
162.397232
0.000000
0.000000
0.000000
0.000000
0.000000
0.000000
0.000000
0.000000
0.000000
0.000000
0.000000
0.000000
0.000000
0.000000
0.000000
147.292923
34.476112
0.000000
0.000000
36.208969
115.092796
0.000000
0.000000
0.000000
0.000000
0.000000
0.000000
0.000000
0.000000
0.000000
0.000000
0.000000
0.000000
0.000000
0.000000
0.000000
0.000000
0.000000
0.000000
0.000000
0.000000
0.000000
0.000000
144.758286
0.000000
0.000000
5.276165
82.892677
0.000000
16.888899
72.547256
0.000000
0.000000
0.000000
0.000000
137.154404
0.000000
58.037807
0.000000
0.000000
0.000000
0.000000
0.000000
166.095718
0.000000
0.000000
0.000000
0.000000
93.781235
25.216961
0.000000
0.000000
0.000000
0.000000
0.000000
0.000000
0.000000
0.000000
0.000000
150.241364
0.000000
0.000000
0.000000
33.958843
152.543228
0.000000
0.000000
0.000000
0.000000
0.000000
0.000000
32.355301
0.000000
70.038498
14.199089
0.000000
0.000000
44.226673
0.000000
0.000000
0.000000
0.000000
0.000000
0.000000
0.000000
0.000000
0.000000
14.716360
0.000000
0.000000
0.000000
27.855043
46.761299
0.000000
28.734406
0.000000
0.000000
0.000000
0.000000
152.517365
0.000000
0.000000
0.000000
0.000000
0.000000
0.000000
0.000000
114.937622
0.000000
0.000000
0.000000
0.000000
140.102859
47.149254
0.000000
0.000000
0.000000
0.000000
0.000000
0.000000
0.000000
0.000000
0.000000
126.472763
0.000000
0.000000
0.000000
39.804005
193.847305
0.000000
0.000000
0.000000
0.000000
