0.006900
0.005806
0.003525
0.004446
0.006008
0.001804
0.006868
0.005856
0.004648
0.007707
0.008648
0.003190
0.002107
0.002944
0.001907
0.004779
0.002787
0.004928
0.009586
0.006645
0.007246
0.004839
0.003089
0.002133
0.005391
0.004279
0.009357
0.003831
0.002763
0.004270
0.008112
0.014429
0.003015
0.001918
0.005071
0.000737
0.006798
0.003227
0.005042
0.004649
0.004478
0.004195
0.002017
0.001698
0.003262
0.011646
0.003220
0.006283
0.004014
0.003405
0.007811
0.003460
0.006853
0.002286
0.004695
0.001324
0.006316
0.002929
0.008684
0.006336
0.004855
0.006157
0.002918
0.007719
0.004723
0.007454
0.002552
0.001752
0.002518
0.003064
0.005466
0.005187
0.005293
0.002683
0.007271
0.005412
0.002302
0.004186
0.003846
0.003956
0.002905
0.010658
0.006655
0.005938
0.005440
0.002958
0.004384
0.001710
0.007619
0.006522
0.002878
0.007575
0.007349
0.003616
0.006564
0.006856
0.005459
0.005106
0.004638
0.004811
0.002225
0.003867
0.003555
0.009736
0.006473
0.004495
0.007050
0.002967
0.002946
0.004362
0.005746
0.010275
0.006797
0.002870
0.002898
0.001962
0.002206
0.003094
0.005955
0.003600
0.005316
0.006028
0.005829
0.008522
0.007381
0.002406
0.004626
0.007165
0.003885
0.004023
0.005740
0.002840
0.006582
0.002669
0.008239
0.005372
0.010626
0.006423
0.002720
0.003304
0.004559
0.002193
0.006023
0.005288
0.004532
0.008174
0.003365
0.002681
0.011023
0.003958
0.005982
0.004081
0.003427
0.004026
0.006096
0.007558
0.004762
0.003606
0.003060
0.004026
0.002121
0.003022
0.005237
0.003723
0.009535
0.006056
0.003516
0.002928
0.006950
0.002265
0.004194
0.006928
0.004544
0.007057
0.003174
0.003534
0.005210
0.001988
0.018869
0.004163
0.003066
0.003997
0.004310
0.001805
0.003087
0.004511
0.002851
0.008471
0.003514
0.007491
0.009164
0.005445
0.004567
0.004856
0.005855
0.002483
0.004833
0.009104
0.003999
0.005230
