487.230225
0.000000
0.000000
0.000000
0.000000
707.010132
0.000000
0.000000
0.000000
0.000000
0.000000
431.007446
0.000000
350.038574
0.000000
78.539810
0.000000
0.000000
45.038937
0.000000
0.000000
0.000000
0.000000
506.257904
0.000000
0.000000
0.000000
0.000000
0.000000
182.534210
0.000000
286.477997
0.000000
74.541969
0.000000
0.000000
0.000000
0.000000
433.537720
0.000000
0.000000
227.320114
356.617310
709.135559
0.000000
2.884516
0.000000
0.000000
0.000000
0.000000
777.301208
0.000000
279.140198
0.000000
0.000000
0.000000
126.463264
0.000000
289.767365
0.000000
0.000000
0.000000
0.000000
23.936424
115.583069
0.000000
0.000000
0.000000
0.000000
594.058533
0.000000
167.301941
0.000000
0.000000
0.000000
0.000000
0.000000
0.000000
162.899261
0.000000
0.000000
0.000000
0.000000
0.000000
0.000000
0.000000
0.000000
0.000000
0.000000
0.000000
0.000000
42.306236
70.544136
122.870270
0.000000
0.000000
0.000000
0.000000
828.058594
0.000000
0.000000
0.000000
0.000000
0.000000
107.789818
0.000000
0.000000
0.000000
0.000000
0.000000
0.000000
0.000000
0.000000
393.356934
0.000000
0.000000
0.000000
0.000000
0.000000
0.000000
0.000000
0.000000
0.000000
0.000000
0.000000
0.000000
0.000000
0.000000
0.000000
0.000000
0.000000
0.000000
0.000000
0.000000
0.000000
0.000000
358.337891
0.000000
0.000000
0.000000
0.000000
0.000000
147.262146
0.000000
0.000000
0.000000
0.000000
0.000000
0.000000
0.000000
0.000000
0.000000
993.690552
0.000000
0.000000
0.000000
559.039490
0.000000
0.000000
0.000000
0.000000
0.000000
0.000000
0.000000
447.353058
0.000000
0.000000
0.000000
0.000000
876.032654
0.000000
0.000000
0.000000
0.000000
1034.681030
0.000000
187.442947
0.000000
0.000000
439.357361
297.459412
0.000000
157.079620
0.000000
304.594788
311.679565
0.000000
0.000000
1020.511475
0.000000
0.000000
0.000000
0.000000
255.355591
0.000000
0.000000
0.000000
0.000000
0.000000
0.000000
0.000000
757.767456
295.131561
0.000000
0.000000
0.000000
0.000000
0.000000
0.000000
0.000000
277.115967
0.000000
0.000000
0.000000
152.575729
0.000000
0.000000
0.000000
1512.549194
0.000000
234.961563
0.000000
79.349503
0.000000
0.000000
0.000000
0.000000
272.359070
0.000000
0.000000
0.000000
0.000000
361.424835
0.000000
0.000000
0.000000
0.000000
0.000000
0.000000
0.000000
0.000000
0.000000
0.000000
0.000000
0.000000
0.000000
0.000000
0.000000
0.000000
0.000000
0.000000
0.000000
0.000000
0.000000
0.000000
0.000000
