482.316406
0.000000
0.000000
0.000000
0.000000
706.802124
0.000000
0.000000
0.000000
0.000000
0.000000
428.417023
0.000000
339.899231
0.000000
77.606407
0.000000
0.000000
41.561443
0.000000
0.000000
0.000000
0.000000
513.709595
0.000000
0.000000
0.000000
0.000000
0.000000
180.346725
0.000000
302.588104
0.000000
80.792442
0.000000
0.000000
0.000000
0.000000
434.575958
0.000000
0.000000
222.151077
355.543762
707.077881
0.000000
1.507749
0.000000
0.000000
0.000000
0.000000
779.415710
0.000000
279.652161
0.000000
0.000000
0.000000
125.889526
0.000000
273.686798
0.000000
0.000000
0.000000
0.000000
20.592773
117.034828
0.000000
0.000000
0.000000
0.000000
589.492981
0.000000
172.228470
0.000000
0.000000
0.000000
0.000000
0.000000
0.000000
174.422607
0.000000
0.000000
0.000000
0.000000
0.000000
0.000000
0.000000
0.000000
0.000000
0.000000
0.000000
0.000000
52.732582
80.250320
122.947411
0.000000
0.000000
0.000000
0.000000
818.854126
0.000000
0.000000
0.000000
0.000000
0.000000
102.612816
0.000000
0.000000
0.000000
0.000000
0.000000
0.000000
0.000000
0.000000
403.282562
0.000000
0.000000
0.000000
0.000000
0.000000
0.000000
0.000000
0.000000
0.000000
0.000000
0.000000
0.000000
0.000000
0.000000
0.000000
0.000000
0.000000
0.000000
0.000000
0.000000
0.000000
0.000000
351.599670
0.000000
0.000000
0.000000
0.000000
0.000000
142.606842
0.000000
0.000000
0.000000
0.000000
0.000000
0.000000
0.000000
0.000000
0.000000
989.143005
0.000000
0.000000
0.000000
564.673767
0.000000
0.000000
0.000000
0.000000
0.000000
0.000000
0.000000
440.284485
0.000000
0.000000
0.000000
0.000000
869.347351
0.000000
0.000000
0.000000
0.000000
1039.079956
0.000000
179.090027
0.000000
0.000000
448.001343
292.803009
0.000000
155.651306
0.000000
291.549896
304.970673
0.000000
0.000000
1023.603394
0.000000
0.000000
0.000000
0.000000
262.959808
0.000000
0.000000
0.000000
0.000000
0.000000
0.000000
0.000000
752.456665
294.609039
0.000000
0.000000
0.000000
0.000000
0.000000
0.000000
0.000000
268.066010
0.000000
0.000000
0.000000
151.030685
0.000000
0.000000
0.000000
1512.730835
0.000000
236.590134
0.000000
80.337181
0.000000
0.000000
0.000000
0.000000
273.574249
0.000000
0.000000
0.000000
0.000000
358.473480
0.000000
0.000000
0.000000
0.000000
0.000000
0.000000
0.000000
0.000000
0.000000
0.000000
0.000000
0.000000
0.000000
0.000000
0.000000
0.000000
0.000000
0.000000
0.000000
0.000000
0.000000
0.000000
0.000000
