0.000000
0.000000
0.000000
0.000000
0.000000
0.000000
0.000000
0.000000
0.000000
0.000000
0.000000
0.000000
1.398269
0.000000
0.000000
0.000000
0.000000
73.616684
0.000000
0.000000
72.376511
0.000000
151.606018
0.000000
86.539429
0.000000
0.000000
0.000000
0.000000
0.000000
75.378731
0.000000
0.000000
474.514191
0.000000
0.000000
0.000000
0.000000
0.000000
0.000000
0.000000
0.000000
0.000000
0.000000
0.000000
0.000000
0.000000
6.344687
0.000000
0.000000
14.821248
45.370735
0.000000
0.000000
0.000000
0.000000
0.000000
0.000000
0.000000
0.000000
0.000000
328.193756
0.000000
0.000000
18.773785
122.302780
0.000000
0.000000
0.000000
0.000000
0.000000
0.000000
0.000000
0.000000
0.000000
0.000000
0.000000
45.065449
0.000000
0.000000
0.000000
0.000000
0.000000
0.000000
0.000000
0.000000
0.000000
0.000000
0.000000
0.000000
0.000000
61.817421
0.000000
0.000000
0.000000
0.000000
0.000000
0.000000
0.000000
0.000000
0.000000
0.000000
36.027893
0.000000
0.000000
0.000000
0.000000
0.000000
0.000000
0.000000
0.000000
0.000000
0.000000
0.000000
179.063354
0.000000
0.000000
0.000000
0.000000
158.980911
0.000000
0.000000
92.456902
0.000000
0.000000
0.000000
0.000000
0.000000
0.000000
0.000000
0.000000
0.000000
0.000000
0.000000
2.800426
0.000000
0.000000
0.000000
0.000000
0.000000
0.000000
0.000000
0.000000
0.000000
0.000000
88.237946
0.000000
0.000000
74.278412
0.000000
152.613052
0.000000
0.000000
0.000000
0.000000
0.000000
0.000000
0.000000
90.490517
0.000000
0.000000
463.836273
0.000000
0.000000
0.000000
0.000000
0.000000
0.000000
0.000000
0.000000
0.000000
49.802048
0.000000
0.000000
0.000000
0.000000
0.000000
0.000000
0.000000
0.000000
0.000000
0.000000
0.000000
0.000000
0.000000
0.000000
0.000000
0.000000
0.000000
360.088776
0.000000
0.000000
26.277037
59.879841
0.000000
0.000000
0.000000
0.000000
0.000000
0.000000
0.000000
0.000000
0.000000
0.000000
0.000000
6.025786
0.000000
10.426647
0.000000
0.000000
0.000000
0.000000
4.303299
0.000000
0.000000
0.000000
0.000000
0.000000
0.000000
146.739944
0.000000
0.000000
0.000000
0.000000
0.000000
0.000000
0.000000
0.000000
0.000000
0.000000
136.153748
0.000000
0.000000
0.000000
0.000000
0.000000
0.000000
0.000000
0.000000
0.000000
0.000000
0.000000
117.170883
65.771004
0.000000
0.000000
0.000000
156.944885
0.000000
0.000000
16.984402
0.000000
0.000000
0.000000
0.000000
0.000000
0.000000
0.000000
0.000000
0.000000
0.000000
0.000000
0.000000
0.000000
0.000000
0.000000
0.000000
0.000000
0.000000
0.000000
0.000000
0.000000
0.000000
119.385651
0.000000
0.000000
92.926353
0.000000
223.281464
0.000000
0.000000
0.000000
0.000000
0.000000
0.000000
0.000000
145.616486
0.000000
0.000000
484.430664
0.000000
0.000000
0.000000
0.000000
0.000000
0.000000
0.000000
0.000000
0.000000
0.000000
0.000000
0.000000
0.000000
0.000000
0.000000
0.000000
0.000000
9.431782
36.038349
0.000000
0.000000
0.000000
0.000000
0.000000
0.000000
0.000000
57.077000
388.838104
0.000000
0.000000
19.656662
72.827240
0.000000
0.000000
0.000000
0.000000
0.000000
0.000000
0.000000
0.000000
0.000000
0.000000
0.000000
56.530224
0.000000
0.000000
0.000000
0.000000
0.000000
0.000000
43.129326
0.000000
0.000000
0.000000
0.000000
0.000000
0.000000
112.964844
0.000000
0.000000
0.000000
0.000000
0.000000
0.000000
0.000000
0.000000
0.000000
0.000000
172.927536
0.000000
0.000000
0.000000
0.000000
0.000000
0.000000
0.000000
0.000000
0.000000
0.000000
23.450138
66.643959
38.729080
0.000000
0.000000
0.000000
191.968704
0.000000
0.000000
33.076153
0.000000
0.000000
0.000000
0.000000
0.000000
0.000000
0.000000
0.000000
0.000000
0.000000
0.000000
0.000000
0.000000
0.000000
0.000000
0.000000
0.000000
0.000000
0.000000
0.000000
0.000000
0.000000
85.850647
0.000000
0.000000
103.892723
0.000000
272.771118
0.000000
0.000000
0.000000
0.000000
0.000000
0.000000
0.000000
210.011185
0.000000
0.000000
450.044189
0.000000
0.000000
0.000000
0.000000
0.000000
0.000000
0.000000
0.000000
0.000000
0.000000
0.000000
0.000000
0.000000
0.000000
0.000000
0.000000
0.000000
0.000000
24.296158
0.000000
0.000000
0.000000
0.000000
0.000000
0.000000
4.250934
59.954689
401.163208
0.000000
0.000000
0.000000
106.611252
0.000000
0.000000
0.000000
0.000000
0.000000
0.000000
0.000000
0.000000
0.000000
0.000000
0.000000
0.000000
0.000000
0.000000
0.000000
0.000000
0.000000
0.000000
205.869629
0.000000
0.000000
8.399248
0.000000
4.934674
0.000000
138.049713
0.000000
0.000000
0.000000
0.000000
0.000000
0.000000
0.000000
0.000000
0.000000
0.000000
179.799713
0.000000
0.000000
0.000000
0.000000
0.000000
54.372959
0.000000
0.000000
0.000000
0.000000
45.483921
122.099281
21.012587
0.000000
0.000000
0.000000
166.983505
129.078796
0.000000
76.328552
0.000000
0.000000
0.000000
0.000000
0.000000
0.000000
0.000000
0.000000
0.000000
0.000000
21.159019
0.000000
135.372345
0.000000
0.000000
0.000000
0.000000
145.651733
0.000000
0.000000
0.000000
0.000000
157.884399
0.000000
0.000000
35.780788
0.000000
0.000000
0.000000
208.423615
0.000000
0.000000
0.000000
0.000000
50.834976
388.488342
0.000000
0.000000
0.000000
0.000000
0.000000
0.000000
0.000000
0.000000
0.000000
0.000000
0.000000
0.000000
0.000000
0.000000
0.000000
0.000000
6.111533
0.000000
0.000000
74.713913
65.228386
139.037857
0.000000
0.000000
0.000000
39.489632
0.000000
0.000000
0.000000
65.557793
421.288940
0.000000
0.000000
0.000000
24.041454
0.000000
0.000000
0.000000
0.000000
0.000000
0.000000
0.000000
0.000000
0.000000
0.000000
0.000000
80.330330
0.000000
0.000000
0.000000
0.000000
0.000000
115.047638
104.799500
0.000000
0.000000
224.796753
0.000000
19.942493
196.189636
0.000000
0.000000
0.000000
0.000000
0.000000
0.000000
0.000000
0.000000
0.000000
21.436655
0.000000
5.843639
43.552277
116.328064
0.000000
0.000000
0.000000
232.642792
0.000000
0.000000
0.000000
0.000000
0.000000
221.351990
0.000000
0.000000
0.000000
0.000000
38.924358
0.000000
0.000000
135.988617
0.000000
0.000000
0.000000
0.000000
0.000000
0.000000
0.000000
0.000000
0.000000
0.000000
56.995564
0.000000
0.000000
0.000000
0.000000
0.000000
0.000000
195.067520
0.000000
0.000000
0.000000
0.000000
158.192001
0.000000
0.000000
28.694992
0.000000
177.947647
0.000000
76.346794
0.000000
0.000000
0.000000
0.000000
0.000000
335.355194
0.000000
0.000000
10.144915
0.000000
0.000000
0.000000
0.000000
0.000000
0.000000
0.000000
0.000000
0.000000
0.000000
0.000000
0.000000
0.000000
0.000000
0.000000
0.000000
0.000000
51.759895
53.432682
0.000000
0.000000
0.000000
0.000000
0.000000
0.000000
0.000000
217.926407
464.342072
0.000000
0.000000
14.757523
0.000000
0.000000
0.000000
0.000000
0.000000
0.000000
0.000000
0.000000
0.000000
0.000000
0.000000
0.000000
0.000000
0.000000
0.000000
0.000000
0.000000
0.000000
86.177727
66.603149
0.000000
0.000000
87.926971
0.000000
13.410459
169.504318
0.000000
0.000000
0.000000
0.000000
0.000000
0.000000
0.000000
0.000000
0.000000
0.000000
0.000000
117.110588
48.809040
73.975136
0.000000
0.000000
0.000000
282.843719
0.000000
0.000000
0.000000
0.000000
0.000000
168.642120
26.317022
0.000000
0.000000
0.000000
34.428833
161.748291
0.000000
82.600449
0.000000
0.000000
0.000000
0.000000
0.000000
0.000000
0.000000
0.000000
0.000000
0.000000
119.270622
0.000000
0.000000
0.000000
0.000000
0.000000
0.000000
88.160141
84.781448
0.000000
0.000000
0.000000
149.948959
0.000000
0.000000
0.000000
0.000000
219.000641
0.000000
69.543953
0.000000
0.000000
0.000000
0.000000
0.000000
445.050293
0.000000
0.000000
0.000000
0.000000
0.000000
0.000000
0.000000
0.000000
0.000000
0.000000
0.000000
0.000000
0.000000
0.000000
0.000000
0.000000
0.000000
0.000000
0.000000
0.000000
69.274712
161.125809
0.000000
0.000000
0.000000
0.000000
0.000000
0.000000
0.000000
330.469604
469.234283
0.000000
0.000000
80.062973
0.000000
0.000000
0.000000
0.000000
0.000000
0.000000
0.000000
0.000000
0.000000
0.000000
0.000000
0.000000
108.715836
0.000000
0.000000
0.000000
0.000000
0.000000
127.119118
58.852222
0.000000
0.000000
242.449112
0.000000
11.372945
241.771210
0.000000
0.000000
0.000000
0.000000
0.000000
0.000000
0.000000
0.000000
0.000000
0.000000
0.000000
84.076637
160.900940
69.918159
0.000000
0.000000
0.000000
304.736633
0.000000
0.000000
0.000000
0.000000
0.000000
82.136307
45.439598
0.000000
0.000000
0.000000
50.516613
119.317940
0.000000
20.354559
0.000000
0.000000
0.000000
0.000000
0.000000
0.000000
0.000000
0.000000
0.000000
0.000000
61.424675
0.000000
0.000000
0.000000
0.000000
0.000000
49.249340
49.912956
74.159348
0.000000
0.000000
0.000000
110.602585
0.000000
0.000000
107.199570
0.000000
249.519775
0.000000
44.153740
0.000000
0.000000
0.000000
0.000000
21.739597
373.324493
0.000000
0.000000
103.655937
0.000000
0.000000
0.000000
0.000000
0.000000
0.000000
0.000000
0.000000
0.000000
0.000000
0.000000
0.000000
0.000000
0.000000
0.000000
0.000000
0.000000
5.488914
118.377258
0.000000
0.000000
0.000000
0.000000
0.000000
0.000000
0.000000
253.521133
401.000153
0.000000
0.000000
68.955360
37.860813
0.000000
0.000000
0.000000
0.000000
0.000000
0.000000
0.000000
0.000000
0.000000
0.000000
0.000000
82.626366
0.000000
0.000000
0.000000
0.000000
0.000000
93.460243
291.056488
0.000000
0.000000
231.355118
0.000000
0.000000
179.128082
0.000000
0.000000
0.000000
0.000000
0.000000
0.000000
0.000000
0.000000
0.000000
0.000000
0.000000
156.411316
132.491379
37.473904
0.000000
0.000000
0.000000
208.466919
0.000000
0.000000
0.000000
0.000000
0.000000
247.654755
0.000000
0.000000
0.000000
0.000000
91.610992
95.167572
0.000000
163.111176
0.000000
0.000000
0.000000
0.000000
0.000000
0.000000
0.000000
0.000000
0.000000
0.000000
84.030785
0.000000
34.157017
0.000000
0.000000
0.000000
0.000000
29.457258
21.566345
0.000000
0.000000
0.000000
0.000000
0.000000
0.000000
75.671814
0.000000
137.465424
0.000000
291.163574
0.000000
0.000000
0.000000
0.000000
36.368153
414.065002
0.000000
0.000000
51.641987
0.000000
0.000000
0.000000
0.000000
0.000000
0.000000
0.000000
0.000000
0.000000
0.000000
0.000000
0.000000
0.000000
12.692313
0.000000
0.000000
95.930573
98.120583
168.611130
0.000000
0.000000
0.000000
58.974373
0.000000
0.000000
0.000000
101.944382
340.517242
0.000000
0.000000
39.652416
111.091644
0.000000
0.000000
0.000000
0.000000
0.000000
0.000000
0.000000
0.000000
0.000000
0.000000
0.000000
79.983627
0.000000
0.000000
0.000000
0.000000
0.000000
144.590134
62.127518
0.000000
0.000000
343.214417
0.000000
21.926167
230.081741
0.000000
0.000000
0.000000
0.000000
0.000000
0.000000
0.000000
0.000000
0.000000
59.458164
0.000000
0.000000
118.088997
122.699913
0.000000
0.000000
5.473770
143.973785
0.000000
0.000000
0.000000
0.000000
0.000000
187.874222
0.000000
0.000000
0.000000
0.000000
59.106335
0.000000
0.000000
81.788277
0.000000
0.000000
0.000000
0.000000
0.000000
0.000000
0.000000
0.000000
0.000000
0.000000
96.888550
0.000000
9.236072
0.000000
0.000000
0.000000
40.226276
24.482126
0.000000
0.000000
0.000000
0.000000
29.971937
0.000000
0.000000
91.241615
0.000000
226.637268
0.000000
112.333290
0.000000
0.000000
0.000000
0.000000
16.666567
353.404663
0.000000
0.000000
65.601570
0.000000
14.681954
0.000000
0.000000
0.000000
0.000000
0.000000
0.000000
0.000000
0.000000
0.000000
0.000000
0.000000
28.632162
0.000000
0.000000
0.000000
170.116241
174.025208
0.000000
0.000000
0.000000
7.868555
0.000000
0.000000
0.000000
222.746475
389.733795
0.000000
0.000000
98.340973
160.800598
0.000000
0.000000
0.000000
0.000000
0.000000
0.000000
0.000000
0.000000
0.000000
0.000000
0.000000
35.315090
0.000000
0.000000
0.000000
0.000000
0.000000
112.923462
74.745979
0.000000
0.000000
227.071960
0.000000
0.000000
136.057083
63.001495
0.000000
0.000000
0.000000
0.000000
0.000000
0.000000
0.000000
0.000000
0.000000
0.000000
28.679916
79.727829
75.349564
0.000000
0.000000
0.000000
169.911972
0.000000
0.000000
0.000000
0.000000
0.000000
240.481186
55.483082
0.000000
0.000000
0.000000
109.400688
0.000000
0.000000
60.222729
0.000000
0.000000
0.000000
0.000000
0.000000
0.000000
0.000000
0.000000
0.000000
0.000000
103.322426
0.000000
0.000000
0.000000
0.000000
0.000000
93.842651
0.000000
27.777317
0.000000
0.000000
0.000000
0.000000
0.000000
0.000000
121.060722
0.000000
236.431061
0.000000
56.818638
0.000000
0.000000
0.000000
0.000000
6.610199
392.832672
0.000000
0.000000
205.444199
0.000000
0.000000
0.000000
0.000000
0.000000
0.000000
0.000000
0.000000
0.000000
30.965219
0.000000
0.000000
0.000000
0.000000
0.000000
0.000000
0.000000
84.373322
155.200195
0.000000
0.000000
0.000000
0.000000
0.000000
0.000000
0.000000
287.500641
371.561096
0.000000
0.000000
181.480804
173.078506
0.000000
0.000000
0.000000
0.000000
0.000000
0.000000
0.000000
0.000000
0.000000
0.000000
0.000000
104.646416
0.000000
0.000000
0.000000
0.000000
0.000000
34.052742
54.587723
0.000000
0.000000
192.884079
0.000000
0.000000
68.742340
29.716825
0.000000
0.000000
0.000000
0.000000
0.000000
0.000000
0.000000
0.000000
0.000000
0.000000
35.887238
43.089989
0.000000
0.000000
0.000000
0.000000
64.332207
0.000000
0.000000
0.000000
0.000000
0.000000
177.061417
54.204811
0.000000
0.000000
0.000000
103.729370
0.000000
0.000000
0.000000
0.000000
0.000000
0.000000
0.000000
0.000000
0.000000
0.000000
0.000000
0.000000
0.000000
0.000000
0.000000
0.000000
0.000000
0.000000
0.000000
146.038895
0.000000
35.466362
0.000000
0.000000
0.000000
0.000000
0.000000
0.000000
190.854843
0.000000
186.711563
0.000000
0.000000
0.000000
0.000000
0.000000
0.000000
0.000000
302.682190
0.000000
0.000000
202.499557
0.000000
0.000000
0.000000
0.000000
0.000000
0.000000
0.000000
0.000000
0.000000
12.703463
0.000000
0.000000
0.000000
0.000000
0.000000
0.000000
0.000000
10.497058
97.247566
0.000000
0.000000
0.000000
0.000000
0.000000
0.000000
0.000000
132.347626
335.062042
0.000000
0.000000
101.951569
167.202560
0.000000
0.000000
0.000000
0.000000
0.000000
0.000000
0.000000
0.000000
0.000000
0.000000
0.000000
20.443810
0.000000
0.000000
0.000000
0.000000
0.000000
11.958397
301.808655
0.000000
0.000000
180.436737
0.000000
0.000000
12.119259
142.285309
0.000000
0.000000
0.000000
0.000000
0.373045
0.000000
0.000000
0.000000
0.000000
0.000000
163.636703
0.000000
0.000000
0.000000
0.000000
0.000000
0.000000
0.000000
0.000000
0.000000
0.000000
0.000000
225.474121
0.000000
0.000000
0.000000
0.000000
61.025272
0.000000
0.000000
184.597916
0.000000
0.000000
0.000000
0.000000
0.000000
0.000000
0.000000
0.000000
0.000000
0.000000
0.000000
0.000000
90.394928
0.000000
0.000000
0.000000
0.000000
0.000000
26.414373
0.000000
0.000000
0.000000
0.000000
0.000000
0.000000
83.196999
0.000000
193.976776
0.000000
147.679474
0.000000
0.000000
0.000000
0.000000
0.000000
328.795959
0.000000
0.000000
185.314880
0.000000
50.496574
0.000000
0.000000
0.000000
0.000000
0.000000
0.000000
0.000000
0.000000
0.000000
0.000000
0.000000
0.000000
0.000000
0.000000
95.706429
85.162941
140.543198
0.000000
0.000000
0.000000
0.000000
0.000000
0.000000
0.000000
74.166214
251.629929
0.000000
0.000000
9.959362
174.530426
0.000000
0.000000
0.000000
0.000000
0.000000
0.000000
0.000000
0.000000
0.000000
0.000000
0.000000
0.000000
0.000000
0.000000
0.000000
0.000000
0.000000
42.538780
24.528765
0.000000
0.000000
202.570450
0.000000
0.000000
50.055847
0.000000
0.000000
0.000000
0.000000
0.000000
0.000000
0.000000
0.000000
0.000000
55.540443
0.000000
0.000000
0.000000
19.264168
0.000000
0.000000
0.000000
0.000000
0.000000
0.000000
0.000000
0.000000
0.000000
48.657948
83.635124
0.000000
0.000000
0.000000
48.157295
0.000000
0.000000
100.583199
0.000000
0.000000
0.000000
0.000000
0.000000
0.000000
0.000000
0.000000
0.000000
0.000000
41.000214
0.000000
22.614870
0.000000
0.000000
0.000000
19.379156
0.000000
52.941856
0.000000
0.000000
0.000000
28.985592
0.000000
0.000000
83.771576
0.000000
193.017487
0.000000
63.190460
0.000000
0.000000
0.000000
0.000000
0.000000
354.678650
0.000000
0.000000
181.220245
0.000000
2.889600
0.000000
0.000000
0.000000
0.000000
0.000000
0.000000
0.000000
0.000000
0.000000
0.000000
0.000000
16.291857
0.000000
0.000000
0.000000
164.437653
155.347061
0.000000
0.000000
0.000000
0.000000
0.000000
0.000000
0.000000
79.796600
280.602753
0.000000
0.000000
80.181366
112.433571
0.000000
0.000000
0.000000
0.000000
0.000000
0.000000
0.000000
0.000000
0.000000
0.000000
0.000000
116.544800
0.000000
0.000000
0.000000
0.000000
0.000000
28.825783
41.129227
0.000000
0.000000
208.797409
0.000000
0.000000
82.764648
5.213134
0.000000
0.000000
0.000000
0.000000
0.000000
0.000000
0.000000
0.000000
0.000000
0.000000
0.000000
0.000000
0.000000
0.000000
0.000000
0.000000
0.000000
0.000000
0.000000
0.000000
0.000000
0.000000
159.716278
84.053185
0.000000
0.000000
0.000000
94.128059
0.000000
0.000000
31.387945
0.000000
0.000000
0.000000
0.000000
0.000000
0.000000
0.000000
0.000000
0.000000
0.000000
0.000000
0.000000
0.000000
0.000000
0.000000
0.000000
70.091278
0.000000
73.000641
0.000000
0.000000
0.000000
0.000000
0.000000
0.000000
78.577057
0.000000
173.702499
0.000000
78.999702
0.000000
0.000000
0.000000
0.000000
0.000000
200.332672
0.000000
0.000000
343.406982
0.000000
0.000000
0.000000
0.000000
0.000000
0.000000
0.000000
0.000000
0.000000
0.000000
0.000000
0.000000
0.000000
56.643059
0.000000
0.000000
0.915791
0.000000
118.882545
0.000000
0.000000
0.000000
0.000000
0.000000
0.000000
0.000000
0.000000
263.927704
0.000000
0.000000
95.385544
139.656921
0.000000
0.000000
0.000000
0.000000
0.000000
0.000000
0.000000
0.000000
0.000000
0.000000
0.000000
121.389923
0.000000
0.000000
0.000000
0.000000
0.000000
0.000000
0.000000
0.000000
0.000000
66.827896
0.000000
0.000000
0.000000
70.868988
0.000000
0.000000
0.000000
0.000000
0.000000
0.000000
0.000000
0.000000
0.000000
0.000000
56.216396
0.000000
0.000000
0.000000
0.000000
0.000000
0.000000
0.000000
0.000000
0.000000
0.000000
0.000000
113.902153
0.000000
0.000000
0.000000
0.000000
112.606056
0.000000
0.000000
53.510960
0.000000
0.000000
0.000000
0.000000
0.000000
0.000000
0.000000
0.000000
0.000000
0.000000
0.000000
0.000000
0.000000
0.000000
0.000000
0.000000
23.688967
0.000000
0.000000
0.000000
0.000000
0.000000
67.713913
0.000000
0.000000
126.059021
0.000000
149.512238
0.000000
0.000000
0.000000
0.000000
0.000000
0.000000
0.000000
97.866554
0.000000
0.000000
308.424835
0.000000
0.000000
0.000000
0.000000
0.000000
0.000000
0.000000
0.000000
0.000000
0.000000
0.000000
0.000000
0.000000
0.000000
0.000000
0.000000
0.000000
0.000000
0.000000
0.000000
0.000000
0.000000
0.000000
0.000000
0.000000
0.000000
0.000000
267.961517
0.000000
0.000000
0.000000
124.277023
0.000000
0.000000
0.000000
0.000000
0.000000
0.000000
0.000000
0.000000
0.000000
0.000000
0.000000
0.000000
0.000000
0.000000
0.000000
0.000000
0.000000
0.000000
136.122101
0.000000
0.000000
0.000000
0.000000
0.000000
0.000000
62.811611
0.000000
0.000000
0.000000
0.000000
0.000000
0.000000
7.770585
0.000000
0.000000
0.000000
152.793228
0.000000
0.000000
0.000000
0.000000
0.000000
0.000000
0.000000
0.000000
0.000000
0.000000
0.000000
85.080353
0.000000
0.000000
0.000000
0.000000
115.235962
252.851273
0.000000
192.598633
0.000000
0.000000
0.000000
0.000000
0.000000
