0.000000
0.000000
0.000000
0.000000
0.000000
0.000000
0.000000
0.000000
0.000000
0.000000
0.000000
0.000000
1.398215
0.000000
0.000000
0.000000
0.000000
73.616684
0.000000
0.000000
72.376526
0.000000
151.605972
0.000000
86.539391
0.000000
0.000000
0.000000
0.000000
0.000000
75.378769
0.000000
0.000000
474.514282
0.000000
0.000000
0.000000
0.000000
0.000000
0.000000
0.000000
0.000000
0.000000
0.000000
0.000000
0.000000
0.000000
6.344643
0.000000
0.000000
14.821236
45.370804
0.000000
0.000000
0.000000
0.000000
0.000000
0.000000
0.000000
0.000000
0.000000
328.193756
0.000000
0.000000
18.773758
122.302620
0.000000
0.000000
0.000000
0.000000
0.000000
0.000000
0.000000
0.000000
0.000000
0.000000
0.000000
45.065407
0.000000
0.000000
0.000000
0.000000
0.000000
0.000000
0.000000
0.000000
0.000000
0.000000
0.000000
0.000000
0.000000
61.817474
0.000000
0.000000
0.000000
0.000000
0.000000
0.000000
0.000000
0.000000
0.000000
0.000000
36.027828
0.000000
0.000000
0.000000
0.000000
0.000000
0.000000
0.000000
0.000000
0.000000
0.000000
0.000000
179.063370
0.000000
0.000000
0.000000
0.000000
158.980881
0.000000
0.000000
92.456879
0.000000
0.000000
0.000000
0.000000
0.000000
0.000000
0.000000
0.000000
0.000000
0.000000
0.000000
2.800408
0.000000
0.000000
0.000000
0.000000
0.000000
0.000000
0.000000
0.000000
0.000000
0.000000
88.237984
0.000000
0.000000
74.278442
0.000000
152.612991
0.000000
0.000000
0.000000
0.000000
0.000000
0.000000
0.000000
90.490532
0.000000
0.000000
463.836273
0.000000
0.000000
0.000000
0.000000
0.000000
0.000000
0.000000
0.000000
0.000000
49.802086
0.000000
0.000000
0.000000
0.000000
0.000000
0.000000
0.000000
0.000000
0.000000
0.000000
0.000000
0.000000
0.000000
0.000000
0.000000
0.000000
0.000000
360.088776
0.000000
0.000000
26.276993
59.879936
0.000000
0.000000
0.000000
0.000000
0.000000
0.000000
0.000000
0.000000
0.000000
0.000000
0.000000
6.025756
0.000000
10.426576
0.000000
0.000000
0.000000
0.000000
4.303276
0.000000
0.000000
0.000000
0.000000
0.000000
0.000000
146.739868
0.000000
0.000000
0.000000
0.000000
0.000000
0.000000
0.000000
0.000000
0.000000
0.000000
136.153732
0.000000
0.000000
0.000000
0.000000
0.000000
0.000000
0.000000
0.000000
0.000000
0.000000
0.000000
117.170860
65.771065
0.000000
0.000000
0.000000
156.944870
0.000000
0.000000
16.984434
0.000000
0.000000
0.000000
0.000000
0.000000
0.000000
0.000000
0.000000
0.000000
0.000000
0.000000
0.000000
0.000000
0.000000
0.000000
0.000000
0.000000
0.000000
0.000000
0.000000
0.000000
0.000000
119.385605
0.000000
0.000000
92.926331
0.000000
223.281433
0.000000
0.000000
0.000000
0.000000
0.000000
0.000000
0.000000
145.616455
0.000000
0.000000
484.430695
0.000000
0.000000
0.000000
0.000000
0.000000
0.000000
0.000000
0.000000
0.000000
0.000000
0.000000
0.000000
0.000000
0.000000
0.000000
0.000000
0.000000
9.431793
36.038288
0.000000
0.000000
0.000000
0.000000
0.000000
0.000000
0.000000
57.076977
388.838165
0.000000
0.000000
19.656799
72.827316
0.000000
0.000000
0.000000
0.000000
0.000000
0.000000
0.000000
0.000000
0.000000
0.000000
0.000000
56.530220
0.000000
0.000000
0.000000
0.000000
0.000000
0.000000
43.129326
0.000000
0.000000
0.000000
0.000000
0.000000
0.000000
112.964729
0.000000
0.000000
0.000000
0.000000
0.000000
0.000000
0.000000
0.000000
0.000000
0.000000
172.927521
0.000000
0.000000
0.000000
0.000000
0.000000
0.000000
0.000000
0.000000
0.000000
0.000000
23.450228
66.643959
38.729473
0.000000
0.000000
0.000000
191.968689
0.000000
0.000000
33.076115
0.000000
0.000000
0.000000
0.000000
0.000000
0.000000
0.000000
0.000000
0.000000
0.000000
0.000000
0.000000
0.000000
0.000000
0.000000
0.000000
0.000000
0.000000
0.000000
0.000000
0.000000
0.000000
85.850632
0.000000
0.000000
103.892746
0.000000
272.771027
0.000000
0.000000
0.000000
0.000000
0.000000
0.000000
0.000000
210.011169
0.000000
0.000000
450.044159
0.000000
0.000000
0.000000
0.000000
0.000000
0.000000
0.000000
0.000000
0.000000
0.000000
0.000000
0.000000
0.000000
0.000000
0.000000
0.000000
0.000000
0.000000
24.296263
0.000000
0.000000
0.000000
0.000000
0.000000
0.000000
4.250979
59.954685
401.163239
0.000000
0.000000
0.000000
106.611267
0.000000
0.000000
0.000000
0.000000
0.000000
0.000000
0.000000
0.000000
0.000000
0.000000
0.000000
0.000000
0.000000
0.000000
0.000000
0.000000
0.000000
0.000000
205.869537
0.000000
0.000000
8.399276
0.000000
4.934590
0.000000
138.049652
0.000000
0.000000
0.000000
0.000000
0.000000
0.000000
0.000000
0.000000
0.000000
0.000000
179.799728
0.000000
0.000000
0.000000
0.000000
0.000000
54.372955
0.000000
0.000000
0.000000
0.000000
45.483952
122.099258
21.012644
0.000000
0.000000
0.000000
166.983475
129.078796
0.000000
76.328529
0.000000
0.000000
0.000000
0.000000
0.000000
0.000000
0.000000
0.000000
0.000000
0.000000
21.159006
0.000000
135.372314
0.000000
0.000000
0.000000
0.000000
145.651672
0.000000
0.000000
0.000000
0.000000
157.884369
0.000000
0.000000
35.780811
0.000000
0.000000
0.000000
208.423462
0.000000
0.000000
0.000000
0.000000
50.834988
388.488373
0.000000
0.000000
0.000000
0.000000
0.000000
0.000000
0.000000
0.000000
0.000000
0.000000
0.000000
0.000000
0.000000
0.000000
0.000000
0.000000
6.111534
0.000000
0.000000
74.713921
65.228432
139.037888
0.000000
0.000000
0.000000
39.489624
0.000000
0.000000
0.000000
65.557816
421.288849
0.000000
0.000000
0.000000
24.041462
0.000000
0.000000
0.000000
0.000000
0.000000
0.000000
0.000000
0.000000
0.000000
0.000000
0.000000
80.330299
0.000000
0.000000
0.000000
0.000000
0.000000
115.047630
104.799477
0.000000
0.000000
224.796860
0.000000
19.942440
196.189697
0.000000
0.000000
0.000000
0.000000
0.000000
0.000000
0.000000
0.000000
0.000000
21.436884
0.000000
5.843620
43.552330
116.328064
0.000000
0.000000
0.000000
232.642776
0.000000
0.000000
0.000000
0.000000
0.000000
221.352005
0.000000
0.000000
0.000000
0.000000
38.924328
0.000000
0.000000
135.988632
0.000000
0.000000
0.000000
0.000000
0.000000
0.000000
0.000000
0.000000
0.000000
0.000000
56.995537
0.000000
0.000000
0.000000
0.000000
0.000000
0.000000
195.067505
0.000000
0.000000
0.000000
0.000000
158.191986
0.000000
0.000000
28.694981
0.000000
177.947617
0.000000
76.346764
0.000000
0.000000
0.000000
0.000000
0.000000
335.355194
0.000000
0.000000
10.144928
0.000000
0.000000
0.000000
0.000000
0.000000
0.000000
0.000000
0.000000
0.000000
0.000000
0.000000
0.000000
0.000000
0.000000
0.000000
0.000000
0.000000
51.759918
53.432697
0.000000
0.000000
0.000000
0.000000
0.000000
0.000000
0.000000
217.926437
464.342102
0.000000
0.000000
14.757532
0.000000
0.000000
0.000000
0.000000
0.000000
0.000000
0.000000
0.000000
0.000000
0.000000
0.000000
0.000000
0.000000
0.000000
0.000000
0.000000
0.000000
0.000000
86.177750
66.603149
0.000000
0.000000
87.927055
0.000000
13.410482
169.504349
0.000000
0.000000
0.000000
0.000000
0.000000
0.000000
0.000000
0.000000
0.000000
0.000000
0.000000
117.110573
48.809120
73.975166
0.000000
0.000000
0.000000
282.843658
0.000000
0.000000
0.000000
0.000000
0.000000
168.642059
26.317057
0.000000
0.000000
0.000000
34.428829
161.748352
0.000000
82.600403
0.000000
0.000000
0.000000
0.000000
0.000000
0.000000
0.000000
0.000000
0.000000
0.000000
119.270599
0.000000
0.000000
0.000000
0.000000
0.000000
0.000000
88.160172
84.781464
0.000000
0.000000
0.000000
149.948929
0.000000
0.000000
0.000000
0.000000
219.000687
0.000000
69.543938
0.000000
0.000000
0.000000
0.000000
0.000000
445.050232
0.000000
0.000000
0.000000
0.000000
0.000000
0.000000
0.000000
0.000000
0.000000
0.000000
0.000000
0.000000
0.000000
0.000000
0.000000
0.000000
0.000000
0.000000
0.000000
0.000000
69.274773
161.125809
0.000000
0.000000
0.000000
0.000000
0.000000
0.000000
0.000000
330.469635
469.234344
0.000000
0.000000
80.062958
0.000000
0.000000
0.000000
0.000000
0.000000
0.000000
0.000000
0.000000
0.000000
0.000000
0.000000
0.000000
108.715797
0.000000
0.000000
0.000000
0.000000
0.000000
127.119118
58.852222
0.000000
0.000000
242.449112
0.000000
11.373045
241.771225
0.000000
0.000000
0.000000
0.000000
0.000000
0.000000
0.000000
0.000000
0.000000
0.000000
0.000000
84.076653
160.901031
69.918182
0.000000
0.000000
0.000000
304.736694
0.000000
0.000000
0.000000
0.000000
0.000000
82.136307
45.439663
0.000000
0.000000
0.000000
50.516590
119.317955
0.000000
20.354469
0.000000
0.000000
0.000000
0.000000
0.000000
0.000000
0.000000
0.000000
0.000000
0.000000
61.424667
0.000000
0.000000
0.000000
0.000000
0.000000
49.249317
49.912979
74.159317
0.000000
0.000000
0.000000
110.602562
0.000000
0.000000
107.199585
0.000000
249.519775
0.000000
44.153736
0.000000
0.000000
0.000000
0.000000
21.739590
373.324463
0.000000
0.000000
103.655952
0.000000
0.000000
0.000000
0.000000
0.000000
0.000000
0.000000
0.000000
0.000000
0.000000
0.000000
0.000000
0.000000
0.000000
0.000000
0.000000
0.000000
5.488913
118.377228
0.000000
0.000000
0.000000
0.000000
0.000000
0.000000
0.000000
253.521133
401.000153
0.000000
0.000000
68.955345
37.860817
0.000000
0.000000
0.000000
0.000000
0.000000
0.000000
0.000000
0.000000
0.000000
0.000000
0.000000
82.626358
0.000000
0.000000
0.000000
0.000000
0.000000
93.460228
291.056488
0.000000
0.000000
231.355133
0.000000
0.000000
179.128082
0.000000
0.000000
0.000000
0.000000
0.000000
0.000000
0.000000
0.000000
0.000000
0.000000
0.000000
156.411301
132.491425
37.473927
0.000000
0.000000
0.000000
208.466919
0.000000
0.000000
0.000000
0.000000
0.000000
247.654724
0.000000
0.000000
0.000000
0.000000
91.610985
95.167542
0.000000
163.111191
0.000000
0.000000
0.000000
0.000000
0.000000
0.000000
0.000000
0.000000
0.000000
0.000000
84.030586
0.000000
34.157101
0.000000
0.000000
0.000000
0.000000
29.457182
21.566242
0.000000
0.000000
0.000000
0.000000
0.000000
0.000000
75.671738
0.000000
137.465408
0.000000
291.163788
0.000000
0.000000
0.000000
0.000000
36.368057
414.065002
0.000000
0.000000
51.641850
0.000000
0.000000
0.000000
0.000000
0.000000
0.000000
0.000000
0.000000
0.000000
0.000000
0.000000
0.000000
0.000000
12.692344
0.000000
0.000000
95.930641
98.120575
168.611191
0.000000
0.000000
0.000000
58.974274
0.000000
0.000000
0.000000
101.944283
340.517242
0.000000
0.000000
39.652454
111.091728
0.000000
0.000000
0.000000
0.000000
0.000000
0.000000
0.000000
0.000000
0.000000
0.000000
0.000000
79.983612
0.000000
0.000000
0.000000
0.000000
0.000000
144.590073
62.127529
0.000000
0.000000
343.214264
0.000000
21.926239
230.081726
0.000000
0.000000
0.000000
0.000000
0.000000
0.000000
0.000000
0.000000
0.000000
59.458199
0.000000
0.000000
118.088898
122.699936
0.000000
0.000000
5.473870
143.973724
0.000000
0.000000
0.000000
0.000000
0.000000
187.874222
0.000000
0.000000
0.000000
0.000000
59.106312
0.000000
0.000000
81.788223
0.000000
0.000000
0.000000
0.000000
0.000000
0.000000
0.000000
0.000000
0.000000
0.000000
96.888451
0.000000
9.236075
0.000000
0.000000
0.000000
40.226307
24.482098
0.000000
0.000000
0.000000
0.000000
29.971941
0.000000
0.000000
91.241592
0.000000
226.637238
0.000000
112.333290
0.000000
0.000000
0.000000
0.000000
16.666546
353.404633
0.000000
0.000000
65.601555
0.000000
14.681884
0.000000
0.000000
0.000000
0.000000
0.000000
0.000000
0.000000
0.000000
0.000000
0.000000
0.000000
28.632179
0.000000
0.000000
0.000000
170.116241
174.025223
0.000000
0.000000
0.000000
7.868536
0.000000
0.000000
0.000000
222.746384
389.733795
0.000000
0.000000
98.341019
160.800598
0.000000
0.000000
0.000000
0.000000
0.000000
0.000000
0.000000
0.000000
0.000000
0.000000
0.000000
35.315048
0.000000
0.000000
0.000000
0.000000
0.000000
112.923409
74.746002
0.000000
0.000000
227.071976
0.000000
0.000000
136.057037
63.001503
0.000000
0.000000
0.000000
0.000000
0.000000
0.000000
0.000000
0.000000
0.000000
0.000000
28.679939
79.727737
75.349571
0.000000
0.000000
0.000000
169.911972
0.000000
0.000000
0.000000
0.000000
0.000000
240.481232
55.483086
0.000000
0.000000
0.000000
109.400696
0.000000
0.000000
60.222717
0.000000
0.000000
0.000000
0.000000
0.000000
0.000000
0.000000
0.000000
0.000000
0.000000
103.322479
0.000000
0.000000
0.000000
0.000000
0.000000
93.842712
0.000000
27.777468
0.000000
0.000000
0.000000
0.000000
0.000000
0.000000
121.060715
0.000000
236.431015
0.000000
56.818676
0.000000
0.000000
0.000000
0.000000
6.610108
392.832642
0.000000
0.000000
205.444260
0.000000
0.000000
0.000000
0.000000
0.000000
0.000000
0.000000
0.000000
0.000000
30.965242
0.000000
0.000000
0.000000
0.000000
0.000000
0.000000
0.000000
84.373314
155.200211
0.000000
0.000000
0.000000
0.000000
0.000000
0.000000
0.000000
287.500793
371.560944
0.000000
0.000000
181.480865
173.078476
0.000000
0.000000
0.000000
0.000000
0.000000
0.000000
0.000000
0.000000
0.000000
0.000000
0.000000
104.646461
0.000000
0.000000
0.000000
0.000000
0.000000
34.052605
54.587753
0.000000
0.000000
192.884094
0.000000
0.000000
68.742371
29.716803
0.000000
0.000000
0.000000
0.000000
0.000000
0.000000
0.000000
0.000000
0.000000
0.000000
35.887321
43.090092
0.000000
0.000000
0.000000
0.000000
64.332634
0.000000
0.000000
0.000000
0.000000
0.000000
177.061386
54.204926
0.000000
0.000000
0.000000
103.729362
0.000000
0.000000
0.000000
0.000000
0.000000
0.000000
0.000000
0.000000
0.000000
0.000000
0.000000
0.000000
0.000000
0.000000
0.000000
0.000000
0.000000
0.000000
0.000000
146.038773
0.000000
35.466408
0.000000
0.000000
0.000000
0.000000
0.000000
0.000000
190.854828
0.000000
186.711472
0.000000
0.000000
0.000000
0.000000
0.000000
0.000000
0.000000
302.682190
0.000000
0.000000
202.499588
0.000000
0.000000
0.000000
0.000000
0.000000
0.000000
0.000000
0.000000
0.000000
12.703436
0.000000
0.000000
0.000000
0.000000
0.000000
0.000000
0.000000
10.497114
97.247520
0.000000
0.000000
0.000000
0.000000
0.000000
0.000000
0.000000
132.347748
335.061951
0.000000
0.000000
101.951691
167.202545
0.000000
0.000000
0.000000
0.000000
0.000000
0.000000
0.000000
0.000000
0.000000
0.000000
0.000000
20.443939
0.000000
0.000000
0.000000
0.000000
0.000000
11.958338
301.808685
0.000000
0.000000
180.436752
0.000000
0.000000
12.119288
142.285263
0.000000
0.000000
0.000000
0.000000
0.373060
0.000000
0.000000
0.000000
0.000000
0.000000
163.636642
0.000000
0.000000
0.000000
0.000000
0.000000
0.000000
0.000000
0.000000
0.000000
0.000000
0.000000
225.474136
0.000000
0.000000
0.000000
0.000000
61.025272
0.000000
0.000000
184.597977
0.000000
0.000000
0.000000
0.000000
0.000000
0.000000
0.000000
0.000000
0.000000
0.000000
0.000000
0.000000
90.394951
0.000000
0.000000
0.000000
0.000000
0.000000
26.414299
0.000000
0.000000
0.000000
0.000000
0.000000
0.000000
83.197006
0.000000
193.976715
0.000000
147.679520
0.000000
0.000000
0.000000
0.000000
0.000000
328.795929
0.000000
0.000000
185.314835
0.000000
50.496471
0.000000
0.000000
0.000000
0.000000
0.000000
0.000000
0.000000
0.000000
0.000000
0.000000
0.000000
0.000000
0.000000
0.000000
95.706467
85.162918
140.543198
0.000000
0.000000
0.000000
0.000000
0.000000
0.000000
0.000000
74.166206
251.629913
0.000000
0.000000
9.959367
174.530457
0.000000
0.000000
0.000000
0.000000
0.000000
0.000000
0.000000
0.000000
0.000000
0.000000
0.000000
0.000000
0.000000
0.000000
0.000000
0.000000
0.000000
42.538780
24.528761
0.000000
0.000000
202.570389
0.000000
0.000000
50.055847
0.000000
0.000000
0.000000
0.000000
0.000000
0.000000
0.000000
0.000000
0.000000
55.540436
0.000000
0.000000
0.000000
19.264160
0.000000
0.000000
0.000000
0.000000
0.000000
0.000000
0.000000
0.000000
0.000000
48.657917
83.635109
0.000000
0.000000
0.000000
48.157276
0.000000
0.000000
100.583054
0.000000
0.000000
0.000000
0.000000
0.000000
0.000000
0.000000
0.000000
0.000000
0.000000
41.000198
0.000000
22.614851
0.000000
0.000000
0.000000
19.379183
0.000000
52.941784
0.000000
0.000000
0.000000
28.985582
0.000000
0.000000
83.771584
0.000000
193.017487
0.000000
63.190411
0.000000
0.000000
0.000000
0.000000
0.000000
354.678680
0.000000
0.000000
181.220230
0.000000
2.889547
0.000000
0.000000
0.000000
0.000000
0.000000
0.000000
0.000000
0.000000
0.000000
0.000000
0.000000
16.291893
0.000000
0.000000
0.000000
164.437637
155.347046
0.000000
0.000000
0.000000
0.000000
0.000000
0.000000
0.000000
79.796593
280.602753
0.000000
0.000000
80.181366
112.433578
0.000000
0.000000
0.000000
0.000000
0.000000
0.000000
0.000000
0.000000
0.000000
0.000000
0.000000
116.544792
0.000000
0.000000
0.000000
0.000000
0.000000
28.825754
41.129211
0.000000
0.000000
208.797394
0.000000
0.000000
82.764641
5.213119
0.000000
0.000000
0.000000
0.000000
0.000000
0.000000
0.000000
0.000000
0.000000
0.000000
0.000000
0.000000
0.000000
0.000000
0.000000
0.000000
0.000000
0.000000
0.000000
0.000000
0.000000
0.000000
159.716278
84.053192
0.000000
0.000000
0.000000
94.128059
0.000000
0.000000
31.387934
0.000000
0.000000
0.000000
0.000000
0.000000
0.000000
0.000000
0.000000
0.000000
0.000000
0.000000
0.000000
0.000000
0.000000
0.000000
0.000000
70.091324
0.000000
73.000671
0.000000
0.000000
0.000000
0.000000
0.000000
0.000000
78.577065
0.000000
173.702454
0.000000
78.999588
0.000000
0.000000
0.000000
0.000000
0.000000
200.332687
0.000000
0.000000
343.406982
0.000000
0.000000
0.000000
0.000000
0.000000
0.000000
0.000000
0.000000
0.000000
0.000000
0.000000
0.000000
0.000000
56.642998
0.000000
0.000000
0.915780
0.000000
118.882553
0.000000
0.000000
0.000000
0.000000
0.000000
0.000000
0.000000
0.000000
263.927612
0.000000
0.000000
95.385498
139.656876
0.000000
0.000000
0.000000
0.000000
0.000000
0.000000
0.000000
0.000000
0.000000
0.000000
0.000000
121.389961
0.000000
0.000000
0.000000
0.000000
0.000000
0.000000
0.000000
0.000000
0.000000
66.827858
0.000000
0.000000
0.000000
70.869019
0.000000
0.000000
0.000000
0.000000
0.000000
0.000000
0.000000
0.000000
0.000000
0.000000
56.216412
0.000000
0.000000
0.000000
0.000000
0.000000
0.000000
0.000000
0.000000
0.000000
0.000000
0.000000
113.902115
0.000000
0.000000
0.000000
0.000000
112.606041
0.000000
0.000000
53.510944
0.000000
0.000000
0.000000
0.000000
0.000000
0.000000
0.000000
0.000000
0.000000
0.000000
0.000000
0.000000
0.000000
0.000000
0.000000
0.000000
23.688936
0.000000
0.000000
0.000000
0.000000
0.000000
67.713867
0.000000
0.000000
126.059013
0.000000
149.512207
0.000000
0.000000
0.000000
0.000000
0.000000
0.000000
0.000000
97.866539
0.000000
0.000000
308.424805
0.000000
0.000000
0.000000
0.000000
0.000000
0.000000
0.000000
0.000000
0.000000
0.000000
0.000000
0.000000
0.000000
0.000000
0.000000
0.000000
0.000000
0.000000
0.000000
0.000000
0.000000
0.000000
0.000000
0.000000
0.000000
0.000000
0.000000
267.961456
0.000000
0.000000
0.000000
124.277016
0.000000
0.000000
0.000000
0.000000
0.000000
0.000000
0.000000
0.000000
0.000000
0.000000
0.000000
0.000000
0.000000
0.000000
0.000000
0.000000
0.000000
0.000000
136.122101
0.000000
0.000000
0.000000
0.000000
0.000000
0.000000
62.811600
0.000000
0.000000
0.000000
0.000000
0.000000
0.000000
7.770600
0.000000
0.000000
0.000000
152.793228
0.000000
0.000000
0.000000
0.000000
0.000000
0.000000
0.000000
0.000000
0.000000
0.000000
0.000000
85.080353
0.000000
0.000000
0.000000
0.000000
115.235939
252.851288
0.000000
192.598618
0.000000
0.000000
0.000000
0.000000
0.000000
