0.000000
0.000000
0.000000
0.000000
0.000000
0.000000
26.398855
0.000000
0.000000
0.000000
0.000000
0.000000
0.000000
0.000000
0.000000
0.000000
0.000000
13.620189
0.000000
0.000000
26.398855
0.000000
102.509842
0.000000
0.000000
0.000000
0.000000
0.000000
0.000000
0.000000
65.077698
0.000000
0.000000
0.000000
0.000000
0.000000
0.000000
0.000000
0.000000
0.000000
0.000000
0.000000
0.000000
0.000000
0.000000
0.000000
0.000000
0.000000
0.000000
0.000000
0.000000
0.000000
0.000000
0.000000
0.000000
0.000000
0.000000
0.000000
0.000000
0.000000
18.575817
176.657272
0.000000
0.000000
0.000000
0.000000
0.000000
0.000000
0.000000
0.000000
0.000000
0.000000
0.000000
0.000000
0.000000
0.000000
0.000000
0.000000
0.000000
0.000000
0.000000
0.000000
0.000000
0.000000
17.329119
0.000000
0.000000
0.000000
0.000000
0.000000
29.110426
0.000000
0.000000
0.000000
0.000000
0.000000
0.000000
0.000000
0.000000
0.000000
0.000000
0.000000
0.000000
0.000000
0.000000
0.000000
0.000000
0.000000
0.000000
0.000000
0.000000
0.000000
0.000000
0.000000
42.699448
0.000000
0.000000
0.000000
0.000000
5.017964
59.187042
0.000000
48.091419
0.000000
0.000000
0.000000
0.000000
0.000000
0.000000
0.000000
0.000000
0.000000
0.000000
0.000000
12.466991
0.000000
0.000000
0.000000
0.000000
0.000000
0.000000
0.000000
0.000000
0.000000
0.000000
51.551010
0.000000
0.000000
47.623909
0.000000
81.284782
0.000000
0.000000
0.000000
0.000000
0.000000
0.000000
0.000000
108.182320
0.000000
0.000000
1.433704
0.000000
0.000000
0.000000
0.000000
0.000000
0.000000
0.000000
0.000000
0.000000
37.400974
0.000000
0.000000
0.000000
0.000000
0.000000
0.000000
0.000000
37.837318
56.568974
0.000000
0.000000
0.000000
0.000000
0.000000
0.000000
0.000000
0.000000
167.026520
0.000000
0.000000
0.000000
21.754900
0.000000
0.000000
0.000000
0.000000
0.000000
0.000000
0.000000
0.000000
0.000000
0.000000
0.000000
0.000000
0.000000
0.000000
0.000000
0.000000
0.000000
0.000000
20.695206
0.000000
0.000000
0.000000
0.000000
0.000000
16.113586
0.000000
0.000000
0.000000
0.000000
0.000000
0.000000
0.000000
0.000000
0.000000
0.000000
0.000000
24.248299
0.000000
0.000000
0.000000
0.000000
0.000000
0.000000
0.000000
0.000000
0.000000
0.000000
0.000000
116.597542
0.000000
0.000000
0.000000
0.000000
4.238777
65.420540
0.000000
19.136833
0.000000
0.000000
0.000000
0.000000
0.000000
0.000000
0.000000
0.000000
0.000000
0.000000
0.000000
24.466471
7.355525
0.000000
0.000000
0.000000
0.000000
0.000000
0.000000
0.000000
0.000000
0.000000
76.391495
11.064455
0.000000
65.482872
0.000000
49.930302
0.000000
0.000000
0.000000
0.000000
0.000000
0.000000
22.253580
77.794029
0.000000
0.000000
21.006882
0.000000
0.000000
0.000000
0.000000
0.000000
0.000000
0.000000
0.000000
0.000000
43.883812
0.000000
0.000000
0.000000
4.207610
0.000000
0.000000
0.000000
109.055008
91.570053
0.000000
0.000000
0.000000
0.000000
0.000000
0.000000
0.000000
0.000000
133.895493
0.000000
0.000000
0.000000
34.564735
0.000000
0.000000
0.000000
0.000000
0.000000
0.000000
0.000000
0.000000
0.000000
0.000000
0.000000
3.490758
0.000000
0.000000
0.000000
0.000000
0.000000
0.000000
89.637672
0.000000
0.000000
3.334920
0.000000
0.000000
0.000000
0.000000
0.000000
0.000000
0.000000
0.000000
0.000000
0.000000
0.000000
0.000000
0.000000
0.000000
0.000000
0.000000
0.000000
0.000000
0.000000
0.000000
0.000000
0.000000
0.000000
0.000000
0.000000
0.000000
167.556366
0.000000
0.000000
0.000000
0.000000
26.897535
0.000000
0.000000
10.472273
0.000000
0.000000
0.000000
0.000000
0.000000
0.000000
0.000000
0.000000
0.000000
0.000000
0.000000
24.996319
0.000000
0.000000
0.000000
0.000000
0.000000
0.000000
0.000000
0.000000
0.000000
0.000000
43.011120
39.333359
0.000000
99.486595
0.000000
15.427902
0.000000
4.924462
0.000000
0.000000
0.000000
0.000000
11.220292
22.534088
0.000000
0.000000
42.979954
0.000000
0.000000
0.000000
0.000000
0.000000
0.000000
0.000000
0.000000
0.000000
0.000000
0.000000
0.000000
0.000000
16.456429
0.000000
0.000000
28.424742
92.286903
37.307472
0.000000
0.000000
0.000000
0.000000
0.000000
0.000000
0.000000
0.000000
114.820992
0.000000
0.000000
0.000000
89.450668
0.000000
0.000000
0.000000
0.000000
0.000000
0.000000
0.000000
0.000000
0.000000
0.000000
0.000000
0.000000
0.000000
0.000000
0.000000
0.000000
0.000000
0.000000
113.106781
0.000000
0.000000
0.000000
0.000000
0.000000
0.000000
101.169640
0.000000
0.000000
0.000000
0.000000
0.000000
0.000000
0.000000
0.000000
0.000000
0.000000
0.000000
0.000000
0.000000
0.000000
0.000000
0.000000
0.000000
0.000000
0.000000
0.000000
0.000000
0.000000
146.237808
0.000000
0.000000
0.000000
0.000000
43.946144
0.000000
0.000000
115.880692
0.000000
0.000000
0.000000
0.000000
0.000000
0.000000
0.000000
0.000000
0.000000
0.000000
0.000000
25.588501
0.000000
0.000000
0.000000
0.000000
0.000000
0.000000
0.000000
0.000000
0.000000
0.000000
41.733253
31.229815
0.000000
90.011681
0.000000
4.799792
0.000000
27.489717
0.000000
0.000000
0.000000
0.000000
17.173281
0.000000
0.000000
0.000000
48.590099
0.000000
0.000000
0.000000
0.000000
22.783428
0.000000
0.000000
0.000000
0.000000
0.000000
0.000000
0.000000
0.000000
0.000000
0.000000
0.000000
0.000000
1.309034
42.107265
0.000000
0.000000
0.000000
0.000000
0.000000
0.000000
0.000000
0.000000
144.367767
0.000000
0.000000
0.000000
100.234612
0.000000
0.000000
0.000000
0.000000
0.000000
0.000000
0.000000
0.000000
0.000000
0.000000
0.000000
0.000000
0.000000
0.000000
0.000000
0.000000
0.000000
0.000000
92.162239
0.000000
0.000000
0.000000
0.000000
0.000000
0.000000
134.487671
0.000000
0.000000
0.000000
0.000000
0.000000
0.000000
46.221371
0.000000
0.000000
0.000000
8.165879
0.000000
45.161678
0.000000
0.000000
0.000000
0.000000
0.000000
0.000000
0.000000
0.000000
0.000000
43.073456
0.000000
0.000000
0.000000
0.000000
20.352364
0.000000
0.000000
110.208206
0.000000
0.000000
0.000000
0.000000
0.000000
0.000000
0.000000
0.000000
0.000000
0.000000
0.000000
29.889612
0.000000
0.000000
0.000000
0.000000
0.000000
0.000000
0.000000
0.000000
0.000000
0.000000
60.090900
34.845242
0.000000
100.702126
0.000000
28.487076
0.000000
27.552052
0.000000
0.000000
0.000000
0.000000
37.650314
38.211330
0.000000
0.000000
49.836800
0.000000
0.000000
0.000000
0.000000
16.799271
0.000000
0.000000
0.000000
0.000000
0.000000
0.000000
0.000000
0.000000
0.000000
0.000000
0.000000
0.000000
96.556854
76.391495
0.000000
0.000000
0.000000
0.000000
0.000000
0.000000
9.848924
0.000000
123.797226
0.000000
0.000000
0.000000
81.752296
0.000000
0.000000
0.000000
0.000000
0.000000
0.000000
0.000000
0.000000
0.000000
0.000000
0.000000
0.000000
0.000000
0.000000
0.000000
0.000000
0.000000
0.000000
71.654037
0.000000
0.000000
0.000000
0.000000
0.000000
0.000000
77.918701
0.000000
0.000000
0.000000
0.000000
0.000000
0.000000
61.618107
0.000000
0.000000
0.000000
35.749100
0.000000
80.786110
0.000000
0.000000
0.000000
0.000000
0.000000
0.000000
0.000000
0.000000
0.000000
75.612305
0.000000
0.000000
0.000000
0.000000
0.000000
0.000000
0.000000
71.280022
0.000000
0.000000
0.000000
0.000000
12.186484
0.000000
0.000000
0.000000
0.000000
0.000000
0.000000
8.633391
0.000000
0.000000
0.000000
0.000000
0.000000
0.000000
0.000000
0.000000
0.000000
46.190205
54.293747
18.980995
0.000000
95.995834
0.000000
54.449585
0.000000
42.637112
0.000000
0.000000
0.000000
0.000000
25.806673
118.623428
0.000000
0.000000
56.568974
0.000000
0.000000
0.000000
0.000000
0.000000
0.000000
0.000000
0.000000
0.000000
0.000000
0.000000
0.000000
0.000000
0.000000
0.000000
0.000000
14.274706
240.737610
106.000595
0.000000
0.000000
0.000000
22.939264
0.000000
0.000000
0.249340
0.000000
128.628189
0.000000
0.000000
0.000000
12.529326
0.000000
0.000000
0.000000
0.000000
0.000000
0.000000
0.000000
0.000000
0.000000
0.000000
0.000000
67.384087
0.000000
0.000000
0.000000
0.000000
0.000000
0.000000
59.592220
4.020605
0.000000
43.166958
0.000000
0.000000
0.000000
66.106224
0.000000
0.000000
0.000000
0.000000
0.000000
0.000000
0.000000
0.000000
0.000000
0.000000
0.000000
0.000000
18.575817
0.000000
0.000000
0.000000
0.000000
0.000000
0.000000
0.000000
0.000000
0.000000
102.790344
0.000000
0.000000
0.000000
0.000000
0.000000
0.000000
0.000000
0.000000
0.000000
0.000000
0.000000
13.963031
79.819916
0.000000
0.000000
0.000000
0.000000
0.000000
0.000000
0.000000
0.000000
0.000000
0.000000
0.000000
0.000000
0.000000
0.000000
0.000000
0.000000
0.374010
0.000000
0.000000
0.000000
70.532005
0.000000
72.339722
0.000000
83.902855
0.000000
0.000000
0.000000
0.000000
0.000000
77.731689
0.000000
0.000000
67.508759
0.000000
0.000000
0.000000
0.000000
0.000000
0.000000
0.000000
0.000000
0.000000
0.000000
0.000000
0.000000
0.000000
0.000000
0.000000
0.000000
88.889648
149.448059
52.579536
0.000000
0.000000
0.000000
0.000000
0.000000
0.000000
0.000000
0.000000
135.827881
0.000000
0.000000
0.000000
0.000000
0.000000
0.000000
0.000000
0.000000
0.000000
0.000000
0.000000
0.000000
0.000000
0.000000
0.000000
34.315395
0.000000
0.000000
0.000000
0.000000
0.000000
0.000000
0.000000
0.000000
0.000000
42.107265
0.000000
0.000000
0.000000
15.708409
0.000000
0.000000
0.000000
0.000000
0.000000
0.000000
0.000000
0.000000
0.000000
0.000000
0.000000
0.000000
0.000000
0.000000
0.000000
0.000000
0.000000
0.000000
0.000000
0.000000
0.000000
0.000000
28.300072
0.000000
0.000000
0.000000
0.000000
0.000000
0.000000
0.000000
0.000000
0.000000
0.000000
0.000000
0.000000
8.321717
0.000000
0.000000
0.000000
0.000000
0.000000
0.000000
57.192326
0.000000
0.000000
0.000000
0.000000
0.000000
0.000000
0.000000
0.000000
0.000000
0.000000
0.000000
0.000000
0.000000
23.344442
0.000000
97.772385
0.000000
0.000000
0.000000
0.000000
0.000000
0.000000
0.000000
103.538368
0.000000
0.000000
0.000000
0.000000
0.000000
0.000000
0.000000
0.000000
0.000000
0.000000
0.000000
0.000000
0.000000
0.000000
0.000000
0.000000
0.000000
0.000000
0.000000
0.000000
0.000000
0.000000
0.000000
0.000000
0.000000
0.000000
0.000000
0.000000
0.000000
17.516123
211.035004
0.000000
0.000000
0.000000
0.000000
0.000000
0.000000
0.000000
0.000000
0.000000
0.000000
0.000000
0.000000
0.000000
0.000000
0.000000
0.000000
0.000000
0.000000
0.000000
0.000000
0.000000
0.000000
4.145275
0.000000
0.000000
0.000000
0.000000
0.000000
72.308556
0.000000
0.000000
0.000000
0.000000
0.000000
0.000000
0.000000
0.000000
0.000000
0.000000
0.000000
0.000000
0.000000
0.000000
0.000000
0.000000
0.000000
10.472273
0.000000
0.000000
0.000000
0.000000
0.000000
14.025366
0.000000
0.000000
0.000000
0.000000
0.000000
79.071892
0.000000
31.603825
0.000000
0.000000
0.000000
0.000000
0.000000
0.000000
0.000000
0.000000
0.000000
0.000000
0.000000
39.489197
0.000000
0.000000
0.000000
0.000000
0.000000
0.000000
0.000000
0.000000
0.000000
0.000000
28.175402
0.000000
0.000000
27.645554
0.000000
56.101463
0.000000
0.000000
0.000000
0.000000
0.000000
0.000000
0.000000
160.294342
0.000000
0.000000
0.000000
0.000000
0.000000
0.000000
0.000000
0.000000
0.000000
0.000000
0.000000
0.000000
74.147430
0.000000
0.000000
0.000000
0.000000
0.000000
0.000000
0.000000
23.375610
33.099861
0.000000
0.000000
0.000000
0.000000
0.000000
0.000000
0.000000
23.500278
214.930939
0.000000
0.000000
0.000000
0.000000
0.000000
0.000000
0.000000
0.000000
0.000000
0.000000
0.000000
0.000000
0.000000
0.000000
0.000000
0.000000
0.000000
0.000000
0.000000
0.000000
0.000000
0.000000
28.861086
0.000000
0.000000
38.585339
0.000000
0.000000
97.647713
0.000000
0.000000
0.000000
0.000000
0.000000
0.000000
0.000000
0.000000
0.000000
44.195484
0.000000
31.354485
0.000000
2.244059
0.000000
0.000000
0.000000
0.000000
0.000000
0.000000
0.000000
0.000000
0.000000
90.011681
0.000000
0.000000
0.000000
0.000000
0.000000
84.495033
0.000000
0.000000
0.000000
0.000000
0.000000
0.000000
0.000000
0.000000
0.000000
0.000000
0.000000
0.000000
0.000000
41.577415
41.359245
0.000000
0.000000
0.000000
0.000000
0.000000
0.000000
0.000000
0.000000
0.000000
44.008480
0.000000
0.000000
65.108864
0.000000
13.339681
0.000000
0.000000
0.000000
0.000000
0.000000
0.000000
0.000000
142.154877
0.000000
0.000000
0.000000
0.000000
0.000000
0.000000
0.000000
0.000000
0.000000
0.000000
0.000000
0.000000
56.724812
0.000000
0.000000
0.000000
0.000000
0.000000
0.000000
0.000000
81.596458
68.880127
0.000000
0.000000
0.000000
0.000000
0.000000
0.000000
0.000000
0.000000
183.919296
0.000000
0.000000
0.000000
0.000000
0.000000
0.000000
0.000000
0.000000
0.000000
0.000000
0.000000
0.000000
0.000000
0.000000
0.000000
2.368728
0.000000
0.000000
0.000000
0.000000
0.000000
8.352884
94.499794
0.000000
0.000000
45.691525
0.000000
0.000000
39.676201
0.000000
0.000000
0.000000
0.000000
0.000000
0.000000
0.000000
0.000000
0.000000
0.000000
0.000000
0.000000
0.000000
9.225574
0.000000
0.000000
0.000000
11.937144
0.000000
0.000000
0.000000
0.000000
0.000000
157.832108
0.000000
0.000000
0.000000
0.000000
0.000000
0.000000
0.000000
0.000000
0.000000
0.000000
0.000000
0.000000
0.000000
0.000000
0.000000
0.000000
0.000000
0.000000
0.000000
63.488155
29.203928
0.000000
0.000000
0.000000
0.000000
0.000000
0.000000
0.000000
0.000000
0.000000
44.631832
31.634991
0.000000
131.682602
0.000000
0.000000
0.000000
0.000000
0.000000
0.000000
0.000000
0.000000
0.000000
97.304871
0.000000
0.000000
0.000000
0.000000
0.000000
0.000000
0.000000
0.000000
0.000000
0.000000
0.000000
0.000000
0.000000
0.000000
0.000000
0.000000
0.000000
0.000000
0.000000
0.000000
55.540447
1.496039
0.000000
0.000000
0.000000
0.000000
0.000000
0.000000
0.000000
0.000000
192.552689
0.000000
0.000000
0.000000
22.565254
0.000000
0.000000
0.000000
0.000000
0.000000
0.000000
0.000000
0.000000
0.000000
0.000000
0.000000
0.000000
0.000000
0.000000
0.000000
0.000000
0.000000
0.000000
157.613937
0.000000
0.000000
0.000000
0.000000
0.000000
33.785549
36.497120
0.000000
0.000000
0.000000
0.000000
0.000000
0.000000
0.000000
0.000000
0.000000
0.000000
0.000000
0.000000
26.835199
0.000000
0.000000
0.000000
0.000000
0.000000
0.000000
0.000000
0.000000
0.000000
180.927216
0.000000
0.000000
0.000000
0.000000
0.000000
0.000000
0.000000
34.190723
0.000000
0.000000
0.000000
0.000000
0.000000
0.000000
0.000000
0.000000
0.000000
0.000000
0.000000
92.006401
0.000000
0.000000
0.000000
0.000000
0.000000
0.000000
0.000000
0.000000
0.000000
0.000000
49.712128
41.951427
0.000000
138.040771
0.000000
0.000000
0.000000
0.000000
0.000000
0.000000
0.000000
0.000000
0.000000
49.244617
0.000000
0.000000
0.000000
0.000000
0.000000
0.000000
0.000000
29.141594
0.000000
0.000000
0.000000
0.000000
0.000000
0.000000
0.000000
0.000000
0.000000
0.000000
0.000000
0.000000
0.000000
0.000000
0.000000
0.000000
0.000000
0.000000
0.000000
0.000000
0.000000
0.000000
224.592850
0.000000
0.000000
0.000000
16.923941
0.000000
0.000000
0.000000
0.000000
0.000000
0.000000
0.000000
0.000000
0.000000
0.000000
0.000000
0.000000
0.000000
0.000000
0.000000
0.000000
0.000000
0.000000
161.104706
0.000000
0.000000
0.000000
0.000000
0.000000
0.000000
41.546249
0.000000
0.000000
0.000000
0.000000
0.000000
0.000000
0.000000
0.000000
0.000000
0.000000
47.405735
0.000000
39.177521
0.000000
0.000000
0.000000
0.000000
0.000000
0.000000
0.000000
0.000000
0.000000
79.570572
0.000000
0.000000
0.000000
0.000000
0.000000
0.000000
0.000000
7.199687
0.000000
0.000000
0.000000
0.000000
0.000000
0.000000
0.000000
0.000000
0.000000
0.000000
0.000000
97.585381
0.000000
0.000000
0.000000
0.000000
0.000000
0.000000
0.000000
0.000000
0.000000
0.000000
65.607544
22.035408
0.000000
123.080376
0.000000
6.046491
0.000000
0.000000
0.000000
0.000000
0.000000
0.000000
34.720573
93.284264
0.000000
0.000000
0.000000
0.000000
0.000000
0.000000
0.000000
6.794510
0.000000
0.000000
0.000000
0.000000
7.012683
0.000000
0.000000
0.000000
0.000000
0.000000
0.000000
0.000000
65.077698
29.328598
0.000000
0.000000
0.000000
2.867408
0.000000
0.000000
0.000000
0.000000
207.357239
0.000000
0.000000
0.000000
0.000000
0.000000
0.000000
0.000000
0.000000
0.000000
0.000000
0.000000
0.000000
0.000000
0.000000
0.000000
0.000000
0.000000
0.000000
0.000000
0.000000
0.000000
0.000000
103.912376
0.000000
0.000000
3.615427
0.000000
0.000000
40.361885
0.000000
0.000000
0.000000
0.000000
0.000000
0.000000
0.000000
0.000000
0.000000
0.000000
0.000000
84.401535
0.000000
62.958309
0.000000
0.000000
0.000000
0.000000
0.000000
0.000000
0.000000
0.000000
0.000000
69.004799
0.000000
0.000000
0.000000
0.000000
0.000000
0.000000
0.000000
0.000000
0.000000
0.000000
0.000000
0.000000
8.726894
0.000000
0.000000
0.000000
0.000000
0.000000
0.000000
58.501358
0.000000
0.000000
0.000000
0.000000
0.000000
0.000000
0.000000
0.000000
0.000000
53.234055
38.086658
0.000000
0.000000
94.624466
0.000000
47.623909
0.000000
0.000000
0.000000
0.000000
0.000000
0.000000
28.923420
148.232529
0.000000
0.000000
25.744337
0.000000
0.000000
0.000000
0.000000
0.000000
0.000000
0.000000
0.000000
0.000000
49.899136
0.000000
0.000000
0.000000
0.000000
0.000000
0.000000
4.488117
248.030792
95.216652
0.000000
0.000000
0.000000
45.629189
0.000000
0.000000
0.000000
0.000000
192.209839
0.000000
0.000000
0.000000
0.000000
0.000000
0.000000
0.000000
0.000000
0.000000
0.000000
0.000000
0.000000
0.000000
0.000000
0.000000
68.786629
0.000000
0.000000
0.000000
0.000000
0.000000
0.000000
67.820435
18.108305
0.000000
79.258896
0.000000
0.000000
61.275265
0.000000
0.000000
0.000000
0.000000
0.000000
0.000000
0.000000
0.000000
0.000000
0.000000
0.000000
23.126270
0.000000
28.642914
0.000000
0.000000
0.000000
0.000000
0.000000
0.000000
0.000000
0.000000
0.000000
99.050247
0.000000
0.000000
0.000000
0.000000
0.000000
0.000000
0.000000
0.000000
0.000000
0.000000
0.000000
21.318556
103.444862
0.000000
0.000000
0.000000
0.000000
0.000000
0.000000
0.000000
0.000000
0.000000
0.000000
0.000000
0.000000
0.000000
0.000000
0.000000
0.000000
22.315916
0.000000
0.000000
0.000000
51.893852
0.000000
65.950386
0.000000
60.807751
0.000000
0.000000
0.000000
0.000000
15.521404
75.986313
0.000000
0.000000
35.904938
0.000000
0.000000
0.000000
0.000000
0.000000
0.000000
0.000000
0.000000
0.000000
0.000000
0.000000
0.000000
0.000000
0.000000
0.000000
0.000000
103.663033
149.198730
42.512444
0.000000
0.000000
0.000000
0.000000
0.000000
0.000000
0.000000
0.000000
149.853241
0.000000
0.000000
0.000000
0.000000
0.000000
0.000000
0.000000
0.000000
0.000000
0.000000
0.000000
0.000000
0.000000
0.000000
0.000000
37.338638
0.000000
0.000000
0.000000
0.000000
0.000000
0.000000
0.966192
0.000000
0.000000
55.353443
0.000000
0.000000
0.000000
0.000000
0.000000
0.000000
0.000000
0.000000
0.000000
0.000000
0.000000
0.000000
0.000000
0.000000
0.000000
0.000000
0.000000
0.000000
0.000000
0.000000
0.000000
0.000000
0.000000
0.000000
0.000000
0.000000
14.648715
0.000000
0.000000
0.000000
0.000000
0.000000
0.000000
0.000000
0.000000
0.000000
0.000000
0.000000
0.000000
27.146873
0.000000
0.000000
0.000000
0.000000
0.000000
0.000000
55.696285
0.000000
0.000000
0.000000
0.000000
0.000000
0.000000
0.000000
0.000000
0.000000
0.000000
0.000000
0.000000
0.000000
27.707890
0.000000
114.633987
0.000000
0.000000
0.000000
0.000000
0.000000
0.000000
0.000000
120.057129
0.000000
0.000000
17.703129
0.000000
0.000000
0.000000
0.000000
0.000000
0.000000
0.000000
0.000000
0.000000
0.000000
0.000000
0.000000
0.000000
0.000000
0.000000
0.000000
0.000000
0.000000
0.000000
0.000000
0.000000
0.000000
0.000000
0.000000
0.000000
0.000000
30.170120
233.350922
0.000000
0.000000
0.000000
0.000000
0.000000
0.000000
0.000000
0.000000
0.000000
0.000000
0.000000
0.000000
0.000000
0.000000
0.000000
0.000000
0.000000
0.000000
0.000000
0.000000
0.000000
0.000000
8.290549
0.000000
7.324358
0.000000
0.000000
0.000000
95.590660
0.000000
0.000000
0.000000
0.000000
0.000000
0.000000
0.000000
0.000000
0.000000
0.000000
0.000000
16.923941
0.000000
0.000000
0.000000
0.000000
0.000000
22.347082
0.000000
0.000000
0.000000
0.000000
0.000000
31.229815
0.000000
0.000000
0.000000
0.000000
0.000000
84.900215
0.000000
22.908096
0.000000
0.000000
0.000000
0.000000
0.000000
0.000000
0.000000
0.000000
0.000000
0.000000
0.000000
61.649273
0.000000
0.000000
0.000000
0.000000
0.000000
0.000000
0.000000
0.000000
0.000000
0.000000
16.394094
0.000000
0.000000
32.850525
0.000000
72.682564
0.000000
0.000000
0.000000
0.000000
0.000000
0.000000
0.000000
200.095215
0.000000
0.000000
19.417339
0.000000
0.000000
0.000000
0.000000
0.000000
0.000000
0.000000
0.000000
0.000000
112.234093
0.000000
0.000000
0.000000
0.000000
0.000000
0.000000
0.000000
11.126790
28.237736
0.000000
0.000000
0.000000
0.000000
0.000000
0.000000
0.000000
61.836277
233.506760
0.000000
0.000000
0.000000
0.000000
0.000000
0.000000
0.000000
0.000000
0.000000
0.000000
0.000000
0.000000
0.000000
0.000000
0.000000
0.000000
0.000000
0.000000
0.000000
0.000000
0.000000
0.000000
24.778147
0.000000
0.000000
62.771301
0.000000
6.108826
169.987427
0.000000
0.000000
0.000000
0.000000
0.000000
0.000000
0.000000
0.000000
0.000000
0.000000
0.000000
36.278946
0.000000
0.000000
0.000000
0.000000
0.000000
3.334920
0.000000
0.000000
0.000000
0.000000
0.000000
95.902336
0.000000
0.000000
0.000000
0.000000
0.000000
80.754936
0.000000
0.000000
0.000000
0.000000
0.000000
0.000000
0.000000
0.000000
0.000000
0.000000
0.000000
0.000000
29.328598
51.083500
85.430061
0.000000
0.000000
0.000000
0.000000
0.000000
0.000000
0.000000
0.000000
0.000000
50.210808
0.000000
0.000000
91.227211
0.000000
13.744859
0.000000
0.000000
0.000000
0.000000
0.000000
0.000000
0.000000
185.571167
0.000000
0.000000
41.639751
0.000000
0.000000
0.000000
0.000000
0.000000
0.000000
0.000000
0.000000
0.000000
120.773979
0.000000
25.650835
0.000000
0.000000
0.000000
0.000000
0.000000
73.399414
66.417900
0.000000
0.000000
0.000000
0.000000
0.000000
0.000000
0.000000
14.056533
178.246811
0.000000
0.000000
0.000000
0.000000
0.000000
0.000000
0.000000
0.000000
0.000000
0.000000
0.000000
0.000000
0.000000
0.000000
0.000000
0.000000
0.000000
0.000000
0.000000
0.000000
0.000000
0.000000
35.780266
0.000000
0.000000
52.049690
0.000000
31.634991
117.252060
0.000000
0.000000
0.000000
0.000000
0.000000
0.000000
0.000000
0.000000
0.000000
0.000000
0.000000
0.000000
26.585859
10.098264
0.000000
0.000000
0.000000
45.411018
0.000000
0.000000
0.000000
0.000000
0.000000
105.969429
0.592182
0.000000
0.000000
0.000000
0.000000
0.000000
0.000000
0.000000
0.000000
0.000000
0.000000
0.000000
0.000000
0.000000
0.000000
0.000000
0.000000
0.000000
0.000000
63.706329
88.609146
0.000000
0.000000
0.000000
0.000000
0.000000
0.000000
0.000000
0.000000
0.000000
79.819916
29.390932
0.000000
156.273743
0.000000
0.000000
0.000000
0.000000
0.000000
0.000000
0.000000
0.000000
0.000000
145.645630
0.000000
0.000000
51.956188
0.000000
0.000000
0.000000
0.000000
0.000000
0.000000
0.000000
0.000000
0.000000
43.509800
0.000000
0.000000
0.000000
0.000000
0.000000
0.000000
0.000000
127.786667
22.596422
0.000000
0.000000
0.000000
0.000000
0.000000
0.000000
0.000000
0.000000
186.319183
0.000000
0.000000
0.000000
0.000000
0.000000
0.000000
0.000000
0.000000
0.000000
0.000000
0.000000
0.000000
0.000000
0.000000
0.000000
0.000000
0.000000
0.000000
0.000000
0.000000
0.000000
0.000000
107.060287
0.000000
0.000000
0.000000
0.000000
27.084539
119.527283
0.000000
0.000000
0.000000
0.000000
0.000000
0.000000
0.000000
0.000000
0.000000
0.000000
0.000000
14.243538
0.000000
35.156918
0.000000
0.000000
0.000000
0.000000
0.000000
0.000000
0.000000
0.000000
0.000000
205.954697
0.000000
0.000000
0.000000
0.000000
0.000000
0.000000
0.000000
0.000000
0.000000
0.000000
0.000000
0.000000
0.000000
0.000000
0.000000
0.000000
0.000000
0.000000
0.000000
41.639751
0.000000
0.000000
0.000000
0.000000
0.000000
0.000000
0.000000
0.000000
0.000000
0.000000
95.777664
54.823597
0.000000
181.394730
0.000000
0.000000
0.000000
0.000000
0.000000
0.000000
0.000000
0.000000
0.000000
111.548409
0.000000
0.000000
40.580059
0.000000
0.000000
0.000000
0.000000
0.000000
0.000000
0.000000
0.000000
0.000000
50.366646
0.000000
0.000000
0.000000
0.000000
0.000000
0.000000
0.000000
41.733253
33.754379
0.000000
0.000000
0.000000
0.000000
0.000000
0.000000
0.000000
0.000000
211.970032
0.000000
0.000000
0.000000
60.340240
0.000000
0.000000
0.000000
0.000000
0.000000
0.000000
0.000000
0.000000
0.000000
0.000000
0.000000
0.000000
0.000000
0.000000
0.000000
0.000000
0.000000
0.000000
129.781387
0.000000
0.000000
0.000000
0.000000
0.000000
62.802471
0.000000
0.000000
0.000000
0.000000
0.000000
0.000000
0.000000
0.000000
0.000000
0.000000
0.000000
42.107265
0.000000
45.348682
0.000000
0.000000
0.000000
0.000000
0.000000
0.000000
0.000000
0.000000
0.000000
118.124748
0.000000
0.000000
0.000000
0.000000
0.000000
0.000000
0.000000
0.000000
0.000000
0.000000
0.000000
0.000000
0.000000
0.000000
0.000000
0.000000
0.000000
0.000000
0.000000
50.491318
0.000000
0.000000
0.000000
0.000000
0.000000
0.000000
0.000000
0.000000
0.000000
0.000000
81.409454
52.860046
0.000000
169.675751
0.000000
0.000000
0.000000
0.000000
0.000000
0.000000
0.000000
0.000000
19.542009
171.701645
0.000000
0.000000
69.846321
0.000000
0.000000
0.000000
0.000000
0.000000
0.000000
0.000000
0.000000
0.000000
15.739577
0.000000
0.000000
0.000000
0.000000
0.000000
0.000000
0.000000
50.865326
45.442184
0.000000
0.000000
0.000000
0.000000
0.000000
0.000000
0.000000
0.000000
216.987991
0.000000
0.000000
0.000000
20.664040
0.000000
0.000000
0.000000
0.000000
0.000000
0.000000
0.000000
0.000000
0.000000
0.000000
0.000000
16.892775
0.000000
0.000000
0.000000
0.000000
0.000000
0.000000
56.818314
0.000000
0.000000
17.484957
0.000000
0.000000
111.891251
0.000000
0.000000
0.000000
0.000000
0.000000
0.000000
0.000000
0.000000
0.000000
0.000000
0.000000
63.955666
11.656637
70.656677
0.000000
0.000000
0.000000
0.000000
0.000000
0.000000
0.000000
0.000000
0.000000
100.670959
0.000000
0.000000
0.000000
0.000000
0.000000
0.000000
0.000000
0.000000
0.000000
0.000000
0.000000
0.000000
0.000000
0.000000
0.000000
0.000000
0.000000
0.000000
2.306393
50.865326
0.000000
0.000000
0.000000
0.000000
0.000000
0.000000
0.000000
0.000000
0.000000
168.740738
32.601185
14.274706
0.000000
92.099899
0.000000
42.450108
0.000000
0.000000
0.000000
0.000000
0.000000
0.000000
15.521404
193.207199
0.000000
0.000000
61.181763
0.000000
0.000000
0.000000
0.000000
0.000000
0.000000
0.000000
0.000000
0.000000
78.978394
0.000000
0.000000
0.000000
0.000000
0.000000
0.000000
0.000000
242.420654
84.775543
0.000000
0.000000
0.000000
0.000000
0.000000
0.000000
0.000000
0.000000
195.014923
0.000000
0.000000
0.000000
0.000000
0.000000
0.000000
0.000000
0.000000
0.000000
0.000000
0.000000
0.000000
0.000000
0.000000
0.000000
100.639793
0.000000
0.000000
0.000000
0.000000
0.000000
0.000000
28.861086
22.502920
0.000000
101.356644
0.000000
0.000000
133.521484
0.000000
0.000000
0.000000
0.000000
0.000000
0.000000
0.000000
0.000000
0.000000
0.000000
0.000000
11.750139
58.813034
45.473351
0.000000
0.000000
0.000000
0.000000
0.000000
0.000000
0.000000
0.000000
0.000000
147.733856
0.000000
0.000000
0.000000
0.000000
0.000000
0.000000
0.000000
0.000000
0.000000
0.000000
0.000000
0.000000
97.959389
0.000000
0.000000
0.000000
0.000000
0.000000
0.000000
27.209209
0.000000
0.000000
0.000000
0.000000
0.000000
0.000000
0.000000
0.000000
0.000000
92.941422
0.000000
0.000000
0.000000
51.519844
0.000000
69.378807
0.000000
96.276344
0.000000
0.000000
0.000000
0.000000
0.000000
90.074013
0.000000
0.000000
51.426342
0.000000
0.000000
0.000000
0.000000
0.000000
0.000000
0.000000
0.000000
0.000000
0.000000
0.000000
0.000000
0.000000
0.000000
0.000000
0.000000
78.573212
147.110504
29.422100
0.000000
0.000000
0.000000
0.000000
0.000000
0.000000
0.000000
0.000000
161.229370
0.000000
0.000000
0.000000
0.000000
0.000000
0.000000
0.000000
0.000000
0.000000
0.000000
0.000000
0.000000
0.000000
0.000000
0.000000
45.286346
0.000000
0.000000
0.000000
0.000000
0.000000
0.000000
0.000000
0.000000
0.000000
83.248337
0.000000
0.000000
32.975193
0.000000
0.000000
0.000000
0.000000
0.000000
0.000000
0.000000
0.000000
0.000000
0.000000
0.000000
0.000000
60.683083
0.000000
0.000000
0.000000
0.000000
0.000000
0.000000
0.000000
0.000000
0.000000
0.000000
35.936104
0.000000
0.000000
0.000000
0.000000
0.000000
0.000000
0.000000
0.000000
0.000000
0.000000
0.000000
0.000000
42.450108
0.000000
0.000000
0.000000
0.000000
0.000000
0.000000
14.679883
0.000000
0.000000
0.000000
0.000000
0.000000
0.000000
0.000000
0.000000
0.000000
0.000000
6.888013
0.000000
0.000000
44.039650
0.000000
130.404739
0.000000
0.000000
0.000000
0.000000
0.000000
0.000000
0.000000
83.965187
0.000000
0.000000
49.306953
0.000000
0.000000
0.000000
0.000000
0.000000
0.000000
0.000000
0.000000
0.000000
0.000000
0.000000
0.000000
0.000000
0.000000
0.000000
0.000000
0.000000
0.000000
0.000000
0.000000
0.000000
0.000000
0.000000
0.000000
0.000000
0.000000
18.170641
198.100494
0.000000
0.000000
0.000000
1.184364
0.000000
0.000000
0.000000
0.000000
0.000000
0.000000
0.000000
0.000000
0.000000
0.000000
0.000000
0.000000
0.000000
0.000000
0.000000
0.000000
0.000000
0.000000
12.841002
0.000000
0.000000
0.000000
0.000000
0.000000
29.920780
0.000000
0.000000
0.000000
0.000000
0.000000
0.000000
0.000000
0.000000
0.000000
0.000000
0.000000
14.243538
0.000000
0.000000
0.000000
0.000000
0.000000
0.000000
0.000000
0.000000
0.000000
0.000000
0.000000
50.397816
0.000000
0.000000
0.000000
0.000000
0.000000
82.469147
0.000000
44.475994
0.000000
0.000000
0.000000
0.000000
0.000000
0.000000
0.000000
0.000000
0.000000
0.000000
0.000000
16.331758
0.000000
0.000000
0.000000
0.000000
0.000000
0.000000
0.000000
0.000000
0.000000
0.000000
30.575296
0.000000
0.000000
67.134750
0.000000
75.674637
0.000000
0.000000
0.000000
0.000000
0.000000
0.000000
0.000000
159.078812
0.000000
0.000000
78.386208
0.000000
0.000000
0.000000
0.000000
0.000000
0.000000
0.000000
0.000000
0.000000
101.512482
0.000000
0.000000
0.000000
0.000000
0.000000
0.000000
0.000000
0.000000
53.452229
0.000000
0.000000
0.000000
0.000000
0.000000
0.000000
0.000000
39.426861
215.024445
0.000000
0.000000
0.000000
18.980995
0.000000
0.000000
0.000000
0.000000
0.000000
0.000000
0.000000
0.000000
0.000000
0.000000
0.000000
0.000000
0.000000
0.000000
0.000000
0.000000
0.000000
0.000000
3.895935
0.000000
0.000000
18.606985
0.000000
0.000000
56.880650
0.000000
0.000000
0.000000
0.000000
0.000000
0.000000
0.000000
0.000000
0.000000
0.000000
0.000000
25.557333
0.000000
0.000000
0.000000
0.000000
0.000000
0.000000
0.000000
0.000000
0.000000
0.000000
0.000000
134.581177
0.000000
0.000000
0.000000
0.000000
0.000000
63.893333
0.000000
0.093502
0.000000
0.000000
0.000000
0.000000
0.000000
0.000000
0.000000
0.000000
0.000000
0.000000
0.000000
0.000000
68.568451
0.000000
0.000000
0.000000
0.000000
0.000000
0.000000
0.000000
0.000000
0.000000
61.898613
0.000000
0.000000
166.621338
0.000000
0.000000
0.000000
0.000000
0.000000
0.000000
0.000000
0.000000
0.000000
165.312317
0.000000
0.000000
0.000000
0.000000
0.000000
0.000000
0.000000
0.000000
0.000000
0.000000
0.000000
0.000000
128.223007
0.000000
44.257820
0.000000
0.000000
0.000000
0.000000
0.000000
46.408375
68.973633
0.000000
0.000000
0.000000
0.000000
0.000000
0.000000
0.000000
0.000000
182.516754
0.000000
0.000000
0.000000
4.301112
0.000000
0.000000
0.000000
0.000000
0.000000
0.000000
0.000000
0.000000
0.000000
0.000000
0.000000
0.000000
0.000000
0.000000
0.000000
0.000000
0.000000
0.000000
0.000000
0.000000
0.000000
0.000000
0.000000
0.000000
43.385132
0.000000
0.000000
0.000000
0.000000
0.000000
0.000000
0.000000
0.000000
0.000000
0.000000
0.000000
0.000000
36.060772
0.000000
0.000000
0.000000
0.000000
6.514003
0.000000
0.000000
0.000000
0.000000
0.000000
97.398369
0.000000
0.000000
0.000000
0.000000
0.000000
0.000000
0.000000
0.000000
0.000000
0.000000
0.000000
0.000000
0.000000
0.000000
0.000000
0.000000
0.000000
0.000000
0.000000
0.000000
72.838402
0.000000
0.000000
0.000000
0.000000
0.000000
0.000000
0.000000
0.000000
0.000000
60.246738
3.958270
0.000000
215.523117
0.000000
0.000000
0.000000
0.000000
0.000000
0.000000
0.000000
0.000000
0.000000
175.659912
0.000000
0.000000
38.429501
0.000000
0.000000
0.000000
0.000000
0.000000
0.000000
0.000000
0.000000
0.000000
91.351883
0.000000
0.000000
0.000000
0.000000
0.000000
0.000000
0.000000
143.027557
53.795071
0.000000
0.000000
0.000000
0.000000
0.000000
0.000000
0.000000
0.000000
141.375687
0.000000
0.000000
0.000000
0.000000
0.000000
0.000000
0.000000
0.000000
0.000000
0.000000
0.000000
0.000000
0.000000
0.000000
0.000000
0.000000
0.000000
0.000000
0.000000
0.000000
0.000000
0.000000
22.097742
0.000000
0.000000
0.000000
0.000000
19.012163
85.243057
31.323317
0.000000
0.000000
0.000000
0.000000
0.000000
0.000000
0.000000
0.000000
0.000000
0.000000
4.207610
35.063416
0.000000
0.000000
0.000000
0.000000
0.000000
0.000000
0.000000
0.000000
0.000000
0.000000
270.751892
0.000000
0.000000
0.000000
0.000000
0.000000
0.000000
0.000000
0.000000
0.000000
0.000000
0.000000
0.000000
0.000000
0.000000
0.000000
0.000000
0.000000
0.000000
0.000000
0.000000
0.000000
0.000000
0.000000
0.000000
0.000000
0.000000
0.000000
0.000000
0.000000
0.000000
32.383011
22.534088
0.000000
195.046082
0.000000
0.000000
0.000000
0.000000
0.000000
0.000000
0.000000
0.000000
0.000000
206.235214
0.000000
0.000000
10.347603
0.000000
0.000000
0.000000
0.000000
0.000000
0.000000
0.000000
0.000000
0.000000
60.963589
0.000000
0.000000
0.000000
0.000000
0.000000
0.000000
0.000000
70.500839
94.343956
0.000000
0.000000
0.000000
0.000000
0.000000
0.000000
0.000000
0.000000
140.752335
0.000000
0.000000
0.000000
0.000000
0.000000
0.000000
0.000000
0.000000
0.000000
0.000000
0.000000
0.000000
0.000000
0.000000
0.000000
0.000000
0.000000
0.000000
0.000000
0.000000
0.000000
0.000000
40.891731
0.000000
0.000000
0.000000
0.000000
0.000000
18.077139
0.000000
0.000000
0.000000
0.000000
0.000000
0.000000
0.000000
0.000000
0.000000
0.000000
0.000000
12.716331
32.694687
45.379848
0.000000
0.000000
0.000000
0.000000
0.000000
0.000000
0.000000
0.000000
0.000000
163.878601
0.000000
0.000000
0.000000
0.000000
0.000000
0.000000
0.000000
0.000000
0.000000
0.000000
0.000000
0.000000
0.000000
0.000000
0.000000
0.000000
0.000000
0.000000
5.828319
0.000000
0.000000
0.000000
0.000000
0.000000
0.000000
0.000000
0.000000
0.000000
0.000000
12.872169
14.212371
37.774986
0.000000
224.468185
0.000000
0.000000
0.000000
0.000000
0.000000
0.000000
0.000000
0.000000
0.000000
214.775101
0.000000
0.000000
93.533607
0.000000
0.000000
0.000000
0.000000
0.000000
0.000000
0.000000
0.000000
0.000000
0.000000
0.000000
0.000000
0.000000
7.230855
0.000000
0.000000
0.000000
0.000000
83.030167
0.000000
0.000000
0.000000
0.000000
0.000000
0.000000
0.000000
0.000000
161.073532
0.000000
0.000000
0.000000
0.000000
0.000000
0.000000
0.000000
0.000000
0.000000
0.000000
0.000000
0.000000
0.000000
0.000000
0.000000
65.794548
0.000000
0.000000
0.000000
0.000000
0.000000
0.000000
0.000000
6.451668
14.087701
5.765984
0.000000
0.000000
51.395172
0.000000
0.000000
0.000000
0.000000
0.000000
0.000000
0.000000
0.000000
0.000000
0.000000
0.000000
0.000000
62.428459
60.932423
0.000000
0.000000
0.000000
0.000000
0.000000
0.000000
0.000000
0.000000
0.000000
116.223534
0.000000
0.000000
0.000000
0.000000
0.000000
0.000000
0.000000
0.000000
0.000000
0.000000
0.000000
0.000000
1.433704
0.000000
0.000000
0.000000
0.000000
0.000000
11.563135
0.000000
0.000000
0.000000
0.000000
0.000000
0.000000
0.000000
0.000000
0.000000
0.000000
145.926132
0.000000
27.209209
0.000000
134.924011
0.000000
25.931343
0.000000
11.313795
0.000000
0.000000
0.000000
0.000000
16.955109
198.131668
0.000000
0.000000
132.087784
0.000000
0.000000
0.000000
0.000000
0.000000
0.000000
0.000000
0.000000
0.000000
49.805634
0.000000
0.000000
0.000000
0.000000
0.000000
0.000000
0.000000
227.304428
133.864319
0.000000
0.000000
0.000000
0.000000
0.000000
0.000000
0.000000
0.000000
130.467072
0.000000
0.000000
0.000000
0.000000
0.000000
0.000000
0.000000
0.000000
0.000000
0.000000
0.000000
0.000000
0.000000
0.000000
0.000000
101.107300
0.000000
0.000000
0.000000
0.000000
0.000000
0.000000
0.000000
30.357124
0.000000
78.884888
0.000000
0.000000
79.975754
0.000000
0.000000
0.000000
0.000000
0.000000
0.000000
0.000000
0.000000
0.000000
0.000000
0.000000
0.000000
55.384609
56.163799
0.000000
0.000000
0.000000
0.000000
0.000000
0.000000
0.000000
0.000000
0.000000
145.458618
0.000000
0.000000
0.000000
0.000000
0.000000
0.000000
0.000000
5.391974
0.000000
0.000000
0.000000
0.000000
142.404205
0.000000
0.000000
0.000000
0.000000
0.000000
0.000000
12.092982
0.000000
0.000000
0.000000
0.000000
0.000000
0.000000
0.000000
0.000000
0.000000
51.893852
0.000000
0.000000
0.000000
71.591698
0.000000
53.078217
0.000000
114.322311
0.000000
0.000000
0.000000
0.000000
0.000000
70.313835
0.000000
0.000000
131.028076
0.000000
0.000000
0.000000
0.000000
0.000000
0.000000
0.000000
0.000000
0.000000
0.000000
0.000000
0.000000
0.000000
0.000000
0.000000
0.000000
45.473351
141.469193
64.516685
0.000000
0.000000
0.000000
0.000000
0.000000
0.000000
0.000000
0.000000
123.766060
0.000000
0.000000
0.000000
0.000000
0.000000
0.000000
0.000000
0.000000
0.000000
0.000000
0.000000
0.000000
0.000000
0.000000
0.000000
0.000000
0.000000
0.000000
0.000000
0.000000
0.000000
0.000000
0.000000
0.000000
0.000000
81.191284
0.000000
0.000000
17.703129
0.000000
0.000000
0.000000
0.000000
0.000000
0.000000
0.000000
0.000000
0.000000
0.000000
0.000000
0.000000
7.573698
0.000000
0.000000
0.000000
0.000000
0.000000
0.000000
0.000000
0.000000
0.000000
0.000000
21.505560
0.000000
0.000000
0.000000
0.000000
0.000000
0.000000
0.000000
0.000000
0.000000
0.000000
0.000000
0.000000
70.157997
0.000000
0.000000
0.000000
0.000000
0.000000
0.000000
0.000000
0.000000
0.000000
0.000000
0.000000
0.000000
0.000000
0.000000
0.000000
0.000000
0.000000
7.947707
0.000000
0.000000
39.239857
0.000000
95.559494
0.000000
0.000000
0.000000
0.000000
0.000000
0.000000
0.000000
67.446426
0.000000
0.000000
41.359245
0.000000
0.000000
0.000000
0.000000
0.000000
0.000000
0.000000
0.000000
0.000000
0.000000
0.000000
0.000000
0.000000
0.000000
0.000000
0.000000
0.000000
0.000000
0.000000
0.000000
0.000000
0.000000
0.000000
0.000000
0.000000
0.000000
6.576338
174.039200
0.000000
0.000000
0.000000
0.000000
0.000000
0.000000
0.000000
0.000000
0.000000
0.000000
0.000000
0.000000
0.000000
0.000000
0.000000
0.000000
0.000000
0.000000
0.000000
0.000000
0.000000
0.000000
18.357645
0.000000
0.000000
0.000000
0.000000
0.000000
18.762823
0.000000
0.000000
0.000000
0.000000
0.000000
0.000000
0.000000
0.000000
0.000000
0.000000
0.000000
5.142634
0.000000
0.000000
0.000000
0.000000
0.000000
0.000000
0.000000
0.000000
0.000000
0.000000
0.000000
28.985756
0.000000
0.000000
0.000000
0.000000
0.000000
97.678879
0.000000
47.187565
0.000000
0.000000
0.000000
0.000000
0.000000
0.000000
0.000000
0.000000
0.000000
0.000000
0.000000
0.000000
0.000000
0.000000
0.000000
0.000000
0.000000
0.000000
0.000000
0.000000
0.000000
0.000000
0.000000
0.000000
0.000000
63.301151
0.000000
38.928181
0.000000
0.000000
0.000000
0.000000
0.000000
0.000000
0.000000
121.553169
0.000000
0.000000
107.247299
0.000000
0.000000
0.000000
0.000000
0.000000
0.000000
0.000000
0.000000
0.000000
80.225090
0.000000
0.000000
0.000000
0.000000
0.000000
0.000000
0.000000
0.000000
72.059212
0.000000
0.000000
0.000000
0.000000
0.000000
0.000000
0.000000
39.426861
205.300186
0.000000
0.000000
0.000000
0.000000
0.000000
0.000000
0.000000
0.000000
0.000000
0.000000
0.000000
0.000000
0.000000
0.000000
0.000000
0.000000
0.000000
0.000000
0.000000
0.000000
0.000000
0.000000
0.000000
0.000000
0.000000
0.000000
0.000000
0.000000
0.000000
0.000000
0.000000
0.000000
0.000000
0.000000
0.000000
0.000000
0.000000
0.000000
0.000000
0.000000
47.125229
0.000000
0.000000
0.000000
0.000000
0.000000
0.000000
0.000000
0.000000
0.000000
0.000000
0.000000
116.067696
0.000000
0.000000
0.000000
0.000000
0.000000
46.875889
0.000000
37.837318
0.000000
0.000000
0.000000
0.000000
0.000000
0.000000
0.000000
0.000000
0.000000
0.000000
0.000000
0.000000
20.570536
0.000000
0.000000
0.000000
4.238777
0.000000
0.000000
0.000000
0.000000
0.000000
30.699966
0.000000
0.000000
208.416931
0.000000
0.000000
0.000000
0.000000
0.000000
0.000000
0.000000
0.000000
0.000000
119.527283
0.000000
0.000000
0.000000
0.000000
0.000000
0.000000
0.000000
0.000000
0.000000
0.000000
0.000000
0.000000
131.589096
0.000000
30.793470
0.000000
0.000000
0.000000
0.000000
0.000000
53.857403
38.429501
0.000000
0.000000
0.000000
0.000000
0.000000
0.000000
0.000000
0.000000
148.575378
0.000000
0.000000
0.000000
0.000000
0.000000
0.000000
0.000000
0.000000
0.000000
0.000000
0.000000
0.000000
0.000000
0.000000
0.000000
0.000000
0.000000
0.000000
0.000000
0.000000
0.000000
0.000000
0.000000
0.000000
0.000000
0.000000
0.000000
0.000000
7.729535
0.000000
0.000000
0.000000
0.000000
0.000000
0.218172
0.000000
0.000000
0.000000
0.000000
0.000000
0.000000
28.923420
0.000000
0.000000
0.000000
0.000000
0.000000
0.000000
0.000000
0.000000
0.000000
0.000000
86.676758
0.000000
0.000000
0.000000
0.000000
0.000000
0.000000
0.000000
0.000000
0.000000
0.000000
0.000000
0.000000
0.000000
0.000000
0.000000
0.000000
0.000000
0.000000
0.000000
0.000000
24.372969
0.000000
0.000000
0.000000
55.820957
0.000000
0.000000
0.000000
0.000000
0.000000
0.000000
0.000000
0.000000
211.751846
0.000000
0.000000
0.000000
0.000000
0.000000
0.000000
0.000000
0.000000
0.000000
153.905014
0.000000
0.000000
16.300592
0.000000
0.000000
0.000000
0.000000
0.000000
0.000000
0.000000
0.000000
0.000000
148.855881
0.000000
0.000000
0.000000
0.000000
0.000000
0.000000
0.000000
95.839996
39.426861
0.000000
0.000000
0.000000
0.000000
0.000000
0.000000
0.000000
0.000000
32.912857
0.000000
0.000000
0.000000
0.000000
0.000000
0.000000
0.000000
0.000000
0.000000
0.000000
0.000000
0.000000
0.000000
0.000000
0.000000
0.000000
0.000000
0.000000
0.000000
0.000000
0.000000
0.000000
0.000000
0.000000
0.000000
0.000000
0.000000
0.000000
57.472832
72.215050
0.000000
0.000000
0.000000
0.000000
0.000000
0.000000
0.000000
0.000000
0.000000
0.000000
1.309034
2.960911
0.000000
0.000000
0.000000
0.000000
0.000000
0.000000
0.000000
0.000000
0.000000
0.000000
237.620865
0.000000
0.000000
0.000000
0.000000
0.000000
0.000000
0.000000
0.000000
0.000000
0.000000
0.000000
0.000000
0.000000
0.000000
0.000000
0.000000
0.000000
0.000000
0.000000
0.000000
0.000000
0.000000
0.000000
0.000000
0.000000
0.000000
0.000000
0.000000
0.000000
0.000000
0.000000
0.000000
0.000000
145.614456
0.000000
0.000000
0.000000
0.000000
0.000000
0.000000
0.000000
0.000000
0.000000
222.909805
0.000000
0.000000
0.000000
0.000000
0.000000
0.000000
0.000000
0.000000
0.000000
0.000000
0.000000
0.000000
99.891769
0.000000
0.000000
0.000000
0.000000
0.000000
0.000000
0.000000
32.538849
164.470795
0.000000
0.000000
0.000000
0.000000
0.000000
0.000000
0.000000
0.000000
60.558411
0.000000
0.000000
0.000000
0.000000
0.000000
0.000000
0.000000
0.000000
0.000000
0.000000
0.000000
0.000000
0.000000
0.000000
0.000000
0.000000
0.000000
0.000000
0.000000
0.000000
0.000000
0.000000
0.000000
0.000000
0.000000
0.000000
0.000000
0.000000
0.000000
0.000000
0.000000
0.000000
0.000000
0.000000
0.000000
0.000000
0.000000
0.000000
11.718972
0.000000
0.000000
0.000000
66.075058
0.000000
0.000000
0.000000
0.000000
0.000000
0.000000
0.000000
0.000000
0.000000
92.286903
0.000000
0.000000
0.000000
0.000000
59.561054
0.000000
0.000000
32.227173
0.000000
0.000000
0.000000
0.000000
0.000000
0.000000
0.000000
0.000000
0.000000
0.000000
40.860565
0.000000
0.000000
0.000000
0.000000
0.000000
0.000000
0.000000
0.000000
0.000000
0.000000
2.462231
0.000000
0.000000
0.000000
258.222565
0.000000
0.000000
0.000000
0.000000
0.000000
0.000000
0.000000
0.000000
0.000000
189.591782
0.000000
0.000000
38.928181
0.000000
0.000000
0.000000
0.000000
0.000000
0.000000
0.000000
0.000000
0.000000
0.000000
0.000000
0.000000
0.000000
30.138952
0.000000
0.000000
0.000000
0.000000
78.884888
0.000000
0.000000
0.000000
0.000000
0.000000
0.000000
0.000000
0.000000
97.367203
0.000000
0.000000
0.000000
0.000000
0.000000
0.000000
0.000000
0.000000
0.000000
0.000000
0.000000
0.000000
0.000000
0.000000
0.000000
0.000000
0.000000
0.000000
0.000000
0.000000
0.000000
0.000000
0.000000
42.044930
17.983635
10.877450
0.000000
0.000000
0.000000
0.000000
0.000000
0.000000
0.000000
0.000000
0.000000
0.000000
0.000000
0.000000
0.000000
0.000000
0.000000
0.000000
82.531487
0.000000
0.000000
0.000000
0.000000
0.000000
0.000000
0.000000
0.000000
0.000000
35.717930
0.000000
0.000000
0.000000
0.000000
17.921301
0.000000
0.000000
0.000000
0.000000
0.000000
0.000000
0.000000
76.391495
0.000000
0.000000
0.000000
0.000000
0.000000
2.244059
0.000000
0.000000
0.000000
0.000000
0.000000
0.000000
0.000000
0.000000
0.000000
0.000000
100.920296
0.000000
18.856325
0.000000
176.937775
0.000000
39.489197
0.000000
18.419981
0.000000
0.000000
0.000000
0.000000
0.000000
182.984268
0.000000
0.000000
110.925056
0.000000
0.000000
0.000000
0.000000
0.000000
0.000000
0.000000
0.000000
0.000000
1.963551
0.000000
0.000000
0.000000
95.216652
0.000000
0.000000
0.000000
186.849045
133.427979
0.000000
0.000000
0.000000
0.000000
0.000000
0.000000
0.000000
0.000000
86.894936
0.000000
0.000000
0.000000
0.000000
0.000000
0.000000
0.000000
0.000000
0.000000
0.000000
0.000000
0.000000
0.000000
0.000000
0.000000
50.647152
0.000000
0.000000
0.000000
0.000000
0.000000
0.000000
0.000000
45.255180
0.000000
92.785583
0.000000
0.000000
55.883289
0.000000
0.000000
0.000000
0.000000
0.000000
0.000000
0.000000
0.000000
0.000000
0.000000
0.000000
0.000000
0.000000
97.959389
0.000000
0.000000
0.000000
0.000000
0.000000
0.000000
0.000000
0.000000
0.000000
91.258377
0.000000
0.000000
0.000000
0.000000
0.000000
0.000000
0.000000
4.862127
0.000000
0.000000
0.000000
0.000000
195.357758
0.000000
0.000000
0.000000
0.000000
0.000000
0.000000
0.000000
0.000000
0.000000
0.000000
0.000000
0.000000
0.000000
0.000000
0.000000
0.000000
35.437424
0.000000
0.000000
0.000000
79.134232
0.000000
24.092461
0.000000
114.041809
0.000000
0.000000
0.000000
0.000000
0.000000
60.901253
0.000000
0.000000
110.831558
0.000000
0.000000
0.000000
0.000000
0.000000
0.000000
0.000000
0.000000
0.000000
0.000000
0.000000
0.000000
0.000000
11.843642
0.000000
0.000000
56.319633
150.196075
74.334435
0.000000
0.000000
0.000000
0.000000
0.000000
0.000000
0.000000
0.000000
101.886490
0.000000
0.000000
0.000000
0.000000
0.000000
0.000000
0.000000
0.000000
0.000000
0.000000
0.000000
0.000000
0.000000
0.000000
0.000000
0.000000
0.000000
0.000000
0.000000
0.000000
0.000000
0.000000
0.000000
0.000000
0.000000
86.520920
0.000000
0.000000
0.000000
0.000000
0.000000
0.000000
0.000000
0.000000
0.000000
0.000000
0.000000
0.000000
0.000000
0.000000
0.000000
0.000000
0.000000
0.000000
0.000000
0.000000
0.000000
0.000000
0.000000
31.323317
0.000000
0.000000
0.000000
0.000000
0.000000
0.000000
0.000000
0.000000
0.000000
0.000000
0.000000
0.000000
0.000000
0.000000
0.000000
80.256256
0.000000
0.000000
0.000000
0.000000
0.000000
0.000000
0.000000
0.000000
0.000000
0.000000
0.000000
0.000000
0.000000
0.000000
0.000000
0.000000
0.000000
0.000000
0.000000
0.000000
34.346561
0.000000
78.448547
0.000000
0.000000
0.000000
0.000000
0.000000
0.000000
0.000000
122.425858
0.000000
0.000000
14.492878
0.000000
0.000000
0.000000
0.000000
0.000000
0.000000
0.000000
0.000000
0.000000
17.858965
0.000000
0.000000
0.000000
0.000000
0.000000
0.000000
0.000000
0.000000
0.000000
0.000000
0.000000
0.000000
0.000000
0.000000
0.000000
0.000000
29.453268
173.883362
0.000000
0.000000
0.000000
0.000000
0.000000
0.000000
0.000000
0.000000
0.000000
0.000000
0.000000
0.000000
0.000000
0.000000
0.000000
0.000000
0.000000
0.000000
0.000000
0.000000
0.000000
0.000000
23.967791
0.000000
0.000000
0.000000
0.000000
0.000000
89.325996
0.000000
0.000000
0.000000
0.000000
0.000000
0.000000
0.000000
0.000000
0.000000
0.000000
0.000000
11.718972
0.000000
0.000000
0.000000
0.000000
0.000000
0.000000
0.000000
0.000000
0.000000
0.000000
0.000000
8.633391
0.000000
0.000000
0.000000
0.000000
0.000000
80.162758
0.000000
14.804553
0.000000
0.000000
0.000000
0.000000
0.000000
0.000000
0.000000
0.000000
0.000000
0.000000
0.000000
0.000000
0.000000
0.000000
0.000000
0.000000
34.845242
0.000000
0.000000
0.000000
0.000000
0.000000
0.000000
0.000000
0.000000
61.119427
0.000000
8.134712
0.000000
0.000000
0.000000
0.000000
0.000000
0.000000
0.000000
139.225128
0.000000
0.000000
58.470192
0.000000
0.000000
0.000000
0.000000
0.000000
0.000000
0.000000
0.000000
0.000000
114.852158
0.000000
0.000000
0.000000
0.000000
0.000000
0.000000
0.000000
0.000000
75.705811
0.000000
0.000000
0.000000
0.000000
0.000000
0.000000
0.000000
87.861122
208.790939
0.000000
0.000000
0.000000
0.000000
0.000000
0.000000
0.000000
0.000000
0.000000
0.000000
0.000000
0.000000
0.000000
0.000000
0.000000
0.000000
0.000000
0.000000
0.000000
0.000000
0.000000
0.000000
0.000000
0.000000
0.000000
16.300592
0.000000
0.000000
34.284225
0.000000
0.000000
0.000000
0.000000
0.000000
0.000000
0.000000
0.000000
0.000000
0.000000
0.000000
66.449066
0.000000
0.000000
0.000000
0.000000
0.000000
0.000000
0.000000
0.000000
0.000000
0.000000
0.000000
116.005356
0.000000
0.000000
0.000000
0.000000
0.000000
0.000000
0.000000
59.779224
0.000000
0.000000
0.000000
0.000000
0.000000
0.000000
0.000000
0.000000
0.000000
0.000000
0.000000
0.000000
0.000000
0.000000
0.000000
0.000000
32.850525
0.000000
0.000000
0.000000
0.000000
0.000000
0.000000
0.000000
0.000000
250.368362
0.000000
0.000000
0.000000
0.000000
0.000000
0.000000
0.000000
0.000000
0.000000
135.859039
0.000000
0.000000
0.000000
0.000000
0.000000
0.000000
0.000000
0.000000
0.000000
0.000000
0.000000
0.000000
163.099426
0.000000
0.000000
0.000000
0.000000
0.000000
0.000000
0.000000
112.421097
0.000000
0.000000
0.000000
0.000000
0.000000
0.000000
0.000000
0.000000
0.000000
152.190796
0.000000
0.000000
0.000000
0.000000
0.000000
0.000000
0.000000
0.000000
0.000000
0.000000
0.000000
0.000000
0.000000
0.000000
0.000000
0.000000
0.000000
0.000000
0.000000
0.000000
0.000000
0.000000
0.000000
0.000000
0.000000
0.000000
0.000000
0.000000
87.019600
0.000000
0.000000
0.000000
0.000000
0.000000
0.000000
0.000000
0.000000
0.000000
0.000000
0.000000
0.000000
94.904976
0.000000
0.000000
0.000000
0.000000
0.000000
0.000000
0.000000
33.598541
0.000000
0.000000
117.594902
0.000000
0.000000
0.000000
0.000000
0.000000
0.000000
0.000000
0.000000
0.000000
0.000000
0.000000
0.000000
0.000000
0.000000
0.000000
0.000000
0.000000
0.000000
0.000000
0.000000
0.000000
0.000000
0.000000
0.000000
39.863205
0.000000
0.000000
0.000000
0.000000
0.000000
0.000000
0.000000
0.000000
186.038681
0.000000
0.000000
0.000000
0.000000
0.000000
0.000000
0.000000
0.000000
0.000000
145.801468
0.000000
0.000000
0.000000
0.000000
0.000000
0.000000
0.000000
0.000000
0.000000
0.000000
0.000000
0.000000
208.011749
0.000000
0.000000
0.000000
0.000000
0.000000
0.000000
0.000000
60.215569
0.000000
0.000000
0.000000
0.000000
0.000000
0.000000
0.000000
0.000000
0.000000
0.000000
0.000000
0.000000
0.000000
0.000000
0.000000
0.000000
0.000000
0.000000
0.000000
0.000000
0.000000
0.000000
0.000000
0.000000
0.000000
0.000000
0.000000
0.000000
0.000000
0.000000
0.000000
0.000000
0.000000
0.000000
0.000000
0.000000
0.000000
0.000000
115.226173
15.427902
0.000000
0.000000
0.000000
0.000000
0.000000
0.000000
0.000000
0.000000
0.000000
0.000000
16.549931
0.000000
0.000000
0.000000
0.000000
0.000000
0.000000
0.000000
0.000000
0.000000
0.000000
0.000000
214.214081
0.000000
0.000000
0.000000
0.000000
0.000000
0.000000
0.000000
0.000000
0.000000
0.000000
0.000000
0.000000
0.000000
0.000000
0.000000
0.000000
0.000000
0.000000
15.552572
0.000000
0.000000
0.000000
0.000000
0.000000
0.000000
0.000000
0.000000
0.000000
0.000000
0.000000
0.000000
14.835720
0.000000
108.618668
0.000000
0.000000
0.000000
0.000000
0.000000
0.000000
0.000000
0.000000
0.000000
200.500397
0.000000
0.000000
0.000000
0.000000
0.000000
0.000000
0.000000
0.000000
0.000000
0.000000
0.000000
0.000000
141.531525
0.000000
0.000000
0.000000
0.000000
0.000000
0.000000
0.000000
6.295831
220.042404
0.000000
0.000000
0.000000
0.000000
0.000000
0.000000
0.000000
0.000000
65.763382
0.000000
0.000000
0.000000
0.000000
0.000000
0.000000
0.000000
0.000000
0.000000
0.000000
0.000000
0.000000
0.000000
0.000000
0.000000
0.000000
0.000000
0.000000
0.000000
0.000000
0.000000
0.000000
0.000000
0.000000
0.000000
0.000000
0.000000
0.000000
82.687325
0.000000
0.000000
0.000000
0.000000
0.000000
0.000000
0.000000
0.000000
0.000000
25.526165
0.000000
0.000000
0.000000
86.676758
0.000000
0.000000
0.000000
0.000000
0.000000
0.000000
0.000000
0.000000
0.000000
35.219250
0.000000
0.000000
0.000000
0.000000
129.594376
0.000000
0.000000
78.386208
0.000000
0.000000
0.000000
0.000000
0.000000
0.000000
0.000000
0.000000
0.000000
0.000000
76.017479
0.000000
0.000000
0.000000
0.000000
0.000000
0.000000
0.000000
0.000000
0.000000
0.000000
87.798790
0.000000
0.000000
0.000000
276.767212
0.000000
0.000000
0.000000
0.000000
0.000000
0.000000
0.000000
0.000000
0.000000
187.877563
0.000000
0.000000
0.000000
0.000000
0.000000
0.000000
0.000000
0.000000
0.000000
0.000000
0.000000
0.000000
0.000000
0.000000
0.000000
0.000000
0.000000
0.000000
0.000000
0.000000
0.000000
51.457508
0.000000
0.000000
0.000000
0.000000
0.000000
0.000000
0.000000
0.000000
131.183914
0.000000
0.000000
0.000000
0.000000
0.000000
0.000000
0.000000
0.000000
0.000000
0.000000
0.000000
0.000000
0.000000
0.000000
0.000000
0.000000
0.000000
0.000000
0.000000
0.000000
0.000000
0.000000
0.000000
27.832560
62.490795
47.592739
0.000000
0.000000
62.895973
0.000000
0.000000
0.000000
0.000000
0.000000
0.000000
0.000000
0.000000
0.000000
0.000000
0.000000
0.000000
0.000000
114.883331
0.000000
0.000000
0.000000
0.000000
0.000000
0.000000
0.000000
0.000000
0.000000
15.490237
0.000000
0.000000
0.000000
0.000000
21.225054
0.000000
0.000000
0.000000
0.000000
0.000000
0.000000
0.000000
116.597542
0.000000
0.000000
0.000000
0.000000
0.000000
0.000000
0.000000
0.000000
0.000000
0.000000
0.000000
0.000000
0.000000
0.000000
0.000000
0.000000
104.847397
0.000000
11.781307
0.000000
185.197159
0.000000
105.533081
0.000000
16.799271
0.000000
0.000000
0.000000
0.000000
0.000000
180.210358
0.000000
0.000000
68.848961
0.000000
0.000000
0.000000
0.000000
0.000000
0.000000
0.000000
0.000000
0.000000
0.000000
0.000000
0.000000
0.000000
133.833160
0.000000
0.000000
0.000000
148.450699
123.173882
0.000000
0.000000
0.000000
0.000000
0.000000
0.000000
0.000000
6.607506
71.311195
0.000000
0.000000
0.000000
0.000000
0.000000
0.000000
0.000000
0.000000
0.000000
0.000000
0.000000
0.000000
0.000000
0.000000
0.000000
21.692566
0.000000
0.000000
0.000000
0.000000
0.000000
0.000000
0.000000
48.932941
0.155837
149.915573
42.668278
0.000000
61.181763
0.000000
0.000000
0.000000
0.000000
0.000000
0.000000
0.000000
0.000000
0.000000
0.000000
0.000000
0.000000
0.000000
146.518326
0.000000
0.000000
0.000000
0.000000
0.000000
0.000000
0.000000
0.000000
0.000000
63.675159
0.000000
0.000000
0.000000
0.000000
0.000000
0.000000
0.000000
0.000000
0.000000
0.000000
0.000000
0.000000
206.204041
0.000000
0.000000
0.000000
0.000000
0.000000
0.000000
0.000000
0.000000
0.000000
0.000000
0.000000
0.000000
0.000000
0.000000
0.000000
0.000000
42.824116
0.000000
0.000000
0.000000
51.893852
0.000000
27.988396
0.000000
128.534683
0.000000
0.000000
0.000000
0.000000
2.181724
61.618107
0.000000
0.000000
77.762863
0.000000
0.000000
0.000000
0.000000
0.000000
0.000000
0.000000
0.000000
0.000000
0.000000
0.000000
0.000000
0.000000
14.742218
0.000000
0.000000
87.580620
160.169678
88.764984
0.000000
0.000000
0.000000
0.000000
0.000000
0.000000
0.000000
0.000000
86.957268
0.000000
0.000000
0.000000
0.000000
0.000000
0.000000
0.000000
0.000000
0.000000
0.000000
0.000000
0.000000
0.000000
0.000000
0.000000
22.284748
0.000000
0.000000
0.000000
0.000000
0.000000
0.000000
0.000000
3.054413
0.000000
100.172279
0.000000
0.000000
0.000000
0.000000
0.000000
0.000000
0.000000
0.000000
0.000000
0.000000
0.000000
0.000000
0.000000
0.000000
0.000000
1.464872
0.000000
0.000000
0.000000
0.000000
0.000000
0.000000
0.000000
51.831516
0.000000
0.000000
0.000000
0.000000
0.000000
0.000000
0.000000
0.000000
0.000000
0.000000
0.000000
0.000000
0.000000
0.000000
0.000000
54.418419
0.000000
0.000000
0.000000
0.000000
0.000000
0.000000
0.000000
0.000000
0.000000
0.000000
0.000000
0.000000
0.000000
0.000000
0.000000
0.000000
0.000000
0.000000
0.000000
0.000000
47.281067
0.000000
82.905495
0.000000
0.000000
0.000000
0.000000
0.000000
0.000000
0.000000
163.130585
0.000000
0.000000
6.108826
0.000000
0.000000
0.000000
0.000000
0.000000
0.000000
0.000000
0.000000
0.000000
51.738014
0.000000
0.000000
0.000000
0.000000
0.000000
0.000000
0.000000
0.000000
0.000000
0.000000
0.000000
0.000000
0.000000
0.000000
0.000000
0.000000
51.551010
166.091492
0.000000
0.000000
0.000000
0.000000
0.000000
0.000000
0.000000
0.000000
0.000000
0.000000
0.000000
0.000000
0.000000
0.000000
0.000000
0.000000
0.000000
0.000000
0.000000
0.000000
0.000000
0.000000
28.829918
0.000000
0.000000
17.516123
0.000000
0.000000
114.166473
0.000000
0.000000
0.000000
0.000000
0.000000
0.000000
0.000000
0.000000
0.000000
0.000000
0.000000
31.572657
0.000000
0.000000
0.000000
0.000000
0.000000
0.000000
0.000000
0.000000
0.000000
0.000000
0.000000
0.436345
0.000000
0.000000
0.000000
0.000000
0.000000
66.324394
0.000000
4.332280
0.000000
0.000000
0.000000
0.000000
0.000000
0.000000
0.000000
0.000000
0.000000
0.000000
0.000000
0.000000
0.000000
0.000000
0.000000
0.000000
30.918139
0.000000
0.000000
0.000000
0.000000
45.535686
0.000000
0.000000
0.000000
54.511921
0.000000
18.856325
0.000000
0.000000
0.000000
0.000000
0.000000
0.000000
0.000000
171.140625
0.000000
0.000000
38.834679
0.000000
0.000000
0.000000
0.000000
0.000000
0.000000
0.000000
0.000000
0.000000
134.363007
0.000000
0.000000
0.000000
0.000000
0.000000
0.000000
0.000000
7.168520
79.788750
0.000000
0.000000
0.000000
46.844723
0.000000
0.000000
0.000000
116.067696
208.105255
0.000000
0.000000
0.000000
0.000000
0.000000
0.000000
0.000000
0.000000
0.000000
0.000000
0.000000
0.000000
0.000000
0.000000
0.000000
0.000000
0.000000
0.000000
0.000000
0.000000
0.000000
0.000000
0.000000
0.000000
0.000000
46.065533
0.000000
0.000000
38.834679
0.000000
0.000000
0.000000
0.000000
0.000000
0.000000
0.000000
0.000000
0.000000
0.000000
0.000000
86.894936
0.000000
6.825678
0.000000
0.000000
0.000000
0.000000
0.000000
0.000000
0.000000
0.000000
0.000000
103.382530
0.000000
0.000000
0.000000
0.000000
22.347082
0.000000
0.000000
69.690483
0.000000
0.000000
0.000000
0.000000
0.000000
0.000000
0.000000
0.000000
0.000000
0.000000
0.000000
0.000000
0.000000
0.000000
0.000000
0.000000
7.542530
0.000000
0.000000
0.000000
0.000000
2.929743
0.000000
0.000000
0.000000
284.964264
0.000000
0.000000
0.000000
0.000000
0.000000
0.000000
0.000000
0.000000
0.000000
147.110504
0.000000
0.000000
0.000000
0.000000
0.000000
0.000000
0.000000
0.000000
0.000000
0.000000
0.000000
0.000000
155.276382
0.000000
0.000000
0.000000
0.000000
0.000000
0.000000
0.000000
164.127945
0.000000
0.000000
0.000000
0.000000
0.000000
0.000000
0.000000
0.000000
0.000000
166.933014
0.000000
0.000000
0.000000
0.000000
0.000000
0.000000
0.000000
0.000000
0.000000
0.000000
0.000000
0.000000
0.000000
0.000000
0.000000
0.000000
0.000000
0.000000
0.000000
0.000000
0.000000
0.000000
0.000000
0.000000
0.000000
0.000000
0.000000
0.000000
108.275826
0.000000
0.000000
0.000000
0.000000
0.000000
7.043850
0.000000
0.000000
0.000000
0.000000
0.000000
0.000000
94.873810
0.000000
0.000000
0.000000
0.000000
0.000000
0.000000
0.000000
47.000557
0.000000
0.000000
161.073532
0.000000
0.000000
0.000000
0.000000
0.000000
0.000000
0.000000
0.000000
0.000000
0.000000
0.000000
0.000000
0.000000
0.000000
0.000000
0.000000
0.000000
0.000000
0.000000
0.000000
0.000000
0.000000
0.000000
0.000000
0.000000
0.000000
0.000000
0.000000
0.000000
0.000000
0.000000
0.000000
0.000000
167.244690
0.000000
0.000000
0.000000
0.000000
0.000000
0.000000
0.000000
0.000000
0.000000
139.630310
0.000000
0.000000
7.293190
0.000000
0.000000
0.000000
0.000000
0.000000
0.000000
0.000000
0.000000
0.000000
247.064606
0.000000
0.000000
0.000000
0.000000
0.000000
0.000000
25.027485
40.922901
0.000000
0.000000
0.000000
0.000000
0.000000
0.000000
0.000000
0.000000
0.000000
0.000000
0.000000
0.000000
0.000000
0.000000
0.000000
0.000000
0.000000
0.000000
0.000000
0.000000
0.000000
0.000000
0.000000
0.000000
0.000000
0.000000
0.000000
0.000000
0.000000
0.000000
0.000000
0.000000
0.000000
0.000000
0.000000
0.000000
12.685164
0.000000
108.026482
0.000000
0.000000
0.000000
0.000000
0.000000
0.000000
0.000000
0.000000
0.000000
0.000000
0.000000
33.068695
0.000000
0.000000
0.000000
0.000000
0.000000
0.000000
0.000000
0.000000
0.000000
0.000000
0.000000
188.532089
0.000000
0.000000
0.000000
0.000000
0.000000
0.000000
0.000000
0.000000
0.000000
0.000000
0.000000
0.000000
0.000000
0.000000
0.000000
0.000000
0.000000
0.000000
34.907578
0.000000
0.000000
0.000000
0.000000
0.000000
0.000000
0.000000
0.000000
0.000000
0.000000
0.000000
0.000000
26.835199
0.000000
114.291145
0.000000
0.000000
0.000000
0.000000
0.000000
0.000000
0.000000
0.000000
0.000000
164.252609
0.000000
0.000000
0.000000
0.000000
0.000000
0.000000
0.000000
0.000000
0.000000
0.000000
0.000000
0.000000
171.015961
0.000000
0.000000
0.000000
0.000000
0.000000
0.000000
0.000000
0.000000
235.626144
0.000000
0.000000
0.000000
0.000000
0.000000
0.000000
0.000000
0.000000
94.250458
0.000000
0.000000
0.000000
0.000000
0.000000
0.000000
0.000000
0.000000
0.000000
0.000000
0.000000
0.000000
0.000000
0.000000
0.000000
0.000000
0.000000
0.000000
0.000000
0.000000
0.000000
0.000000
0.000000
0.000000
0.000000
0.000000
0.000000
0.000000
105.875923
0.000000
0.000000
0.000000
0.000000
0.000000
0.000000
0.000000
0.000000
0.000000
28.611746
0.000000
0.000000
0.000000
41.920261
0.000000
0.000000
0.000000
0.000000
0.000000
0.000000
0.000000
0.000000
0.000000
15.147395
0.000000
0.000000
0.000000
0.000000
147.515686
0.000000
0.000000
70.095657
0.000000
0.000000
0.000000
0.000000
0.000000
0.000000
0.000000
0.000000
0.000000
0.000000
50.210808
0.000000
0.000000
0.000000
0.000000
0.000000
0.000000
0.000000
0.000000
0.000000
0.000000
108.961510
0.000000
0.000000
0.000000
295.467712
0.000000
10.129431
0.000000
0.000000
0.000000
0.000000
0.000000
0.000000
0.000000
185.228333
0.000000
0.000000
0.000000
0.000000
0.000000
0.000000
0.000000
0.000000
0.000000
0.000000
0.000000
0.000000
0.000000
0.000000
0.000000
0.000000
0.000000
0.000000
0.000000
0.000000
0.000000
19.916019
0.000000
0.000000
0.000000
0.000000
0.000000
0.000000
0.000000
0.000000
162.818909
0.000000
0.000000
0.000000
0.000000
0.000000
0.000000
0.000000
0.000000
0.000000
0.000000
0.000000
0.000000
0.000000
0.000000
0.000000
0.000000
0.000000
0.000000
0.000000
0.000000
0.000000
0.000000
0.000000
0.000000
116.223534
70.251495
0.000000
0.000000
97.772385
0.000000
0.000000
0.000000
0.000000
0.000000
0.000000
0.000000
0.000000
0.000000
0.000000
0.000000
0.000000
0.000000
103.070854
0.000000
0.000000
0.000000
0.000000
0.000000
0.000000
0.000000
0.000000
0.000000
37.245136
0.000000
0.000000
0.000000
0.000000
0.000000
0.000000
0.000000
0.000000
0.000000
0.000000
0.000000
0.000000
108.338158
0.000000
0.000000
0.000000
0.000000
0.000000
0.000000
0.000000
0.000000
0.000000
0.000000
0.000000
0.000000
0.000000
0.000000
0.000000
0.000000
83.871689
0.000000
0.000000
0.000000
175.784576
0.000000
152.876480
0.000000
0.000000
0.000000
0.000000
0.000000
0.000000
0.000000
153.905014
0.000000
0.000000
36.060772
0.000000
0.000000
0.000000
0.000000
0.000000
0.000000
0.000000
0.000000
0.000000
0.000000
0.000000
0.000000
0.000000
133.178635
0.000000
0.000000
0.000000
98.582733
99.455429
0.000000
0.000000
0.000000
0.000000
0.000000
0.000000
0.000000
22.191246
61.992115
0.000000
0.000000
0.000000
0.000000
0.000000
0.000000
0.000000
0.000000
0.000000
0.000000
0.000000
0.000000
0.000000
0.000000
0.000000
0.498680
0.000000
0.000000
0.000000
0.000000
0.000000
28.580578
0.000000
31.385651
18.949827
190.464462
56.880650
0.000000
43.914978
0.000000
0.000000
0.000000
0.000000
0.000000
0.000000
0.000000
0.000000
0.000000
0.000000
0.000000
0.000000
0.000000
154.092010
0.000000
0.000000
0.000000
0.000000
0.000000
0.000000
0.000000
0.000000
0.000000
60.683083
0.000000
0.000000
0.000000
0.000000
0.000000
0.000000
0.000000
0.000000
0.000000
0.000000
0.000000
0.000000
179.057175
0.000000
0.000000
0.000000
0.000000
0.000000
0.000000
0.000000
0.000000
0.000000
0.000000
0.000000
0.000000
0.000000
0.000000
0.000000
0.000000
62.677799
0.000000
0.000000
0.000000
35.530926
0.000000
32.507679
0.000000
143.495071
0.000000
0.000000
0.000000
0.000000
13.776026
71.560532
0.000000
0.000000
40.206047
0.000000
0.000000
0.000000
0.000000
0.000000
0.000000
0.000000
0.000000
0.000000
0.000000
0.000000
0.000000
0.000000
19.074497
0.000000
0.000000
98.146393
163.847443
97.710045
0.000000
0.000000
0.000000
0.000000
0.000000
0.000000
0.000000
3.989437
78.168037
0.000000
0.000000
0.000000
0.000000
0.000000
0.000000
0.000000
0.000000
0.000000
0.000000
0.000000
0.000000
0.000000
0.000000
0.000000
42.231934
0.000000
0.000000
0.000000
0.000000
0.000000
0.000000
0.000000
13.651356
0.000000
96.930862
0.000000
0.000000
0.000000
0.000000
0.000000
0.000000
0.000000
0.000000
0.000000
0.000000
0.000000
0.000000
0.000000
0.000000
0.000000
24.372969
0.000000
0.000000
0.000000
0.000000
0.000000
0.000000
0.000000
43.540970
0.000000
0.000000
0.000000
0.000000
0.000000
0.000000
0.000000
0.000000
0.000000
0.000000
0.000000
0.000000
0.000000
0.000000
0.000000
28.954588
0.000000
0.000000
0.000000
0.000000
0.000000
0.000000
0.000000
0.000000
0.000000
0.000000
0.000000
0.000000
0.000000
0.000000
0.000000
0.000000
0.000000
0.000000
0.000000
0.000000
59.000038
0.000000
91.040207
0.000000
0.000000
0.000000
0.000000
0.000000
0.000000
0.000000
144.866440
0.000000
0.000000
36.341282
0.000000
0.000000
0.000000
0.000000
0.000000
0.000000
0.000000
0.000000
0.000000
65.202370
0.000000
0.000000
0.000000
0.000000
0.000000
0.000000
0.000000
0.000000
0.000000
0.000000
0.000000
0.000000
0.000000
0.000000
0.000000
0.000000
42.699448
137.916092
0.000000
0.000000
0.000000
0.000000
0.000000
0.000000
0.000000
0.000000
0.000000
0.000000
0.000000
0.000000
0.000000
0.000000
0.000000
0.000000
0.000000
0.000000
0.000000
0.000000
0.000000
0.000000
41.390411
0.000000
0.000000
23.531446
0.000000
0.000000
46.003201
0.000000
0.000000
0.000000
0.000000
0.000000
0.000000
0.000000
0.000000
0.000000
0.000000
0.000000
44.382492
0.000000
0.000000
0.000000
0.000000
0.000000
0.000000
0.000000
0.000000
0.000000
0.000000
0.000000
0.000000
0.000000
0.000000
0.000000
0.000000
0.000000
71.342361
0.000000
15.240897
0.000000
0.000000
0.000000
0.000000
0.000000
0.000000
0.000000
0.000000
0.000000
0.000000
0.000000
0.000000
0.000000
0.000000
0.000000
0.000000
12.155317
0.000000
0.000000
0.000000
0.000000
26.149515
0.000000
0.000000
0.000000
57.067654
0.000000
23.469112
0.000000
0.000000
0.000000
0.000000
0.000000
0.000000
0.000000
169.177078
0.000000
0.000000
60.277905
0.000000
0.000000
0.000000
0.000000
0.000000
0.000000
0.000000
0.000000
0.000000
141.531525
0.000000
0.000000
0.000000
0.000000
0.000000
0.000000
0.000000
4.612787
95.341316
0.000000
0.000000
0.000000
40.548889
0.000000
0.000000
0.000000
96.619186
179.836349
0.000000
0.000000
0.000000
0.000000
0.000000
0.000000
0.000000
0.000000
0.000000
0.000000
0.000000
0.000000
0.000000
0.000000
0.000000
0.000000
0.000000
0.000000
0.000000
0.000000
0.000000
0.000000
0.000000
0.000000
0.000000
40.922901
0.000000
0.000000
0.000000
0.000000
0.000000
0.000000
0.000000
0.000000
0.000000
0.000000
0.000000
0.000000
0.000000
0.000000
92.193405
0.000000
23.126270
0.000000
0.000000
0.000000
0.000000
0.000000
0.000000
0.000000
0.000000
0.000000
66.604904
0.000000
0.000000
0.000000
0.000000
41.920261
0.000000
0.000000
76.110985
0.000000
0.000000
0.000000
0.000000
0.000000
0.000000
0.000000
0.000000
0.000000
0.000000
0.000000
0.000000
0.000000
0.000000
0.000000
0.000000
0.000000
0.000000
0.000000
0.000000
0.000000
0.000000
0.000000
0.000000
0.000000
295.093689
0.000000
0.000000
0.000000
0.000000
0.000000
0.000000
0.000000
0.000000
0.000000
152.253143
0.000000
0.000000
0.000000
0.000000
0.000000
0.000000
0.000000
0.000000
0.000000
0.000000
0.000000
0.000000
149.603897
0.000000
0.000000
0.000000
0.000000
0.000000
0.000000
0.000000
193.861725
0.000000
0.000000
0.000000
0.000000
0.000000
0.000000
0.000000
0.000000
0.000000
150.694763
0.000000
0.000000
0.000000
0.000000
0.000000
0.000000
0.000000
0.000000
0.000000
0.000000
0.000000
0.000000
0.000000
0.000000
0.000000
0.000000
0.000000
0.000000
0.000000
0.000000
0.000000
0.000000
12.248819
0.000000
0.000000
0.000000
0.000000
0.000000
76.640831
0.000000
0.000000
0.000000
0.000000
0.000000
4.238777
0.000000
0.000000
0.000000
0.000000
0.000000
0.000000
48.122589
9.973594
0.000000
0.000000
0.000000
0.000000
0.000000
0.000000
28.549412
0.000000
0.000000
150.507751
0.000000
0.000000
0.000000
0.000000
0.000000
0.000000
0.000000
0.000000
0.000000
0.000000
0.000000
0.000000
0.000000
0.000000
0.000000
0.000000
0.000000
0.000000
0.000000
0.000000
0.000000
0.000000
0.000000
0.000000
0.000000
0.000000
0.000000
0.000000
0.000000
0.000000
0.000000
0.000000
0.000000
149.323395
0.000000
0.000000
0.000000
0.000000
0.000000
0.000000
0.000000
0.000000
0.000000
132.087784
0.000000
0.000000
73.305908
0.000000
0.000000
0.000000
0.000000
0.000000
0.000000
0.000000
0.000000
0.000000
246.129578
0.000000
0.000000
0.000000
0.000000
0.000000
0.000000
23.998959
19.012163
0.000000
0.000000
0.000000
0.000000
0.000000
0.000000
0.000000
0.000000
0.000000
0.000000
0.000000
0.000000
0.000000
0.000000
0.000000
0.000000
0.000000
0.000000
0.000000
0.000000
0.000000
0.000000
0.000000
0.000000
0.000000
0.000000
0.000000
0.000000
0.000000
0.000000
0.000000
0.000000
0.000000
0.000000
0.000000
0.000000
40.237217
0.000000
69.970993
0.000000
0.000000
0.000000
0.000000
0.000000
0.000000
0.000000
0.000000
0.000000
0.000000
0.000000
36.995796
0.000000
0.000000
0.000000
0.000000
0.000000
0.000000
0.000000
0.000000
0.000000
0.000000
0.000000
125.604942
0.000000
0.000000
0.000000
0.000000
0.000000
0.000000
0.000000
0.000000
0.000000
0.000000
0.000000
0.000000
0.000000
0.000000
0.000000
0.000000
0.000000
0.000000
37.182804
0.000000
0.000000
0.000000
0.000000
0.000000
0.000000
0.000000
0.000000
0.000000
0.000000
0.000000
0.000000
11.251460
0.000000
136.731735
0.000000
0.000000
0.000000
0.000000
0.000000
0.000000
0.000000
0.000000
0.000000
147.048172
0.000000
0.000000
8.290549
0.000000
0.000000
0.000000
0.000000
0.000000
0.000000
0.000000
0.000000
0.000000
195.420090
0.000000
0.000000
0.000000
0.000000
0.000000
0.000000
0.000000
0.000000
213.746567
0.000000
0.000000
0.000000
0.000000
0.000000
0.000000
0.000000
0.000000
118.748093
0.000000
0.000000
0.000000
0.000000
0.000000
0.000000
0.000000
0.000000
0.000000
0.000000
0.000000
0.000000
0.000000
0.000000
0.000000
0.000000
0.000000
0.000000
0.000000
0.000000
0.000000
0.000000
0.000000
0.000000
0.000000
0.000000
0.000000
0.000000
83.341843
0.000000
0.000000
0.000000
0.000000
0.000000
0.000000
0.000000
0.000000
0.000000
27.863726
0.000000
0.000000
0.000000
26.679361
0.000000
0.000000
0.000000
0.000000
0.000000
0.000000
0.000000
0.000000
0.000000
0.000000
0.000000
0.000000
0.000000
0.000000
176.314423
0.000000
0.000000
75.051292
0.000000
0.000000
0.000000
0.000000
0.000000
0.000000
0.000000
0.000000
0.000000
0.000000
21.505560
0.000000
0.000000
0.000000
0.000000
0.000000
0.000000
0.000000
0.000000
0.000000
0.000000
92.286903
0.000000
0.000000
0.000000
293.067810
0.000000
30.918139
0.000000
0.000000
0.000000
0.000000
0.000000
0.000000
0.000000
192.770859
0.000000
0.000000
0.000000
0.000000
0.000000
0.000000
0.000000
0.000000
0.000000
0.000000
0.000000
0.000000
0.000000
0.000000
20.788708
0.000000
0.000000
0.000000
0.000000
0.000000
0.000000
0.000000
0.000000
0.000000
0.000000
0.000000
0.000000
0.000000
0.000000
0.000000
161.073532
0.000000
0.000000
0.000000
0.000000
0.000000
0.000000
0.000000
0.000000
0.000000
8.041209
0.000000
0.000000
0.000000
0.000000
0.000000
0.000000
0.000000
0.000000
0.000000
0.000000
0.000000
0.000000
0.000000
0.000000
121.023323
62.303791
0.000000
0.000000
101.824158
0.000000
0.000000
0.000000
0.000000
0.000000
0.000000
0.000000
0.000000
0.000000
0.000000
0.000000
0.000000
0.000000
103.850044
0.000000
0.000000
0.000000
0.000000
0.000000
0.000000
0.000000
0.000000
0.000000
27.801392
0.000000
0.000000
0.000000
0.000000
0.000000
0.000000
0.000000
0.000000
0.000000
0.000000
0.000000
0.000000
89.731171
0.000000
0.000000
0.000000
0.000000
0.000000
0.000000
0.000000
0.000000
0.000000
0.000000
0.000000
0.000000
0.000000
0.000000
0.000000
0.000000
51.769184
0.000000
0.000000
0.000000
171.670471
0.000000
157.489273
0.000000
0.000000
0.000000
0.000000
0.000000
0.000000
0.000000
151.598618
0.000000
0.000000
59.187042
0.000000
0.000000
0.000000
0.000000
0.000000
0.000000
0.000000
0.000000
0.000000
0.000000
0.000000
0.000000
0.000000
122.051849
0.000000
0.000000
0.000000
76.703163
70.563171
0.000000
0.000000
0.000000
0.000000
0.000000
0.000000
0.000000
16.331758
43.509800
0.000000
0.000000
0.000000
0.000000
0.000000
0.000000
0.000000
0.000000
0.000000
0.000000
0.000000
0.000000
0.000000
0.000000
0.000000
0.000000
0.000000
0.000000
0.000000
0.000000
0.000000
31.884331
0.000000
9.817756
20.383532
186.225693
46.688885
0.000000
45.224010
0.000000
0.000000
0.000000
0.000000
0.000000
0.000000
0.000000
0.000000
0.000000
0.000000
0.000000
0.000000
0.000000
158.798309
0.000000
0.000000
0.000000
0.000000
0.000000
0.000000
0.000000
0.000000
0.000000
56.568974
0.000000
0.000000
0.000000
0.000000
0.000000
0.000000
0.000000
0.000000
0.000000
0.000000
0.000000
0.000000
139.318634
0.000000
0.000000
0.000000
0.000000
0.000000
0.000000
0.000000
0.000000
0.000000
0.000000
0.000000
0.000000
0.000000
0.000000
0.000000
0.000000
67.633430
0.000000
0.000000
0.000000
49.930302
0.000000
27.146873
0.000000
121.085655
0.000000
0.000000
0.000000
0.000000
0.405177
90.915535
0.000000
0.000000
49.680962
0.000000
0.000000
0.000000
0.000000
0.000000
0.000000
0.000000
0.000000
0.000000
0.000000
0.000000
0.000000
0.000000
21.786068
0.000000
0.000000
91.725891
167.026520
96.214012
0.000000
0.000000
0.000000
0.000000
0.000000
0.000000
0.000000
9.381412
65.919220
0.000000
0.000000
0.000000
0.000000
0.000000
0.000000
0.000000
0.000000
0.000000
0.000000
0.000000
0.000000
0.000000
0.000000
0.000000
32.102505
0.000000
0.000000
0.000000
0.000000
0.000000
0.000000
0.000000
22.565254
0.000000
101.418976
0.000000
0.000000
0.000000
0.000000
0.000000
0.000000
0.000000
0.000000
0.000000
0.000000
0.000000
0.000000
0.000000
0.000000
0.000000
21.910738
10.877450
0.000000
0.000000
0.000000
0.000000
0.000000
0.000000
10.378771
0.000000
0.000000
0.000000
0.000000
0.000000
0.000000
0.000000
0.000000
0.000000
0.000000
0.000000
0.000000
0.000000
0.000000
0.000000
32.819355
