0.000000
0.000000
0.000000
0.000000
0.000000
0.000000
0.000000
0.000000
0.000000
0.000000
0.000000
0.000000
0.000000
0.000000
0.000000
0.000000
0.000000
21.100384
0.000000
0.000000
66.698410
0.000000
149.354568
0.000000
0.000000
0.000000
0.000000
0.000000
0.000000
0.000000
0.000000
0.000000
0.000000
467.605713
0.000000
0.000000
0.000000
0.000000
0.000000
0.000000
0.000000
0.000000
0.000000
0.000000
0.000000
0.000000
0.000000
0.000000
0.000000
0.000000
0.000000
0.000000
0.000000
0.000000
0.000000
0.000000
0.000000
0.000000
0.000000
0.000000
0.000000
178.028641
0.000000
0.000000
0.000000
124.046570
0.000000
0.000000
0.000000
0.000000
0.000000
0.000000
0.000000
0.000000
0.000000
0.000000
0.000000
0.000000
0.000000
0.000000
0.000000
0.000000
0.000000
0.000000
0.000000
0.000000
0.000000
0.000000
0.000000
0.000000
0.000000
36.746460
0.000000
0.000000
0.000000
0.000000
0.000000
0.000000
0.000000
0.000000
0.000000
0.000000
32.414181
0.000000
0.000000
0.000000
0.000000
0.000000
0.000000
0.000000
0.000000
0.000000
0.000000
0.000000
0.000000
0.000000
0.000000
0.000000
0.000000
115.444344
0.000000
0.000000
64.267342
0.000000
0.000000
0.000000
0.000000
0.000000
0.000000
0.000000
0.000000
0.000000
0.000000
0.000000
0.000000
0.000000
0.000000
0.000000
0.000000
0.000000
0.000000
0.000000
0.000000
0.000000
0.000000
57.504002
0.000000
0.000000
76.235657
0.000000
146.144318
0.000000
0.000000
0.000000
0.000000
0.000000
0.000000
0.000000
41.608585
0.000000
0.000000
478.888336
0.000000
0.000000
0.000000
0.000000
0.000000
0.000000
0.000000
0.000000
0.000000
0.000000
0.000000
0.000000
0.000000
0.000000
0.000000
0.000000
0.000000
0.000000
0.000000
0.000000
0.000000
0.000000
0.000000
0.000000
0.000000
0.000000
0.000000
208.292267
0.000000
0.000000
0.000000
78.729057
0.000000
0.000000
0.000000
0.000000
0.000000
0.000000
0.000000
0.000000
0.000000
0.000000
0.000000
0.000000
0.000000
0.031167
0.000000
0.000000
0.000000
0.000000
0.000000
0.000000
0.000000
0.000000
0.000000
0.000000
0.000000
63.893333
0.000000
0.000000
0.000000
0.000000
0.000000
0.000000
0.000000
0.000000
0.000000
0.000000
37.089302
0.000000
0.000000
0.000000
0.000000
0.000000
0.000000
0.000000
0.000000
0.000000
0.000000
0.000000
0.000000
0.000000
0.000000
0.000000
0.000000
160.325516
0.000000
0.000000
4.986797
0.000000
0.000000
0.000000
0.000000
0.000000
0.000000
0.000000
0.000000
0.000000
0.000000
0.000000
0.000000
0.000000
0.000000
0.000000
0.000000
0.000000
0.000000
0.000000
0.000000
0.000000
0.000000
70.282669
0.000000
0.000000
74.552612
0.000000
142.373047
0.000000
0.000000
0.000000
0.000000
0.000000
0.000000
0.000000
51.239338
0.000000
0.000000
468.384888
0.000000
0.000000
0.000000
0.000000
0.000000
0.000000
0.000000
0.000000
0.000000
42.761784
0.000000
0.000000
0.000000
0.000000
0.000000
0.000000
0.000000
0.000000
0.000000
0.000000
0.000000
0.000000
0.000000
0.000000
0.000000
0.000000
0.000000
230.888687
0.000000
0.000000
0.000000
48.153755
0.000000
0.000000
0.000000
0.000000
0.000000
0.000000
0.000000
0.000000
0.000000
0.000000
0.000000
0.000000
0.000000
9.911259
0.000000
0.000000
0.000000
0.000000
0.000000
0.000000
0.000000
0.000000
0.000000
0.000000
0.000000
115.631348
0.000000
0.000000
0.000000
0.000000
0.000000
0.000000
0.000000
0.000000
0.000000
0.000000
59.810394
0.000000
0.000000
0.000000
0.000000
0.000000
0.000000
0.000000
0.000000
0.000000
0.000000
0.000000
0.000000
66.012726
0.000000
0.000000
0.000000
155.338715
0.000000
0.000000
0.000000
0.000000
0.000000
0.000000
0.000000
0.000000
0.000000
0.000000
0.000000
0.000000
0.000000
0.000000
0.000000
0.000000
0.000000
0.000000
0.000000
1.215532
0.000000
0.000000
0.000000
0.000000
0.000000
88.172798
0.000000
0.000000
71.872208
0.000000
153.749176
0.000000
0.000000
0.000000
0.000000
0.000000
0.000000
0.000000
53.826237
0.000000
0.000000
467.792694
0.000000
0.000000
0.000000
0.000000
0.000000
0.000000
0.000000
0.000000
0.000000
0.000000
0.000000
0.000000
0.000000
0.000000
0.000000
0.000000
0.000000
0.000000
0.000000
0.000000
0.000000
0.000000
0.000000
0.000000
0.000000
0.000000
0.000000
228.177124
0.000000
0.000000
0.000000
56.070297
0.000000
0.000000
0.000000
0.000000
0.000000
0.000000
0.000000
0.000000
0.000000
0.000000
0.000000
0.000000
0.000000
0.000000
0.000000
0.000000
0.000000
0.000000
0.000000
0.000000
0.000000
0.000000
0.000000
0.000000
0.000000
146.206650
0.000000
0.000000
0.000000
0.000000
0.000000
0.000000
0.000000
0.000000
0.000000
0.000000
115.943024
0.000000
0.000000
0.000000
0.000000
0.000000
0.000000
0.000000
0.000000
0.000000
0.000000
0.000000
0.000000
62.989475
0.000000
0.000000
0.000000
152.408981
0.000000
0.000000
17.796631
0.000000
0.000000
0.000000
0.000000
0.000000
0.000000
0.000000
0.000000
0.000000
0.000000
0.000000
0.000000
0.000000
0.000000
0.000000
0.000000
0.000000
0.000000
0.000000
0.000000
0.000000
0.000000
85.585899
0.000000
0.000000
84.152199
0.000000
189.186600
0.000000
0.000000
0.000000
0.000000
0.000000
0.000000
0.000000
51.332840
0.000000
0.000000
481.849243
0.000000
0.000000
0.000000
0.000000
0.000000
0.000000
0.000000
0.000000
0.000000
0.000000
0.000000
0.000000
0.000000
0.000000
0.000000
0.000000
0.000000
0.000000
0.000000
0.000000
0.000000
0.000000
0.000000
0.000000
0.000000
0.000000
0.000000
236.717010
0.000000
0.000000
0.000000
72.277382
0.000000
0.000000
0.000000
0.000000
0.000000
0.000000
0.000000
0.000000
0.000000
0.000000
0.000000
0.000000
0.000000
0.000000
0.000000
0.000000
0.000000
0.000000
0.000000
0.000000
0.000000
0.000000
0.000000
0.000000
0.000000
109.616028
0.000000
0.000000
0.000000
0.000000
0.000000
0.000000
0.000000
0.000000
0.000000
0.000000
167.275864
0.000000
0.000000
0.000000
0.000000
0.000000
0.000000
0.000000
0.000000
0.000000
0.000000
5.298471
0.000000
37.587982
0.000000
0.000000
0.000000
183.732300
0.000000
0.000000
33.692047
0.000000
0.000000
0.000000
0.000000
0.000000
0.000000
0.000000
0.000000
0.000000
0.000000
0.000000
0.000000
0.000000
0.000000
0.000000
0.000000
0.000000
0.000000
0.000000
0.000000
0.000000
0.000000
62.584301
0.000000
0.000000
95.060814
0.000000
205.206680
0.000000
0.000000
0.000000
0.000000
0.000000
0.000000
0.000000
57.441666
0.000000
0.000000
486.680206
0.000000
0.000000
0.000000
0.000000
0.000000
0.000000
0.000000
0.000000
0.000000
0.000000
0.000000
0.000000
0.000000
0.000000
0.000000
0.000000
0.000000
0.000000
6.794510
0.000000
0.000000
0.000000
0.000000
0.000000
0.000000
0.000000
0.000000
253.765625
0.000000
0.000000
0.000000
67.664597
0.000000
0.000000
0.000000
0.000000
0.000000
0.000000
0.000000
0.000000
0.000000
0.000000
0.000000
0.000000
0.000000
0.000000
0.000000
0.000000
0.000000
0.000000
0.000000
0.000000
0.000000
0.000000
0.000000
0.000000
0.000000
52.860046
0.000000
0.000000
0.000000
0.000000
0.000000
0.000000
0.000000
0.000000
0.000000
0.000000
171.078293
0.000000
0.000000
0.000000
0.000000
0.000000
0.000000
0.000000
0.000000
0.000000
0.000000
0.000000
0.000000
17.827799
0.000000
0.000000
0.000000
195.451263
0.000000
0.000000
33.505039
0.000000
0.000000
0.000000
0.000000
0.000000
0.000000
0.000000
0.000000
0.000000
0.000000
0.000000
0.000000
0.000000
0.000000
0.000000
0.000000
0.000000
0.000000
0.000000
0.000000
0.000000
0.000000
55.259941
0.000000
0.000000
88.920822
0.000000
248.342484
0.000000
0.000000
0.000000
0.000000
0.000000
0.000000
0.000000
92.099899
0.000000
0.000000
452.551819
0.000000
0.000000
0.000000
0.000000
0.000000
0.000000
0.000000
0.000000
0.000000
0.000000
0.000000
0.000000
0.000000
0.000000
0.000000
0.000000
0.000000
0.000000
1.776546
0.000000
0.000000
0.000000
0.000000
0.000000
0.000000
0.000000
0.000000
254.544800
0.000000
0.000000
0.000000
61.992119
0.000000
0.000000
0.000000
0.000000
0.000000
0.000000
0.000000
0.000000
0.000000
0.000000
0.000000
0.000000
0.000000
0.000000
0.000000
0.000000
0.000000
0.000000
0.000000
0.000000
0.000000
0.000000
0.000000
0.000000
0.000000
56.163799
0.000000
0.000000
0.000000
0.000000
0.000000
0.000000
0.000000
0.000000
0.000000
0.000000
149.198730
0.000000
0.000000
0.000000
0.000000
0.000000
0.000000
0.000000
0.000000
0.000000
0.000000
0.716852
0.000000
21.536728
0.000000
0.000000
0.000000
170.735458
0.000000
0.000000
25.245659
0.000000
0.000000
0.000000
0.000000
0.000000
0.000000
0.000000
0.000000
0.000000
0.000000
0.000000
0.000000
0.000000
0.000000
0.000000
0.000000
0.000000
0.000000
0.000000
0.000000
0.000000
0.000000
79.103065
0.000000
0.000000
103.164360
0.000000
271.032410
0.000000
0.000000
0.000000
0.000000
0.000000
0.000000
0.000000
125.417938
0.000000
0.000000
399.878754
0.000000
0.000000
0.000000
0.000000
0.000000
0.000000
0.000000
0.000000
0.000000
0.000000
0.000000
0.000000
0.000000
0.000000
0.000000
0.000000
0.000000
0.000000
24.061295
0.000000
0.000000
0.000000
0.000000
0.000000
0.000000
5.703649
0.000000
235.407974
0.000000
0.000000
0.000000
106.374611
0.000000
0.000000
0.000000
0.000000
0.000000
0.000000
0.000000
0.000000
0.000000
0.000000
0.000000
0.000000
0.000000
0.000000
0.000000
0.000000
0.000000
0.000000
80.412094
0.000000
0.000000
0.000000
0.000000
7.417860
0.000000
140.783508
0.000000
0.000000
0.000000
0.000000
0.000000
0.000000
0.000000
0.000000
0.000000
0.000000
179.462341
0.000000
0.000000
0.000000
0.000000
0.000000
0.000000
0.000000
0.000000
0.000000
0.000000
47.281067
70.251503
3.708930
0.000000
0.000000
0.000000
156.180237
0.000000
0.000000
77.918701
0.000000
0.000000
0.000000
0.000000
0.000000
0.000000
0.000000
0.000000
0.000000
0.000000
0.000000
0.000000
0.000000
0.000000
0.000000
0.000000
0.000000
3.210250
0.000000
0.000000
0.000000
0.000000
69.815155
0.000000
0.000000
15.427902
0.000000
77.201851
0.000000
86.146912
0.000000
0.000000
0.000000
0.000000
0.000000
64.111504
0.000000
0.000000
51.083500
0.000000
0.000000
0.000000
0.000000
0.000000
0.000000
0.000000
0.000000
0.000000
0.000000
0.000000
0.000000
0.000000
10.129431
0.000000
0.000000
14.118868
0.000000
0.000000
0.000000
0.000000
0.000000
0.000000
0.000000
0.000000
0.000000
0.000000
264.362549
0.000000
0.000000
0.000000
37.276306
0.000000
0.000000
0.000000
0.000000
0.000000
0.000000
0.000000
0.000000
0.000000
0.000000
0.000000
40.517723
0.000000
0.000000
0.000000
0.000000
0.000000
0.000000
0.000000
0.000000
0.000000
0.000000
0.000000
0.000000
0.000000
0.000000
0.000000
0.000000
0.000000
0.000000
0.000000
0.000000
0.000000
0.000000
0.000000
0.000000
0.000000
0.000000
0.000000
0.000000
0.000000
0.000000
0.000000
0.000000
0.000000
0.000000
0.000000
0.000000
67.010078
0.000000
0.000000
0.000000
0.000000
21.661398
0.000000
0.000000
96.245178
0.000000
0.000000
0.000000
0.000000
0.000000
0.000000
0.000000
0.000000
0.000000
0.000000
0.000000
0.000000
0.000000
0.000000
0.000000
0.000000
0.000000
0.000000
0.000000
0.000000
0.000000
0.000000
74.396774
0.000000
0.000000
42.886452
0.000000
39.707371
0.000000
0.000000
0.000000
0.000000
0.000000
0.000000
0.000000
74.864288
0.000000
0.000000
92.505081
0.000000
0.000000
0.000000
0.000000
0.000000
0.000000
0.000000
0.000000
0.000000
0.000000
0.000000
0.000000
0.000000
0.000000
0.000000
0.000000
0.000000
48.558933
0.000000
0.000000
0.000000
0.000000
0.000000
0.000000
0.000000
0.000000
0.000000
324.609314
0.000000
0.000000
18.419981
0.000000
0.000000
0.000000
0.000000
0.000000
0.000000
0.000000
0.000000
0.000000
0.000000
0.000000
0.000000
46.782387
0.000000
0.000000
0.000000
0.000000
0.000000
0.000000
0.000000
0.000000
0.000000
0.000000
0.000000
0.000000
0.000000
0.000000
0.000000
0.000000
0.000000
0.000000
0.000000
0.000000
0.000000
0.000000
0.000000
0.000000
22.502920
0.000000
0.000000
0.000000
0.000000
0.000000
0.000000
0.000000
0.000000
0.000000
0.000000
0.000000
183.140106
0.000000
0.000000
0.000000
0.000000
120.462311
0.000000
0.000000
50.491318
0.000000
0.000000
0.000000
0.000000
0.000000
0.000000
0.000000
0.000000
0.000000
0.000000
0.000000
0.000000
0.000000
0.000000
0.000000
0.000000
0.000000
0.000000
0.000000
0.000000
0.000000
0.000000
71.280029
0.000000
0.000000
36.091942
0.000000
78.604385
0.000000
0.000000
0.000000
0.000000
0.000000
0.000000
0.000000
53.950909
0.000000
0.000000
139.630310
0.000000
0.000000
0.000000
0.000000
0.000000
0.000000
0.000000
0.000000
0.000000
0.000000
0.000000
0.000000
0.000000
0.000000
0.000000
0.000000
0.000000
0.000000
0.000000
0.000000
0.000000
0.000000
0.000000
0.000000
0.000000
0.000000
0.000000
356.805298
0.000000
0.000000
24.217133
0.000000
0.000000
0.000000
0.000000
0.000000
0.000000
0.000000
0.000000
0.000000
0.000000
0.000000
0.000000
6.763343
0.000000
0.000000
0.000000
0.000000
0.000000
0.000000
0.000000
0.000000
0.000000
0.000000
0.000000
0.000000
0.000000
0.000000
0.000000
0.000000
0.000000
0.000000
0.000000
0.000000
0.000000
0.000000
0.000000
0.000000
63.394653
0.000000
0.000000
0.000000
0.000000
0.000000
0.000000
0.000000
0.000000
0.000000
0.000000
0.000000
120.368805
0.000000
0.000000
0.000000
0.000000
100.047607
0.000000
0.000000
0.000000
0.000000
0.000000
0.000000
0.000000
0.000000
0.000000
0.000000
0.000000
0.000000
0.000000
0.000000
0.000000
0.000000
0.000000
0.000000
0.000000
0.000000
0.000000
0.000000
0.000000
0.000000
0.000000
64.423180
0.000000
0.000000
0.000000
0.000000
138.508286
0.000000
0.000000
0.000000
0.000000
0.000000
0.000000
0.000000
90.448029
0.000000
0.000000
112.234093
0.000000
0.000000
0.000000
0.000000
0.000000
0.000000
0.000000
0.000000
0.000000
0.000000
0.000000
0.000000
0.000000
0.000000
0.000000
0.000000
0.000000
0.000000
0.000000
0.000000
0.000000
0.000000
0.000000
0.000000
0.000000
0.000000
0.000000
350.509491
0.000000
0.000000
0.000000
0.000000
0.000000
0.000000
0.000000
0.000000
0.000000
0.000000
0.000000
0.000000
0.000000
0.000000
0.000000
0.000000
0.000000
0.000000
0.000000
0.000000
0.000000
0.000000
1.963551
0.000000
0.000000
0.000000
0.000000
0.000000
0.000000
0.000000
0.000000
0.000000
0.000000
0.000000
0.000000
0.000000
0.000000
0.000000
0.000000
0.000000
136.139557
0.000000
0.000000
0.000000
0.000000
0.000000
0.000000
0.000000
0.000000
0.000000
0.000000
0.000000
21.006882
0.000000
0.000000
0.000000
0.000000
66.075058
0.000000
0.000000
1.309034
0.000000
0.000000
0.000000
0.000000
0.000000
0.000000
0.000000
0.000000
0.000000
0.000000
0.000000
0.000000
0.000000
0.000000
0.000000
0.000000
0.000000
0.000000
0.000000
0.000000
0.000000
0.000000
109.771866
0.000000
0.000000
0.000000
0.000000
186.755539
0.000000
0.000000
0.000000
0.000000
0.000000
0.000000
0.000000
134.830521
0.000000
0.000000
5.360806
0.000000
0.000000
0.000000
0.000000
0.000000
0.000000
0.000000
0.000000
0.000000
0.000000
0.000000
0.000000
0.000000
0.000000
0.000000
0.000000
0.000000
1.870049
0.000000
0.000000
0.000000
0.000000
0.000000
0.000000
0.000000
0.000000
29.640274
379.744568
0.000000
0.000000
16.986277
0.000000
0.000000
0.000000
0.000000
0.000000
0.000000
0.000000
0.000000
0.000000
0.000000
0.000000
0.000000
46.595383
0.000000
0.000000
0.000000
0.000000
0.000000
0.000000
14.056534
0.000000
0.000000
0.000000
0.000000
0.000000
0.000000
0.000000
0.000000
0.000000
0.000000
0.000000
0.000000
0.000000
0.000000
0.000000
0.000000
0.000000
166.559006
0.000000
0.000000
0.000000
0.000000
0.000000
0.000000
0.000000
0.000000
0.000000
0.000000
22.378250
53.265224
0.000000
0.000000
0.000000
0.000000
75.456467
0.000000
0.000000
0.000000
0.000000
0.000000
0.000000
0.000000
0.000000
0.000000
0.000000
0.000000
0.000000
0.000000
0.000000
0.000000
0.000000
0.000000
0.000000
0.000000
0.000000
0.000000
0.000000
0.000000
0.000000
0.000000
120.181801
0.000000
0.000000
0.000000
0.000000
220.291748
0.000000
0.000000
0.000000
0.000000
0.000000
0.000000
0.000000
143.245743
0.000000
0.000000
0.000000
0.000000
0.000000
0.000000
0.000000
0.000000
0.000000
0.000000
0.000000
0.000000
0.000000
0.000000
0.000000
0.000000
0.000000
0.000000
0.000000
0.000000
11.718972
34.627071
0.000000
0.000000
0.000000
0.000000
0.000000
0.000000
0.000000
58.407856
383.765167
0.000000
0.000000
0.124670
0.000000
0.000000
0.000000
0.000000
0.000000
0.000000
0.000000
0.000000
0.000000
0.000000
0.000000
0.000000
56.662479
0.000000
0.000000
0.000000
0.000000
0.000000
0.000000
40.268383
0.000000
0.000000
0.000000
0.000000
0.000000
0.000000
0.000000
0.000000
0.000000
0.000000
0.000000
0.000000
0.000000
0.000000
0.000000
0.000000
0.000000
142.684723
0.000000
0.000000
0.000000
0.000000
0.000000
0.000000
0.000000
0.000000
0.000000
0.000000
12.186484
68.724297
0.000000
0.000000
0.000000
0.000000
72.308556
0.000000
0.000000
0.000000
0.000000
0.000000
0.000000
0.000000
0.000000
0.000000
0.000000
0.000000
0.000000
0.000000
0.000000
0.000000
0.000000
0.000000
0.000000
0.000000
0.000000
0.000000
0.000000
0.000000
0.000000
0.000000
88.733818
0.000000
0.000000
0.000000
0.000000
250.960541
0.000000
0.000000
0.000000
0.000000
0.000000
0.000000
0.000000
155.463394
0.000000
0.000000
22.908098
0.000000
0.000000
0.000000
0.000000
0.000000
0.000000
0.000000
0.000000
0.000000
0.000000
0.000000
0.000000
0.000000
0.000000
0.000000
0.000000
0.000000
0.000000
12.747499
0.000000
0.000000
0.000000
0.000000
0.000000
0.000000
0.000000
44.974674
392.242737
0.000000
0.000000
0.000000
0.000000
0.000000
0.000000
0.000000
0.000000
0.000000
0.000000
0.000000
0.000000
0.000000
0.000000
0.000000
0.000000
0.000000
0.000000
0.000000
0.000000
0.000000
0.000000
103.663040
0.000000
0.000000
0.000000
0.000000
0.000000
0.000000
0.000000
0.000000
0.000000
0.000000
0.000000
0.000000
0.000000
0.000000
0.000000
0.000000
0.000000
111.984756
0.000000
0.000000
0.000000
0.000000
0.000000
24.684645
0.000000
0.000000
0.000000
0.000000
0.000000
82.811996
0.000000
0.000000
0.000000
0.000000
43.104626
4.830959
0.000000
0.000000
0.000000
0.000000
0.000000
0.000000
0.000000
0.000000
0.000000
0.000000
0.000000
0.000000
0.000000
0.000000
0.000000
0.000000
0.000000
0.000000
0.000000
0.000000
0.000000
0.000000
0.000000
0.000000
66.199730
0.000000
0.000000
39.520363
0.000000
268.383179
0.000000
0.000000
0.000000
0.000000
0.000000
0.000000
0.000000
203.772980
0.000000
0.000000
101.824158
0.000000
0.000000
0.000000
0.000000
0.000000
0.000000
0.000000
0.000000
0.000000
0.000000
0.000000
0.000000
0.000000
0.000000
0.000000
0.000000
0.000000
0.000000
0.000000
0.000000
0.000000
0.000000
0.000000
0.000000
0.000000
0.000000
56.537807
391.744049
0.000000
0.000000
0.000000
16.643435
0.000000
0.000000
0.000000
0.000000
0.000000
0.000000
0.000000
0.000000
0.000000
0.000000
0.000000
0.000000
0.000000
0.000000
0.000000
0.000000
0.000000
0.000000
206.453384
0.000000
0.000000
5.859486
0.000000
0.000000
0.000000
0.000000
0.000000
0.000000
0.000000
0.000000
0.000000
0.000000
0.000000
0.000000
0.000000
0.000000
144.585938
0.000000
0.000000
0.000000
0.000000
0.000000
54.574257
0.000000
0.000000
0.000000
0.000000
0.000000
122.394691
0.000000
0.000000
0.000000
0.000000
61.119427
133.396820
0.000000
43.727974
0.000000
0.000000
0.000000
0.000000
0.000000
0.000000
0.000000
0.000000
0.000000
0.000000
0.000000
0.000000
66.106224
0.000000
0.000000
0.000000
0.000000
43.478634
0.000000
0.000000
0.000000
0.000000
157.863281
0.000000
0.000000
26.274185
0.000000
0.000000
0.000000
111.517242
0.000000
0.000000
0.000000
0.000000
42.605946
182.641434
0.000000
0.000000
0.000000
0.000000
0.000000
0.000000
0.000000
0.000000
0.000000
0.000000
0.000000
0.000000
0.000000
0.000000
0.000000
0.000000
12.030647
0.000000
0.000000
74.178604
6.482836
133.926666
0.000000
0.000000
0.000000
0.000000
0.000000
0.000000
0.000000
0.000000
285.088928
0.000000
0.000000
0.000000
23.095102
0.000000
0.000000
0.000000
0.000000
0.000000
0.000000
0.000000
0.000000
0.000000
0.000000
0.000000
34.876411
0.000000
0.000000
0.000000
0.000000
0.000000
0.000000
105.377251
0.000000
0.000000
47.686245
0.000000
0.000000
0.000000
0.000000
0.000000
0.000000
0.000000
0.000000
0.000000
0.000000
0.000000
0.000000
0.000000
0.000000
0.000000
0.000000
31.198647
0.000000
0.000000
0.000000
0.000000
0.000000
0.000000
0.000000
0.000000
0.000000
71.716370
0.000000
0.000000
0.000000
0.000000
0.000000
0.000000
0.000000
114.665161
0.000000
0.000000
0.000000
0.000000
0.000000
0.000000
0.000000
0.000000
0.000000
0.000000
0.000000
0.000000
14.025366
0.000000
0.000000
0.000000
0.000000
17.516123
0.000000
0.000000
0.000000
0.000000
150.133743
0.000000
0.000000
28.518244
0.000000
0.000000
0.000000
0.000000
0.000000
0.000000
0.000000
0.000000
0.000000
152.564819
0.000000
0.000000
0.000000
0.000000
0.000000
0.000000
0.000000
0.000000
0.000000
0.000000
0.000000
0.000000
0.000000
0.000000
0.000000
0.000000
4.706289
0.000000
0.000000
0.000000
68.973633
80.567932
0.000000
0.000000
0.000000
0.000000
0.000000
0.000000
0.000000
0.000000
339.632019
0.000000
0.000000
0.000000
0.000000
0.000000
0.000000
0.000000
0.000000
0.000000
0.000000
0.000000
0.000000
0.000000
0.000000
0.000000
26.274185
0.000000
0.000000
0.000000
0.000000
0.000000
0.000000
95.684166
0.000000
0.000000
0.000000
0.000000
0.000000
0.000000
0.000000
0.000000
0.000000
0.000000
0.000000
0.000000
0.000000
0.000000
0.000000
0.000000
0.000000
2.618068
0.000000
42.169601
0.000000
0.000000
0.000000
42.543610
0.000000
0.000000
0.000000
0.000000
0.000000
224.000671
0.000000
0.000000
0.000000
0.000000
40.611225
0.000000
0.000000
136.264221
0.000000
0.000000
0.000000
0.000000
0.000000
0.000000
0.000000
0.000000
0.000000
0.000000
0.000000
0.000000
0.000000
0.000000
0.000000
0.000000
0.000000
29.640274
0.000000
0.000000
0.000000
0.000000
160.387848
0.000000
0.000000
31.759663
0.000000
74.396774
0.000000
0.000000
0.000000
0.000000
0.000000
0.000000
0.000000
87.424782
0.000000
0.000000
0.000000
0.000000
0.000000
0.000000
0.000000
0.000000
0.000000
0.000000
0.000000
0.000000
0.000000
0.000000
0.000000
0.000000
0.093502
0.000000
0.000000
0.000000
12.903337
14.150036
0.000000
0.000000
0.000000
0.000000
0.000000
0.000000
0.000000
0.000000
350.415985
0.000000
0.000000
0.000000
0.000000
0.000000
0.000000
0.000000
0.000000
0.000000
0.000000
0.000000
0.000000
0.000000
0.000000
0.000000
0.000000
0.000000
0.000000
0.000000
0.000000
0.000000
0.000000
68.350281
0.000000
0.000000
0.000000
0.000000
0.000000
0.000000
0.000000
0.000000
0.000000
0.000000
0.000000
0.000000
0.000000
0.000000
0.000000
0.000000
0.000000
40.174881
0.000000
1.683044
0.000000
0.000000
0.000000
50.584820
0.000000
0.000000
0.000000
0.000000
0.000000
165.592819
0.000000
0.000000
0.000000
0.000000
30.357126
49.400455
0.000000
82.219810
0.000000
0.000000
0.000000
0.000000
0.000000
0.000000
0.000000
0.000000
0.000000
0.000000
0.000000
0.000000
0.000000
0.000000
0.000000
0.000000
0.000000
0.000000
0.000000
0.000000
0.000000
0.000000
134.643509
0.000000
0.000000
0.000000
0.000000
175.504074
0.000000
0.000000
0.000000
0.000000
0.000000
0.000000
0.000000
128.254181
0.000000
0.000000
10.783948
0.000000
0.000000
0.000000
0.000000
0.000000
0.000000
0.000000
0.000000
0.000000
0.000000
0.000000
0.000000
0.000000
0.000000
0.000000
0.000000
0.000000
0.000000
47.218731
0.000000
0.000000
0.000000
0.000000
0.000000
0.000000
0.000000
8.321717
351.132812
0.000000
0.000000
0.000000
0.000000
0.000000
0.000000
0.000000
0.000000
0.000000
0.000000
0.000000
0.000000
0.000000
0.000000
0.000000
0.000000
0.000000
0.000000
0.000000
0.000000
0.000000
0.000000
43.166958
0.000000
0.000000
0.000000
0.000000
0.000000
0.000000
0.000000
0.000000
0.000000
0.000000
0.000000
0.000000
0.000000
0.000000
0.000000
0.000000
0.000000
113.480797
0.000000
8.103545
0.000000
0.000000
0.000000
0.000000
0.000000
0.000000
0.000000
0.000000
0.000000
61.680443
0.000000
0.000000
0.000000
0.000000
35.156918
164.127945
0.000000
61.867447
0.000000
0.000000
0.000000
0.000000
0.000000
0.000000
0.000000
0.000000
0.000000
0.000000
0.000000
0.000000
0.000000
0.000000
0.000000
0.000000
0.000000
0.000000
0.000000
0.000000
0.000000
0.000000
147.328674
0.000000
0.000000
0.000000
0.000000
218.016525
0.000000
0.000000
0.000000
0.000000
0.000000
0.000000
0.000000
231.948380
0.000000
0.000000
0.000000
0.000000
0.000000
0.000000
0.000000
0.000000
0.000000
0.000000
0.000000
0.000000
0.000000
0.000000
0.000000
0.000000
0.000000
0.000000
0.000000
0.000000
18.108305
107.122627
0.000000
0.000000
0.000000
0.000000
0.000000
0.000000
0.000000
111.486076
365.781555
0.000000
0.000000
0.000000
0.000000
0.000000
0.000000
0.000000
0.000000
0.000000
0.000000
0.000000
0.000000
0.000000
0.000000
0.000000
0.000000
0.000000
0.000000
0.000000
0.000000
0.000000
0.000000
29.640274
0.000000
0.000000
0.000000
0.000000
0.000000
0.000000
0.000000
0.000000
0.000000
0.000000
0.000000
0.000000
0.000000
0.000000
0.000000
0.000000
0.000000
79.258904
0.000000
49.400455
0.000000
0.000000
0.000000
72.994240
0.000000
0.000000
0.000000
0.000000
0.000000
64.672523
0.000000
0.000000
0.000000
0.000000
54.418419
118.592262
0.000000
16.456429
0.000000
0.000000
0.000000
0.000000
0.000000
0.000000
0.000000
0.000000
0.000000
0.000000
0.000000
0.000000
0.000000
0.000000
0.000000
0.000000
0.000000
0.000000
0.000000
0.000000
0.000000
0.000000
133.459152
0.000000
0.000000
0.000000
0.000000
211.564850
0.000000
0.000000
0.000000
0.000000
0.000000
0.000000
0.000000
257.318726
0.000000
0.000000
0.000000
0.000000
0.000000
0.000000
0.000000
0.000000
0.000000
0.000000
0.000000
0.000000
0.000000
0.000000
0.000000
0.000000
0.000000
0.000000
0.000000
0.000000
49.743298
162.476074
0.000000
0.000000
0.000000
0.000000
0.000000
0.000000
0.000000
120.306473
362.166107
0.000000
0.000000
0.000000
0.000000
0.000000
0.000000
0.000000
0.000000
0.000000
0.000000
0.000000
0.000000
0.000000
0.000000
0.000000
20.788710
0.000000
0.000000
0.000000
0.000000
0.000000
0.000000
57.472832
0.000000
0.000000
45.566856
0.000000
0.000000
0.000000
0.000000
0.000000
0.000000
0.000000
0.000000
0.000000
0.000000
0.000000
0.000000
0.000000
0.000000
34.502399
0.000000
67.851601
0.000000
0.000000
0.000000
86.552094
0.000000
0.000000
0.000000
0.000000
0.000000
82.469154
0.000000
0.000000
0.000000
0.000000
33.754379
33.941387
0.000000
0.000000
0.000000
0.000000
0.000000
0.000000
0.000000
0.000000
0.000000
0.000000
0.000000
0.000000
0.000000
0.000000
0.000000
0.000000
0.000000
0.000000
0.000000
0.000000
0.000000
0.000000
0.000000
0.000000
111.548409
0.000000
0.000000
0.000000
0.000000
215.180283
0.000000
0.000000
0.000000
0.000000
0.000000
0.000000
0.000000
227.242096
0.000000
0.000000
26.398855
0.000000
0.000000
0.000000
0.000000
0.000000
0.000000
0.000000
0.000000
0.000000
0.000000
0.000000
0.000000
0.000000
0.000000
0.000000
0.000000
0.000000
0.000000
116.348206
0.000000
0.000000
0.000000
0.000000
0.000000
0.000000
0.000000
100.889130
357.989685
0.000000
0.000000
0.000000
0.000000
0.000000
0.000000
0.000000
0.000000
0.000000
0.000000
0.000000
0.000000
0.000000
0.000000
0.000000
0.000000
0.000000
0.000000
0.000000
0.000000
0.000000
0.000000
104.068214
0.000000
0.000000
38.398335
0.000000
0.000000
0.000000
0.000000
0.000000
0.000000
0.000000
0.000000
0.000000
0.000000
0.000000
0.000000
0.000000
0.000000
38.180164
0.000000
33.567375
0.000000
0.000000
0.000000
79.913422
0.000000
0.000000
0.000000
0.000000
0.000000
90.822037
0.000000
0.000000
0.000000
0.000000
43.977314
13.277347
0.000000
59.654556
0.000000
0.000000
0.000000
0.000000
0.000000
0.000000
0.000000
0.000000
0.000000
0.000000
0.000000
0.000000
0.000000
0.000000
0.000000
0.000000
0.000000
0.000000
0.000000
0.000000
0.000000
0.000000
90.136353
0.000000
0.000000
45.348682
0.000000
248.311310
0.000000
0.000000
0.000000
0.000000
0.000000
0.000000
0.000000
222.785141
0.000000
0.000000
108.805672
0.000000
0.000000
0.000000
0.000000
0.000000
0.000000
0.000000
0.000000
0.000000
0.000000
0.000000
0.000000
0.000000
0.000000
0.000000
0.000000
0.000000
0.000000
39.489197
0.000000
0.000000
0.000000
0.000000
0.000000
0.000000
0.000000
83.373009
352.815857
0.000000
0.000000
0.000000
38.180164
0.000000
0.000000
0.000000
0.000000
0.000000
0.000000
0.000000
0.000000
0.000000
0.000000
0.000000
0.000000
0.000000
0.000000
0.000000
0.000000
0.000000
0.000000
251.116379
0.000000
0.000000
46.408379
0.000000
0.000000
0.000000
0.000000
0.000000
0.000000
0.000000
0.000000
0.000000
0.000000
0.000000
0.000000
0.000000
0.000000
103.507202
0.000000
18.108305
0.000000
0.000000
0.000000
94.967308
0.000000
0.000000
0.000000
0.000000
0.000000
207.731247
0.000000
0.000000
0.000000
0.000000
94.219292
102.665680
0.000000
142.435379
0.000000
0.000000
0.000000
0.000000
0.000000
0.000000
0.000000
0.000000
0.000000
0.000000
0.000000
0.000000
136.233047
0.000000
0.000000
0.000000
0.000000
138.913452
0.000000
0.000000
0.000000
0.000000
0.000000
0.000000
0.000000
34.315395
0.000000
0.000000
0.000000
214.151749
0.000000
0.000000
0.000000
0.000000
50.273144
384.201538
0.000000
0.000000
0.000000
0.000000
0.000000
0.000000
0.000000
0.000000
0.000000
0.000000
0.000000
0.000000
0.000000
0.000000
0.000000
0.000000
0.000000
0.000000
0.000000
70.220329
0.000000
138.819962
0.000000
0.000000
0.000000
35.375088
0.000000
0.000000
0.000000
22.970432
363.163483
0.000000
0.000000
0.000000
0.000000
0.000000
0.000000
0.000000
0.000000
0.000000
0.000000
0.000000
0.000000
0.000000
0.000000
0.000000
80.786110
0.000000
0.000000
0.000000
0.000000
0.000000
118.342918
85.274223
0.000000
0.000000
223.657837
0.000000
15.895414
191.337158
0.000000
0.000000
0.000000
0.000000
0.000000
0.000000
0.000000
0.000000
0.000000
18.295311
0.000000
0.000000
0.000000
90.635033
0.000000
0.000000
0.000000
158.424301
0.000000
0.000000
0.000000
0.000000
0.000000
43.166958
0.000000
0.000000
0.000000
0.000000
0.000000
0.000000
0.000000
30.170120
0.000000
0.000000
0.000000
0.000000
0.000000
0.000000
0.000000
0.000000
0.000000
0.000000
22.845762
0.000000
32.850525
0.000000
0.000000
0.000000
0.000000
144.679443
0.000000
0.000000
0.000000
0.000000
17.142115
0.000000
0.000000
0.000000
0.000000
0.000000
0.000000
131.277420
0.000000
0.000000
0.000000
0.000000
50.397816
367.807434
0.000000
0.000000
0.000000
0.000000
0.000000
0.000000
0.000000
0.000000
0.000000
0.000000
0.000000
0.000000
0.000000
0.000000
0.000000
0.000000
0.000000
0.000000
0.000000
0.000000
54.418419
122.831039
0.000000
0.000000
0.000000
0.000000
0.000000
0.000000
0.000000
70.719009
415.867676
0.000000
0.000000
0.000000
0.000000
0.000000
0.000000
0.000000
0.000000
0.000000
0.000000
0.000000
0.000000
0.000000
0.000000
0.000000
51.488678
0.000000
0.000000
0.000000
0.000000
0.000000
98.333397
91.040207
0.000000
0.000000
148.700043
0.000000
0.000000
161.634552
0.000000
0.000000
0.000000
0.000000
0.000000
0.000000
0.000000
0.000000
0.000000
0.000000
0.000000
0.000000
44.101982
117.657234
0.000000
0.000000
0.000000
237.963715
0.000000
0.000000
0.000000
0.000000
0.000000
209.570129
0.000000
0.000000
0.000000
0.000000
23.593782
0.000000
0.000000
70.906013
0.000000
0.000000
0.000000
0.000000
0.000000
0.000000
0.000000
0.000000
0.000000
0.000000
0.000000
0.000000
0.000000
0.000000
0.000000
0.000000
0.000000
196.417465
0.000000
0.000000
0.000000
0.000000
43.509800
0.000000
0.000000
10.503441
0.000000
28.455910
0.000000
82.375648
0.000000
0.000000
0.000000
0.000000
0.000000
336.421783
0.000000
0.000000
0.000000
0.000000
0.000000
0.000000
0.000000
0.000000
0.000000
0.000000
0.000000
0.000000
0.000000
0.000000
0.000000
0.000000
0.000000
0.000000
0.000000
0.000000
54.324917
42.637112
0.000000
0.000000
0.000000
0.000000
0.000000
0.000000
0.000000
125.729614
457.632111
0.000000
0.000000
0.000000
0.000000
0.000000
0.000000
0.000000
0.000000
0.000000
0.000000
0.000000
0.000000
0.000000
0.000000
0.000000
0.000000
0.000000
0.000000
0.000000
0.000000
0.000000
90.666199
59.935062
0.000000
0.000000
53.327557
0.000000
13.526687
132.399460
0.000000
0.000000
0.000000
0.000000
0.000000
0.000000
0.000000
0.000000
0.000000
0.000000
0.000000
7.916540
49.462791
72.183884
0.000000
0.000000
0.000000
288.486206
0.000000
0.000000
0.000000
0.000000
0.000000
175.846924
6.981515
0.000000
0.000000
0.000000
0.000000
0.000000
0.000000
33.473873
0.000000
0.000000
0.000000
0.000000
0.000000
0.000000
0.000000
0.000000
0.000000
0.000000
57.784508
0.000000
0.000000
0.000000
0.000000
0.000000
0.000000
138.601776
0.000000
0.000000
0.000000
0.000000
7.667200
0.000000
0.000000
0.000000
0.000000
115.911858
0.000000
39.333359
0.000000
0.000000
0.000000
0.000000
0.000000
329.346771
0.000000
0.000000
0.000000
0.000000
0.000000
0.000000
0.000000
0.000000
0.000000
0.000000
0.000000
0.000000
0.000000
0.000000
0.000000
0.000000
0.000000
0.000000
0.000000
0.000000
40.174881
50.584820
0.000000
0.000000
0.000000
0.000000
0.000000
0.000000
0.000000
224.624023
462.899414
0.000000
0.000000
15.552572
0.000000
0.000000
0.000000
0.000000
0.000000
0.000000
0.000000
0.000000
0.000000
0.000000
0.000000
0.000000
0.000000
0.000000
0.000000
0.000000
0.000000
0.000000
86.333916
40.891735
0.000000
0.000000
89.793510
0.000000
0.000000
170.548447
0.000000
0.000000
0.000000
0.000000
0.000000
0.000000
0.000000
0.000000
0.000000
0.000000
0.000000
79.664078
47.904415
1.371369
0.000000
0.000000
0.000000
260.560120
0.000000
0.000000
0.000000
0.000000
0.000000
107.901817
25.183323
0.000000
0.000000
0.000000
11.594302
100.203445
0.000000
17.204449
0.000000
0.000000
0.000000
0.000000
0.000000
0.000000
0.000000
0.000000
0.000000
0.000000
113.106781
0.000000
0.000000
0.000000
0.000000
0.000000
0.000000
90.977875
84.993721
0.000000
0.000000
0.000000
0.000000
0.000000
0.000000
0.000000
0.000000
143.214569
0.000000
25.713171
0.000000
0.000000
0.000000
0.000000
0.000000
425.498444
0.000000
0.000000
0.000000
0.000000
0.000000
0.000000
0.000000
0.000000
0.000000
0.000000
0.000000
0.000000
0.000000
0.000000
0.000000
0.000000
0.000000
0.000000
0.000000
0.000000
14.430543
83.092499
0.000000
0.000000
0.000000
0.000000
0.000000
0.000000
0.000000
335.923096
467.294037
0.000000
0.000000
61.431103
0.000000
0.000000
0.000000
0.000000
0.000000
0.000000
0.000000
0.000000
0.000000
0.000000
0.000000
0.000000
25.619669
0.000000
0.000000
0.000000
0.000000
0.000000
128.098343
26.056013
0.000000
0.000000
177.748138
0.000000
7.978875
213.216736
0.000000
0.000000
0.000000
0.000000
0.000000
0.000000
0.000000
0.000000
0.000000
0.000000
0.000000
76.609665
120.555809
0.000000
0.000000
0.000000
0.000000
309.773590
0.000000
0.000000
0.000000
0.000000
0.000000
46.377209
46.657719
0.000000
0.000000
0.000000
51.457508
72.713730
0.000000
0.000000
0.000000
0.000000
0.000000
0.000000
0.000000
0.000000
0.000000
0.000000
0.000000
0.000000
118.872765
0.000000
0.000000
0.000000
0.000000
0.000000
0.000000
44.943504
81.284790
0.000000
0.000000
0.000000
0.000000
0.000000
0.000000
0.000000
0.000000
144.430099
0.000000
73.274742
0.000000
0.000000
0.000000
0.000000
2.462231
439.461456
0.000000
0.000000
0.000000
0.000000
0.000000
0.000000
0.000000
0.000000
0.000000
0.000000
0.000000
0.000000
0.000000
0.000000
0.000000
0.000000
0.000000
0.000000
0.000000
0.000000
71.155357
137.791428
0.000000
0.000000
0.000000
0.000000
0.000000
0.000000
0.000000
332.214172
420.511627
0.000000
0.000000
79.414742
0.000000
0.000000
0.000000
0.000000
0.000000
0.000000
0.000000
0.000000
0.000000
0.000000
0.000000
0.000000
106.468109
0.000000
0.000000
0.000000
0.000000
0.000000
124.607582
39.520363
0.000000
0.000000
237.683197
0.000000
0.000000
242.514160
0.000000
0.000000
0.000000
0.000000
0.000000
0.000000
0.000000
0.000000
0.000000
0.000000
0.000000
0.000000
160.232010
0.000000
0.000000
0.000000
0.000000
267.385803
0.000000
0.000000
0.000000
0.000000
0.000000
74.209770
34.751740
0.000000
0.000000
0.000000
13.713691
0.000000
0.000000
0.000000
0.000000
0.000000
0.000000
0.000000
0.000000
0.000000
0.000000
0.000000
0.000000
0.000000
58.844200
0.000000
0.000000
0.000000
0.000000
0.000000
0.000000
51.551010
70.220329
0.000000
0.000000
0.000000
0.000000
0.000000
0.000000
17.453789
0.000000
144.024918
0.000000
46.470711
0.000000
0.000000
0.000000
0.000000
23.687284
370.300842
0.000000
0.000000
0.000000
0.000000
0.000000
0.000000
0.000000
0.000000
0.000000
0.000000
0.000000
0.000000
0.000000
0.000000
0.000000
0.000000
0.000000
0.000000
0.000000
0.000000
5.017964
115.600182
0.000000
0.000000
0.000000
0.000000
0.000000
0.000000
0.000000
257.007050
394.050446
0.000000
0.000000
68.848961
0.000000
0.000000
0.000000
0.000000
0.000000
0.000000
0.000000
0.000000
0.000000
0.000000
0.000000
0.000000
81.752296
0.000000
0.000000
0.000000
0.000000
0.000000
91.476555
138.227768
0.000000
0.000000
228.145950
0.000000
0.000000
179.119507
0.000000
0.000000
0.000000
0.000000
0.000000
0.000000
0.000000
0.000000
0.000000
0.000000
0.000000
18.014803
130.996918
0.000000
0.000000
0.000000
0.000000
209.320801
0.000000
0.000000
0.000000
0.000000
0.000000
121.864845
0.000000
0.000000
0.000000
0.000000
15.583740
0.000000
0.000000
17.173281
0.000000
0.000000
0.000000
0.000000
0.000000
0.000000
0.000000
0.000000
0.000000
0.000000
0.000000
0.000000
0.000000
0.000000
0.000000
0.000000
49.182281
0.000000
48.901775
0.000000
0.000000
0.000000
0.000000
0.000000
0.000000
107.839478
0.000000
153.343994
0.000000
0.000000
0.000000
0.000000
0.000000
0.000000
21.131552
303.415405
0.000000
0.000000
0.000000
0.000000
0.000000
0.000000
0.000000
0.000000
0.000000
0.000000
0.000000
0.000000
0.000000
0.000000
0.000000
0.000000
0.000000
0.000000
0.000000
0.000000
0.000000
0.000000
0.000000
0.000000
0.000000
0.000000
0.000000
0.000000
0.000000
163.753937
368.212616
0.000000
0.000000
0.000000
0.000000
0.000000
0.000000
0.000000
0.000000
0.000000
0.000000
0.000000
0.000000
0.000000
0.000000
0.000000
0.000000
0.000000
0.000000
0.000000
0.000000
0.000000
0.000000
292.226288
0.000000
0.000000
165.343475
0.000000
0.000000
107.403137
0.000000
0.000000
0.000000
0.000000
0.000000
0.000000
0.000000
0.000000
0.000000
0.000000
0.000000
154.310196
93.377769
0.000000
0.000000
0.000000
0.000000
159.577499
0.000000
0.000000
0.000000
0.000000
0.000000
251.739731
0.000000
0.000000
0.000000
0.000000
23.219772
0.000000
0.000000
165.343475
0.000000
0.000000
0.000000
0.000000
0.000000
0.000000
0.000000
0.000000
0.000000
0.000000
0.000000
0.000000
38.273666
0.000000
0.000000
0.000000
0.000000
0.000000
0.000000
0.000000
0.000000
0.000000
0.000000
0.000000
0.000000
70.407333
0.000000
0.000000
0.000000
291.260101
0.000000
0.000000
0.000000
0.000000
12.092982
410.569214
0.000000
0.000000
0.000000
0.000000
0.000000
0.000000
0.000000
0.000000
0.000000
0.000000
0.000000
0.000000
0.000000
0.000000
0.000000
0.000000
0.000000
0.000000
0.000000
64.734856
27.988398
124.108902
0.000000
0.000000
0.000000
56.787148
0.000000
0.000000
0.000000
52.080860
308.558044
0.000000
0.000000
0.000000
0.000000
0.000000
0.000000
0.000000
0.000000
0.000000
0.000000
0.000000
0.000000
0.000000
0.000000
0.000000
77.731697
0.000000
0.000000
0.000000
0.000000
0.000000
129.251541
41.172241
0.000000
0.000000
340.286530
0.000000
18.669321
227.803116
0.000000
0.000000
0.000000
0.000000
0.000000
0.000000
0.000000
0.000000
0.000000
13.277347
0.000000
0.000000
99.299591
74.926620
0.000000
0.000000
3.958270
33.411537
0.000000
0.000000
0.000000
0.000000
0.000000
31.666159
0.000000
0.000000
0.000000
0.000000
0.000000
0.000000
0.000000
54.511921
0.000000
0.000000
0.000000
0.000000
0.000000
0.000000
0.000000
0.000000
0.000000
0.000000
87.393616
0.000000
0.000000
0.000000
0.000000
0.000000
0.000000
26.492357
0.000000
0.000000
0.000000
0.000000
0.000000
0.000000
0.000000
39.271023
0.000000
53.545731
0.000000
228.457626
0.000000
0.000000
0.000000
0.000000
37.120468
411.535400
0.000000
0.000000
0.000000
0.000000
0.000000
0.000000
0.000000
0.000000
0.000000
0.000000
0.000000
0.000000
0.000000
0.000000
0.000000
0.000000
4.986797
0.000000
0.000000
10.129431
96.494514
150.414261
0.000000
0.000000
0.000000
19.791349
0.000000
0.000000
0.000000
110.551048
335.050415
0.000000
0.000000
35.001080
0.000000
0.000000
0.000000
0.000000
0.000000
0.000000
0.000000
0.000000
0.000000
0.000000
0.000000
0.000000
78.853722
0.000000
0.000000
0.000000
0.000000
0.000000
142.684723
59.093540
0.000000
0.000000
287.738159
0.000000
0.000000
161.634552
0.000000
0.000000
0.000000
0.000000
0.000000
0.000000
0.000000
0.000000
0.000000
0.000000
0.000000
0.000000
119.994797
122.301193
0.000000
0.000000
0.000000
149.728577
0.000000
0.000000
0.000000
0.000000
0.000000
190.994324
0.000000
0.000000
0.000000
0.000000
56.787148
0.000000
0.000000
83.653519
0.000000
0.000000
0.000000
0.000000
0.000000
0.000000
0.000000
0.000000
0.000000
0.000000
52.299030
0.000000
0.000000
0.000000
0.000000
0.000000
0.000000
27.178041
0.000000
0.000000
0.000000
0.000000
0.000000
0.000000
0.000000
52.860046
0.000000
173.447021
0.000000
110.769226
0.000000
0.000000
0.000000
0.000000
16.612267
351.974335
0.000000
0.000000
0.000000
0.000000
0.000000
0.000000
0.000000
0.000000
0.000000
0.000000
0.000000
0.000000
0.000000
0.000000
0.000000
0.000000
32.164841
0.000000
0.000000
0.000000
112.015923
90.136353
0.000000
0.000000
0.000000
2.088221
0.000000
0.000000
0.000000
139.505646
355.558624
0.000000
0.000000
55.166439
0.000000
0.000000
0.000000
0.000000
0.000000
0.000000
0.000000
0.000000
0.000000
0.000000
0.000000
0.000000
35.967270
0.000000
0.000000
0.000000
0.000000
0.000000
112.421097
55.291111
0.000000
0.000000
192.209854
0.000000
1.215532
132.742294
0.000000
0.000000
0.000000
0.000000
0.000000
0.000000
0.000000
0.000000
0.000000
0.000000
0.000000
0.000000
82.593819
75.362968
0.000000
0.000000
0.000000
174.724899
0.000000
0.000000
0.000000
0.000000
0.000000
245.132233
45.535686
0.000000
0.000000
0.000000
49.930302
0.000000
0.000000
58.252018
0.000000
0.000000
0.000000
0.000000
0.000000
0.000000
0.000000
0.000000
0.000000
0.000000
101.792992
0.000000
0.000000
0.000000
0.000000
0.000000
0.000000
0.000000
0.000000
0.000000
0.000000
0.000000
0.000000
0.000000
0.000000
37.868488
0.000000
206.765060
0.000000
61.680443
0.000000
0.000000
0.000000
0.000000
8.851564
326.635193
0.000000
0.000000
0.000000
0.000000
0.000000
0.000000
0.000000
0.000000
0.000000
0.000000
0.000000
0.000000
0.000000
0.000000
0.000000
0.000000
18.825157
0.000000
0.000000
0.000000
138.508286
107.060295
0.000000
0.000000
0.000000
0.000000
0.000000
0.000000
0.000000
227.429092
383.453491
0.000000
0.000000
98.520401
16.861607
0.000000
0.000000
0.000000
0.000000
0.000000
0.000000
0.000000
0.000000
0.000000
0.000000
0.000000
0.000000
0.000000
0.000000
0.000000
0.000000
0.000000
31.260983
69.783989
0.000000
0.000000
193.300705
0.000000
0.000000
77.108345
0.000000
0.000000
0.000000
0.000000
0.000000
0.000000
0.000000
0.000000
0.000000
0.000000
0.000000
25.775505
60.496078
14.243538
0.000000
0.000000
0.000000
107.808311
0.000000
0.000000
0.000000
0.000000
0.000000
196.355118
55.135273
0.000000
0.000000
0.000000
93.440102
0.000000
0.000000
31.416821
0.000000
0.000000
0.000000
0.000000
0.000000
0.000000
0.000000
0.000000
0.000000
0.000000
106.623947
0.000000
0.000000
0.000000
0.000000
0.000000
20.632872
0.000000
28.892254
0.000000
0.000000
0.000000
0.000000
0.000000
0.000000
58.002682
0.000000
237.839035
0.000000
45.255180
0.000000
0.000000
0.000000
0.000000
5.204969
374.103271
0.000000
0.000000
0.000000
0.000000
0.000000
0.000000
0.000000
0.000000
0.000000
0.000000
0.000000
0.000000
0.000000
0.000000
0.000000
0.000000
0.000000
0.000000
0.000000
0.000000
35.904938
133.085144
0.000000
0.000000
0.000000
0.000000
0.000000
0.000000
0.000000
293.348328
368.119110
0.000000
0.000000
175.628754
0.000000
0.000000
0.000000
0.000000
0.000000
0.000000
0.000000
0.000000
0.000000
0.000000
0.000000
0.000000
56.381969
0.000000
0.000000
0.000000
0.000000
0.000000
27.458549
49.400455
0.000000
0.000000
178.122147
0.000000
0.000000
63.924500
0.000000
0.000000
0.000000
0.000000
0.000000
0.000000
0.000000
0.000000
0.000000
0.000000
0.000000
32.725853
44.818836
0.000000
0.000000
0.000000
0.000000
67.259422
0.000000
0.000000
0.000000
0.000000
0.000000
125.978951
55.976795
0.000000
0.000000
0.000000
100.421623
0.000000
0.000000
0.000000
0.000000
0.000000
0.000000
0.000000
0.000000
0.000000
0.000000
0.000000
0.000000
0.000000
85.243057
0.000000
0.000000
0.000000
0.000000
0.000000
0.000000
0.000000
18.108305
0.000000
0.000000
0.000000
0.000000
0.000000
0.000000
98.676239
0.000000
197.196640
0.000000
58.750698
0.000000
0.000000
0.000000
0.000000
0.000000
389.375336
0.000000
0.000000
0.000000
0.000000
0.000000
0.000000
0.000000
0.000000
0.000000
0.000000
0.000000
0.000000
20.539370
0.000000
0.000000
0.000000
0.000000
0.000000
0.000000
0.000000
83.404175
134.238342
0.000000
0.000000
0.000000
0.000000
0.000000
0.000000
0.000000
233.226257
351.164001
0.000000
0.000000
180.864883
9.817756
0.000000
0.000000
0.000000
0.000000
0.000000
0.000000
0.000000
0.000000
0.000000
0.000000
0.000000
108.836838
0.000000
0.000000
0.000000
0.000000
0.000000
32.912857
34.627071
0.000000
0.000000
192.646194
0.000000
0.000000
72.152718
0.000000
0.000000
0.000000
0.000000
0.000000
0.000000
0.000000
0.000000
0.000000
0.000000
0.000000
0.000000
39.645035
0.000000
0.000000
0.000000
0.000000
0.000000
0.000000
0.000000
0.000000
0.000000
0.000000
176.439102
25.120989
0.000000
0.000000
0.000000
30.014282
0.000000
0.000000
0.000000
0.000000
0.000000
0.000000
0.000000
0.000000
0.000000
0.000000
0.000000
0.000000
0.000000
0.000000
0.000000
0.000000
0.000000
0.000000
0.000000
83.248337
0.000000
32.445347
0.000000
0.000000
0.000000
0.000000
0.000000
0.000000
113.200287
0.000000
186.163361
0.000000
0.000000
0.000000
0.000000
0.000000
0.000000
0.000000
299.207794
0.000000
0.000000
0.000000
0.000000
0.000000
0.000000
0.000000
0.000000
0.000000
0.000000
0.000000
0.000000
0.000000
0.000000
0.000000
0.000000
0.000000
0.000000
0.000000
0.000000
4.893294
94.219292
0.000000
0.000000
0.000000
0.000000
0.000000
0.000000
0.000000
137.791428
333.055695
0.000000
0.000000
101.481316
24.933985
0.000000
0.000000
0.000000
0.000000
0.000000
0.000000
0.000000
0.000000
0.000000
0.000000
0.000000
24.809315
0.000000
0.000000
0.000000
0.000000
0.000000
11.033288
167.774536
0.000000
0.000000
180.522049
0.000000
0.000000
6.451668
0.000000
0.000000
0.000000
0.000000
0.000000
0.000000
0.000000
0.000000
0.000000
0.000000
0.000000
0.000000
0.000000
0.000000
0.000000
0.000000
0.000000
0.000000
0.000000
0.000000
0.000000
0.000000
0.000000
196.822632
0.000000
0.000000
0.000000
0.000000
28.767584
0.000000
0.000000
21.536728
0.000000
0.000000
0.000000
0.000000
0.000000
0.000000
0.000000
0.000000
0.000000
0.000000
0.000000
0.000000
0.000000
0.000000
0.000000
0.000000
146.237808
0.000000
25.152157
0.000000
0.000000
0.000000
0.000000
0.000000
0.000000
192.085175
0.000000
112.701607
0.000000
0.000000
0.000000
0.000000
0.000000
0.000000
0.000000
236.935181
0.000000
0.000000
0.000000
0.000000
0.000000
0.000000
0.000000
0.000000
0.000000
0.000000
0.000000
0.000000
13.526687
0.000000
0.000000
0.000000
0.000000
0.000000
0.000000
0.000000
0.000000
0.000000
0.000000
0.000000
0.000000
0.000000
0.000000
0.000000
0.000000
21.193886
300.205170
0.000000
0.000000
0.000000
118.529922
0.000000
0.000000
0.000000
0.000000
0.000000
0.000000
0.000000
0.000000
0.000000
0.000000
0.000000
0.000000
0.000000
0.000000
0.000000
0.000000
0.000000
0.000000
304.163422
0.000000
0.000000
107.184959
0.000000
0.000000
0.000000
79.258904
0.000000
0.000000
0.000000
0.000000
0.000000
0.000000
0.000000
0.000000
0.000000
0.000000
165.249985
0.000000
0.000000
0.000000
0.000000
0.000000
0.000000
0.000000
0.000000
0.000000
0.000000
0.000000
222.224136
0.000000
0.000000
0.000000
0.000000
0.000000
0.000000
0.000000
173.696365
0.000000
0.000000
0.000000
0.000000
0.000000
0.000000
0.000000
0.000000
0.000000
0.000000
0.000000
0.000000
0.000000
0.000000
0.000000
0.000000
0.000000
0.000000
0.000000
0.000000
0.000000
0.000000
0.000000
0.000000
0.000000
76.796669
0.000000
91.850563
0.000000
209.663635
0.000000
0.000000
0.000000
0.000000
0.000000
318.905640
0.000000
0.000000
55.509281
0.000000
0.000000
0.000000
0.000000
0.000000
0.000000
0.000000
0.000000
0.000000
0.000000
0.000000
0.000000
0.000000
0.000000
0.000000
0.000000
97.741219
21.443226
103.351364
0.000000
0.000000
0.000000
0.000000
0.000000
0.000000
0.000000
0.000000
180.709045
0.000000
0.000000
0.000000
112.047089
0.000000
0.000000
0.000000
0.000000
0.000000
0.000000
0.000000
0.000000
0.000000
0.000000
0.000000
0.000000
0.000000
0.000000
0.000000
0.000000
0.000000
11.064455
0.000000
0.000000
0.000000
293.628815
0.000000
0.000000
89.419502
0.000000
0.000000
0.000000
0.000000
0.000000
0.000000
0.000000
0.000000
0.000000
52.330200
0.000000
0.000000
0.000000
32.663517
0.000000
0.000000
0.000000
0.000000
0.000000
0.000000
0.000000
0.000000
0.000000
0.000000
0.000000
0.000000
0.000000
0.000000
0.000000
0.000000
0.000000
69.877487
0.000000
0.000000
0.000000
0.000000
0.000000
0.000000
0.000000
0.000000
0.000000
0.000000
0.000000
0.000000
0.000000
0.000000
0.000000
0.000000
0.000000
0.000000
18.482315
0.000000
0.000000
0.000000
0.000000
0.000000
0.000000
77.949867
0.000000
135.547363
0.000000
141.656189
0.000000
0.000000
0.000000
0.000000
0.000000
360.389557
0.000000
0.000000
28.393574
0.000000
0.000000
0.000000
0.000000
0.000000
0.000000
0.000000
0.000000
0.000000
0.000000
0.000000
0.000000
0.000000
15.895414
0.000000
0.000000
1.963551
97.460709
166.683685
0.000000
0.000000
0.000000
0.000000
0.000000
0.000000
0.000000
17.484957
211.907700
0.000000
0.000000
2.867408
7.043850
0.000000
0.000000
0.000000
0.000000
0.000000
0.000000
0.000000
0.000000
0.000000
0.000000
0.000000
24.341803
0.000000
0.000000
0.000000
0.000000
0.000000
65.825714
50.584820
0.000000
0.000000
265.484589
0.000000
0.000000
52.330200
0.000000
0.000000
0.000000
0.000000
0.000000
0.000000
0.000000
0.000000
0.000000
67.103584
0.000000
0.000000
0.000000
72.713730
0.000000
0.000000
0.000000
0.000000
0.000000
0.000000
0.000000
0.000000
0.000000
109.958870
0.000000
0.000000
0.000000
0.000000
30.637632
0.000000
0.000000
52.267864
0.000000
0.000000
0.000000
0.000000
0.000000
0.000000
0.000000
0.000000
0.000000
0.000000
0.000000
0.000000
10.285269
0.000000
0.000000
0.000000
0.000000
0.000000
0.000000
0.000000
0.000000
0.000000
30.388292
0.000000
0.000000
87.674118
0.000000
207.419571
0.000000
63.612827
0.000000
0.000000
0.000000
0.000000
0.000000
288.299194
0.000000
0.000000
45.442184
0.000000
13.059174
0.000000
0.000000
0.000000
0.000000
0.000000
0.000000
0.000000
0.000000
0.000000
0.000000
0.000000
16.705769
0.000000
0.000000
0.000000
140.783508
136.264221
0.000000
0.000000
0.000000
6.732176
0.000000
0.000000
0.000000
0.000000
200.438065
0.000000
0.000000
12.155317
62.553131
0.000000
0.000000
0.000000
0.000000
0.000000
0.000000
0.000000
0.000000
0.000000
0.000000
0.000000
31.821997
0.000000
0.000000
0.000000
0.000000
0.000000
34.907578
65.701050
0.000000
0.000000
227.865448
0.000000
0.000000
0.000000
0.000000
0.000000
0.000000
0.000000
0.000000
0.000000
0.000000
0.000000
0.000000
0.000000
0.000000
0.000000
0.000000
32.912857
0.000000
0.000000
0.000000
0.000000
0.000000
0.000000
0.000000
0.000000
0.000000
206.640396
56.070297
0.000000
0.000000
0.000000
27.520885
0.000000
0.000000
49.213451
0.000000
0.000000
0.000000
0.000000
0.000000
0.000000
0.000000
0.000000
0.000000
0.000000
0.000000
0.000000
0.000000
0.000000
0.000000
0.000000
39.021687
0.000000
0.000000
0.000000
0.000000
0.000000
5.547812
0.000000
0.000000
92.255737
0.000000
222.099457
0.000000
0.000000
0.000000
0.000000
0.000000
0.000000
0.000000
226.743408
0.000000
0.000000
69.378807
0.000000
0.000000
0.000000
0.000000
0.000000
0.000000
0.000000
0.000000
0.000000
0.000000
0.000000
0.000000
0.000000
11.407297
0.000000
0.000000
0.000000
173.696365
173.634033
0.000000
0.000000
0.000000
0.000000
0.000000
0.000000
0.000000
36.029606
241.579132
0.000000
0.000000
39.582699
160.076172
0.000000
0.000000
0.000000
0.000000
0.000000
0.000000
0.000000
0.000000
0.000000
0.000000
0.000000
23.843122
0.000000
0.000000
0.000000
0.000000
0.000000
0.000000
69.098305
0.000000
0.000000
181.768738
0.000000
0.000000
0.000000
58.065014
0.000000
0.000000
0.000000
0.000000
0.000000
0.000000
0.000000
0.000000
0.000000
0.000000
0.000000
0.000000
0.000000
0.000000
0.000000
0.000000
0.000000
0.000000
0.000000
0.000000
0.000000
0.000000
203.430145
37.712650
0.000000
0.000000
0.000000
109.460190
0.000000
0.000000
60.901257
0.000000
0.000000
0.000000
0.000000
0.000000
0.000000
0.000000
0.000000
0.000000
0.000000
0.000000
0.000000
0.000000
0.000000
0.000000
0.000000
94.624466
0.000000
0.000000
0.000000
0.000000
0.000000
0.000000
0.000000
0.000000
108.338158
0.000000
226.057724
0.000000
0.000000
0.000000
0.000000
0.000000
0.000000
0.000000
243.386856
0.000000
0.000000
139.848480
0.000000
0.000000
0.000000
0.000000
0.000000
0.000000
0.000000
0.000000
0.000000
0.000000
0.000000
0.000000
0.000000
0.000000
0.000000
0.000000
0.000000
13.776026
154.777710
0.000000
0.000000
0.000000
0.000000
0.000000
0.000000
0.000000
38.803513
257.723877
0.000000
0.000000
73.025406
167.836884
0.000000
0.000000
0.000000
0.000000
0.000000
0.000000
0.000000
0.000000
0.000000
0.000000
0.000000
49.369289
0.000000
0.000000
0.000000
0.000000
0.000000
0.000000
32.601185
0.000000
0.000000
103.818878
0.000000
0.000000
0.000000
2.836241
0.000000
0.000000
0.000000
0.000000
0.000000
0.000000
0.000000
0.000000
0.000000
0.000000
14.212371
0.000000
0.000000
0.000000
0.000000
0.000000
0.000000
0.000000
0.000000
0.000000
0.000000
0.000000
137.386246
0.000000
0.000000
0.000000
0.000000
105.813591
0.000000
0.000000
0.000000
0.000000
0.000000
0.000000
0.000000
0.000000
0.000000
0.000000
0.000000
0.000000
0.000000
0.000000
0.000000
0.000000
0.000000
0.000000
0.000000
41.982594
0.000000
0.000000
0.000000
0.000000
0.000000
0.000000
0.000000
0.000000
122.675201
0.000000
175.753418
0.000000
0.000000
0.000000
0.000000
0.000000
0.000000
0.000000
245.038727
0.000000
0.000000
208.541611
0.000000
0.000000
0.000000
0.000000
0.000000
0.000000
0.000000
0.000000
0.000000
27.739058
0.000000
0.000000
0.000000
0.000000
0.000000
0.000000
0.000000
29.609106
102.572174
0.000000
0.000000
0.000000
0.000000
0.000000
0.000000
0.000000
0.000000
253.266937
0.000000
0.000000
61.057095
152.720657
0.000000
0.000000
0.000000
0.000000
0.000000
0.000000
0.000000
0.000000
0.000000
0.000000
0.000000
46.003201
0.000000
0.000000
0.000000
0.000000
0.000000
0.000000
0.000000
0.000000
0.000000
55.322277
0.000000
0.000000
0.000000
36.341282
0.000000
0.000000
0.000000
0.000000
0.000000
0.000000
0.000000
0.000000
0.000000
0.000000
0.000000
0.000000
0.000000
0.000000
0.000000
0.000000
0.000000
0.000000
0.000000
0.000000
0.000000
0.000000
155.120544
0.000000
0.000000
0.000000
0.000000
51.332840
0.000000
0.000000
0.000000
0.000000
0.000000
0.000000
0.000000
0.000000
0.000000
0.000000
0.000000
0.000000
0.000000
0.000000
0.000000
0.000000
0.000000
0.000000
0.000000
97.928223
0.000000
0.000000
0.000000
0.000000
0.000000
0.000000
0.000000
0.000000
131.059250
0.000000
157.894455
0.000000
0.000000
0.000000
0.000000
0.000000
0.000000
0.000000
166.777191
0.000000
0.000000
201.341919
0.000000
0.000000
0.000000
0.000000
0.000000
0.000000
0.000000
0.000000
0.000000
0.000000
0.000000
0.000000
0.000000
0.000000
0.000000
0.000000
0.000000
0.000000
19.884851
0.000000
0.000000
0.000000
0.000000
0.000000
0.000000
0.000000
0.000000
250.493042
0.000000
0.000000
0.000000
113.511963
0.000000
0.000000
0.000000
0.000000
0.000000
0.000000
0.000000
0.000000
0.000000
0.000000
0.000000
0.000000
0.000000
0.000000
0.000000
0.000000
0.000000
0.000000
104.161720
0.000000
0.000000
7.043850
0.000000
0.000000
0.000000
74.209770
0.000000
0.000000
0.000000
0.000000
0.000000
0.000000
0.000000
0.000000
0.000000
0.000000
23.718452
0.000000
0.000000
0.000000
0.000000
0.000000
0.000000
0.000000
0.000000
0.000000
0.000000
0.000000
153.842682
0.000000
0.000000
0.000000
0.000000
59.748058
0.000000
0.000000
62.553131
0.000000
0.000000
0.000000
0.000000
0.000000
0.000000
0.000000
0.000000
0.000000
0.000000
0.000000
0.000000
0.000000
0.000000
0.000000
0.000000
114.633987
0.000000
0.000000
0.000000
0.000000
0.000000
0.187005
0.000000
0.000000
191.524170
0.000000
97.897057
0.000000
0.000000
0.000000
0.000000
0.000000
0.000000
0.000000
133.833160
0.000000
0.000000
181.955750
0.000000
0.000000
0.000000
0.000000
0.000000
0.000000
0.000000
0.000000
0.000000
0.000000
0.000000
0.000000
0.000000
0.000000
0.000000
0.000000
0.000000
0.000000
0.000000
0.000000
0.000000
0.000000
0.000000
0.000000
0.000000
0.000000
0.000000
240.238937
0.000000
0.000000
0.000000
169.208252
0.000000
0.000000
0.000000
0.000000
0.000000
0.000000
0.000000
0.000000
0.000000
0.000000
0.000000
0.000000
0.000000
0.000000
0.000000
0.000000
0.000000
0.000000
209.725967
0.000000
0.000000
0.000000
0.000000
0.000000
0.000000
139.848480
0.000000
0.000000
0.000000
0.000000
3.179083
0.000000
0.000000
0.000000
0.000000
0.000000
152.408981
0.000000
0.000000
0.000000
0.000000
0.000000
0.000000
0.000000
0.000000
0.000000
0.000000
0.000000
124.919258
0.000000
0.000000
0.000000
0.000000
0.000000
0.000000
0.000000
185.882843
0.000000
0.000000
0.000000
0.000000
0.000000
0.000000
0.000000
0.000000
0.000000
0.000000
0.000000
0.000000
58.532528
0.000000
0.000000
0.000000
0.000000
0.000000
0.000000
0.000000
0.000000
0.000000
0.000000
0.000000
0.000000
63.612827
0.000000
168.335556
0.000000
149.323395
0.000000
0.000000
0.000000
0.000000
0.000000
224.624023
0.000000
0.000000
189.280106
0.000000
33.224533
0.000000
0.000000
0.000000
0.000000
0.000000
0.000000
0.000000
0.000000
0.000000
0.000000
0.000000
0.000000
0.000000
0.000000
94.094620
1.620709
59.529888
0.000000
0.000000
0.000000
0.000000
0.000000
0.000000
0.000000
0.000000
153.967346
0.000000
0.000000
0.000000
162.476074
0.000000
0.000000
0.000000
0.000000
0.000000
0.000000
0.000000
0.000000
0.000000
0.000000
0.000000
0.000000
0.000000
0.000000
0.000000
0.000000
0.000000
0.000000
0.000000
0.000000
0.000000
198.599182
0.000000
0.000000
35.156918
0.000000
0.000000
0.000000
0.000000
0.000000
0.000000
0.000000
0.000000
0.000000
1.215532
0.000000
0.000000
0.000000
15.833079
0.000000
0.000000
0.000000
0.000000
0.000000
0.000000
0.000000
0.000000
0.000000
0.000000
18.045971
0.000000
0.000000
0.000000
0.000000
0.000000
0.000000
90.261024
0.000000
0.000000
0.000000
0.000000
0.000000
0.000000
0.000000
0.000000
0.000000
0.000000
0.000000
0.000000
0.000000
0.000000
0.000000
0.000000
0.000000
0.000000
24.528807
0.000000
0.000000
0.000000
0.935024
0.000000
0.000000
72.838402
0.000000
155.151718
0.000000
63.145313
0.000000
0.000000
0.000000
0.000000
0.000000
327.601379
0.000000
0.000000
115.911858
0.000000
0.000000
0.000000
0.000000
0.000000
0.000000
0.000000
0.000000
0.000000
0.000000
0.000000
0.000000
0.000000
0.000000
0.000000
0.000000
0.342842
84.308029
138.851120
0.000000
0.000000
0.000000
0.000000
0.000000
0.000000
0.000000
20.570538
204.053497
0.000000
0.000000
0.000000
7.106185
0.000000
0.000000
0.000000
0.000000
0.000000
0.000000
0.000000
0.000000
0.000000
0.000000
0.000000
0.000000
0.000000
0.000000
0.000000
0.000000
0.000000
43.727974
20.944546
0.000000
0.000000
199.690048
0.000000
0.000000
49.712132
0.000000
0.000000
0.000000
0.000000
0.000000
0.000000
0.000000
0.000000
0.000000
56.942986
0.000000
0.000000
0.000000
17.110947
0.000000
0.000000
0.000000
0.000000
0.000000
0.000000
0.000000
0.000000
0.000000
22.284748
54.137913
0.000000
0.000000
0.000000
38.741177
0.000000
0.000000
0.529847
0.000000
0.000000
0.000000
0.000000
0.000000
0.000000
0.000000
0.000000
0.000000
0.000000
0.000000
0.000000
23.375610
0.000000
0.000000
0.000000
0.000000
0.000000
38.335999
0.000000
0.000000
0.000000
32.164841
0.000000
0.000000
50.273144
0.000000
188.313919
0.000000
11.874810
0.000000
0.000000
0.000000
0.000000
0.000000
282.751373
0.000000
0.000000
143.276901
0.000000
3.864768
0.000000
0.000000
0.000000
0.000000
0.000000
0.000000
0.000000
0.000000
0.000000
0.000000
0.000000
0.000000
0.000000
0.000000
0.000000
146.206650
151.286942
0.000000
0.000000
0.000000
0.000000
0.000000
0.000000
0.000000
0.000000
205.050842
0.000000
0.000000
0.000000
38.335999
0.000000
0.000000
0.000000
0.000000
0.000000
0.000000
0.000000
0.000000
0.000000
0.000000
0.000000
2.680403
0.000000
0.000000
0.000000
0.000000
0.000000
16.705769
38.834679
0.000000
0.000000
202.495117
0.000000
0.000000
19.012163
0.000000
0.000000
0.000000
0.000000
0.000000
0.000000
0.000000
0.000000
0.000000
0.000000
0.000000
0.000000
0.000000
0.000000
0.000000
0.000000
0.000000
0.000000
0.000000
0.000000
0.000000
0.000000
0.000000
112.109428
85.430061
0.000000
0.000000
0.000000
21.287388
0.000000
0.000000
0.000000
0.000000
0.000000
0.000000
0.000000
0.000000
0.000000
0.000000
0.000000
0.000000
0.000000
0.000000
0.000000
0.000000
0.000000
0.000000
0.000000
8.352884
0.000000
8.508722
0.000000
0.000000
0.000000
0.000000
0.000000
0.000000
81.471794
0.000000
183.295944
0.000000
0.000000
0.000000
0.000000
0.000000
0.000000
0.000000
233.943100
0.000000
0.000000
181.301224
0.000000
0.000000
0.000000
0.000000
0.000000
0.000000
0.000000
0.000000
0.000000
0.000000
0.000000
0.000000
0.000000
0.000000
0.000000
0.000000
0.000000
131.526764
153.624512
0.000000
0.000000
0.000000
0.000000
0.000000
0.000000
0.000000
1.402537
227.210922
0.000000
0.000000
0.000000
111.392570
0.000000
0.000000
0.000000
0.000000
0.000000
0.000000
0.000000
0.000000
0.000000
0.000000
0.000000
41.515083
0.000000
0.000000
0.000000
0.000000
0.000000
0.000000
32.102505
0.000000
0.000000
178.776657
0.000000
0.000000
0.000000
0.748020
0.000000
0.000000
0.000000
0.000000
0.000000
0.000000
0.000000
0.000000
0.000000
0.000000
0.000000
0.000000
0.000000
0.000000
0.000000
0.000000
0.000000
0.000000
0.000000
0.000000
0.000000
0.000000
112.202927
41.670921
0.000000
0.000000
0.000000
93.159599
0.000000
0.000000
32.071335
0.000000
0.000000
0.000000
0.000000
0.000000
0.000000
0.000000
0.000000
0.000000
0.000000
0.000000
0.000000
0.000000
0.000000
0.000000
0.000000
73.243576
0.000000
17.484957
0.000000
0.000000
0.000000
0.000000
0.000000
0.000000
72.277382
0.000000
171.389969
0.000000
0.000000
0.000000
0.000000
0.000000
0.000000
0.000000
197.975830
0.000000
0.000000
291.758789
0.000000
0.000000
0.000000
0.000000
0.000000
0.000000
0.000000
0.000000
0.000000
0.000000
0.000000
0.000000
0.000000
0.000000
0.000000
0.000000
0.000000
0.000000
116.441704
0.000000
0.000000
0.000000
0.000000
0.000000
0.000000
0.000000
0.000000
223.190323
0.000000
0.000000
4.893294
135.329193
0.000000
0.000000
0.000000
0.000000
0.000000
0.000000
0.000000
0.000000
0.000000
0.000000
0.000000
63.456989
0.000000
0.000000
0.000000
0.000000
0.000000
0.000000
0.000000
0.000000
0.000000
65.919220
0.000000
0.000000
0.000000
14.087701
0.000000
0.000000
0.000000
0.000000
0.000000
0.000000
0.000000
0.000000
0.000000
0.000000
26.741697
0.000000
0.000000
0.000000
0.000000
0.000000
0.000000
0.000000
0.000000
0.000000
0.000000
0.000000
82.749657
0.000000
0.000000
0.000000
0.000000
112.826279
0.000000
0.000000
17.048611
0.000000
0.000000
0.000000
0.000000
0.000000
0.000000
0.000000
0.000000
0.000000
0.000000
0.000000
0.000000
0.000000
0.000000
0.000000
0.000000
23.126270
0.000000
0.000000
0.000000
0.000000
0.000000
0.000000
0.000000
0.000000
78.386215
0.000000
143.027557
0.000000
0.000000
0.000000
0.000000
0.000000
0.000000
0.000000
169.488754
0.000000
0.000000
337.387970
0.000000
0.000000
0.000000
0.000000
0.000000
0.000000
0.000000
0.000000
0.000000
0.000000
0.000000
0.000000
0.000000
0.000000
0.000000
0.000000
0.000000
0.000000
61.680443
0.000000
0.000000
0.000000
0.000000
0.000000
0.000000
0.000000
0.000000
211.502518
0.000000
0.000000
19.542009
91.071373
0.000000
0.000000
0.000000
0.000000
0.000000
0.000000
0.000000
0.000000
0.000000
0.000000
0.000000
6.514003
0.000000
0.000000
0.000000
0.000000
0.000000
0.000000
0.000000
0.000000
0.000000
0.000000
0.000000
0.000000
0.000000
43.540970
0.000000
0.000000
0.000000
0.000000
0.000000
0.000000
0.000000
0.000000
0.000000
0.000000
17.578459
0.000000
0.000000
0.000000
0.000000
0.000000
0.000000
0.000000
0.000000
0.000000
0.000000
0.000000
99.019081
0.000000
0.000000
0.000000
0.000000
97.741219
0.000000
0.000000
48.309593
0.000000
0.000000
0.000000
0.000000
0.000000
0.000000
0.000000
0.000000
0.000000
0.000000
0.000000
0.000000
0.000000
0.000000
0.000000
0.000000
18.264143
0.000000
0.000000
0.000000
0.000000
0.000000
0.000000
0.000000
0.000000
73.524086
0.000000
135.890213
0.000000
0.000000
0.000000
0.000000
0.000000
0.000000
0.000000
98.582741
0.000000
0.000000
305.939972
0.000000
0.000000
0.000000
0.000000
0.000000
0.000000
0.000000
0.000000
0.000000
0.000000
0.000000
0.000000
0.000000
0.000000
0.000000
0.000000
0.000000
0.000000
0.000000
0.000000
0.000000
0.000000
0.000000
0.000000
0.000000
0.000000
0.000000
220.541092
0.000000
0.000000
0.000000
61.867447
0.000000
0.000000
0.000000
0.000000
0.000000
0.000000
0.000000
0.000000
0.000000
0.000000
0.000000
0.000000
0.000000
0.000000
0.000000
0.000000
0.000000
0.000000
38.055492
0.000000
0.000000
0.000000
0.000000
0.000000
0.000000
66.106224
0.000000
0.000000
0.000000
0.000000
0.000000
0.000000
0.000000
0.000000
0.000000
0.000000
57.659836
0.000000
0.000000
0.000000
0.000000
0.000000
0.000000
0.000000
0.000000
0.000000
0.000000
0.000000
84.869049
0.000000
0.000000
0.000000
0.000000
114.789825
0.000000
0.000000
100.234612
0.000000
0.000000
0.000000
0.000000
0.000000
0.000000
0.000000
0.000000
0.000000
0.000000
0.000000
0.000000
0.000000
0.000000
0.000000
0.000000
23.874290
0.000000
0.000000
0.000000
0.000000
0.000000
45.878529
0.000000
0.000000
126.789307
0.000000
120.150635
0.000000
0.000000
0.000000
0.000000
0.000000
0.000000
0.000000
80.910774
0.000000
0.000000
229.828995
0.000000
0.000000
0.000000
0.000000
0.000000
0.000000
0.000000
0.000000
0.000000
0.000000
0.000000
0.000000
0.000000
0.000000
0.000000
0.000000
0.000000
0.000000
0.000000
0.000000
0.000000
0.000000
0.000000
0.000000
0.000000
0.000000
0.000000
219.948898
0.000000
0.000000
0.000000
126.041290
0.000000
0.000000
0.000000
0.000000
0.000000
0.000000
0.000000
0.000000
0.000000
0.000000
0.000000
0.000000
0.000000
0.000000
0.000000
0.000000
0.000000
0.000000
137.448593
0.000000
0.000000
0.000000
0.000000
0.000000
0.000000
43.790310
0.000000
0.000000
0.000000
0.000000
0.000000
0.000000
2.960911
0.000000
0.000000
0.000000
153.094666
0.000000
0.000000
0.000000
0.000000
0.000000
0.000000
0.000000
0.000000
0.000000
0.000000
0.000000
39.956711
0.000000
0.000000
0.000000
0.000000
13.744859
104.411057
0.000000
193.892899
0.000000
0.000000
0.000000
0.000000
0.000000
0.000000
0.000000
0.000000
0.000000
0.000000
0.000000
0.000000
88.889656
0.000000
0.000000
0.000000
0.000000
0.000000
0.000000
0.000000
0.000000
0.000000
0.000000
0.000000
0.000000
60.745419
0.000000
191.461823
0.000000
136.731735
0.000000
0.000000
0.000000
0.000000
0.000000
154.185516
0.000000
0.000000
151.380447
0.000000
45.005840
0.000000
0.000000
0.000000
0.000000
0.000000
0.000000
0.000000
0.000000
0.000000
0.000000
0.000000
0.000000
0.000000
0.000000
97.990555
0.000000
29.079258
0.000000
0.000000
0.000000
0.000000
0.000000
0.000000
0.000000
0.000000
176.002762
0.000000
0.000000
0.000000
172.106827
0.000000
0.000000
0.000000
0.000000
0.000000
0.000000
0.000000
0.000000
0.000000
0.000000
0.000000
0.000000
0.000000
0.000000
0.000000
0.000000
0.000000
0.000000
0.000000
0.000000
0.000000
132.866974
0.000000
0.000000
0.000000
0.000000
0.000000
0.000000
0.000000
0.000000
0.000000
0.000000
0.000000
0.000000
0.000000
0.000000
0.000000
0.000000
0.000000
0.000000
0.000000
0.000000
0.000000
0.000000
0.000000
0.000000
0.000000
0.000000
0.000000
7.729535
0.000000
0.000000
0.000000
0.000000
0.000000
0.000000
102.385170
0.000000
0.000000
0.000000
0.000000
0.000000
0.000000
0.000000
0.000000
0.000000
0.000000
0.000000
0.000000
14.025366
0.000000
0.000000
0.000000
0.000000
0.000000
0.000000
0.000000
0.000000
0.000000
0.467512
0.000000
0.000000
84.650879
0.000000
179.213013
0.000000
34.720573
0.000000
0.000000
0.000000
0.000000
0.000000
317.097931
0.000000
0.000000
56.911819
0.000000
0.000000
0.000000
0.000000
0.000000
0.000000
0.000000
0.000000
0.000000
0.000000
0.000000
0.000000
0.000000
0.000000
0.000000
0.000000
0.000000
67.695763
125.573776
0.000000
0.000000
0.000000
0.000000
0.000000
0.000000
0.000000
77.139511
245.007553
0.000000
0.000000
9.069736
14.586381
0.000000
0.000000
0.000000
0.000000
0.000000
0.000000
0.000000
0.000000
0.000000
0.000000
0.000000
0.000000
0.000000
0.000000
0.000000
0.000000
0.000000
27.614388
12.841002
0.000000
0.000000
153.624512
0.000000
0.000000
47.031727
0.000000
0.000000
0.000000
0.000000
0.000000
0.000000
0.000000
0.000000
0.000000
0.000000
0.000000
0.000000
0.000000
0.000000
0.000000
0.000000
0.000000
0.000000
0.000000
0.000000
0.000000
0.000000
0.000000
50.428982
80.910774
0.000000
0.000000
0.000000
50.709488
0.000000
0.000000
0.000000
0.000000
0.000000
0.000000
0.000000
0.000000
0.000000
0.000000
0.000000
0.000000
0.000000
43.852646
0.000000
26.305353
0.000000
0.000000
0.000000
0.000000
0.000000
42.917618
0.000000
0.000000
0.000000
0.000000
0.000000
0.000000
61.244099
0.000000
168.429062
0.000000
52.392532
0.000000
0.000000
0.000000
0.000000
0.000000
351.070496
0.000000
0.000000
29.328598
0.000000
0.000000
0.000000
0.000000
0.000000
0.000000
0.000000
0.000000
0.000000
0.000000
0.000000
0.000000
0.000000
0.000000
0.000000
0.000000
0.000000
165.810989
146.954666
0.000000
0.000000
0.000000
0.000000
0.000000
0.000000
0.000000
83.217171
276.673706
0.000000
0.000000
54.013241
7.760703
0.000000
0.000000
0.000000
0.000000
0.000000
0.000000
0.000000
0.000000
0.000000
0.000000
0.000000
36.590622
0.000000
0.000000
0.000000
0.000000
0.000000
23.998959
26.523525
0.000000
0.000000
203.056137
0.000000
0.000000
82.718491
0.000000
0.000000
0.000000
0.000000
0.000000
0.000000
0.000000
0.000000
0.000000
0.000000
0.000000
0.000000
0.000000
0.000000
0.000000
0.000000
0.000000
0.000000
0.000000
0.000000
0.000000
0.000000
0.000000
142.217209
75.425301
0.000000
0.000000
0.000000
50.304314
0.000000
0.000000
0.000000
0.000000
0.000000
0.000000
0.000000
0.000000
0.000000
0.000000
0.000000
0.000000
0.000000
18.077139
0.000000
0.000000
0.000000
0.000000
0.000000
18.451149
0.000000
49.867970
0.000000
0.000000
0.000000
0.000000
0.000000
0.000000
73.337082
0.000000
147.515686
0.000000
61.431103
0.000000
0.000000
0.000000
0.000000
0.000000
294.127502
0.000000
0.000000
42.730614
0.000000
0.000000
0.000000
0.000000
0.000000
0.000000
0.000000
0.000000
0.000000
0.000000
0.000000
0.000000
0.000000
15.864247
0.000000
0.000000
0.000000
126.851646
129.968384
0.000000
0.000000
0.000000
0.000000
0.000000
0.000000
0.000000
49.525124
261.183472
0.000000
0.000000
77.451187
57.472832
0.000000
0.000000
0.000000
0.000000
0.000000
0.000000
0.000000
0.000000
0.000000
0.000000
0.000000
116.192368
0.000000
0.000000
0.000000
0.000000
0.000000
6.919180
19.417339
0.000000
0.000000
206.359879
0.000000
0.000000
0.000000
0.000000
0.000000
0.000000
0.000000
0.000000
0.000000
0.000000
0.000000
0.000000
0.000000
0.000000
0.000000
0.000000
0.000000
0.000000
0.000000
0.000000
0.000000
0.000000
0.000000
0.000000
0.000000
0.000000
158.143799
29.515604
0.000000
0.000000
0.000000
79.321236
0.000000
0.000000
0.000000
0.000000
0.000000
0.000000
0.000000
0.000000
0.000000
0.000000
0.000000
0.000000
0.000000
0.000000
0.000000
0.000000
0.000000
0.000000
0.000000
54.761261
0.000000
72.807236
0.000000
0.000000
0.000000
0.000000
0.000000
0.000000
35.593262
0.000000
110.893890
0.000000
81.783470
0.000000
0.000000
0.000000
0.000000
0.000000
192.521530
0.000000
0.000000
73.243576
0.000000
0.000000
0.000000
0.000000
0.000000
0.000000
0.000000
0.000000
0.000000
0.000000
0.000000
0.000000
0.000000
59.405216
0.000000
0.000000
0.000000
0.000000
34.471233
0.000000
0.000000
0.000000
0.000000
0.000000
0.000000
0.000000
0.000000
261.651001
0.000000
0.000000
92.847923
71.498199
0.000000
0.000000
0.000000
0.000000
0.000000
0.000000
0.000000
0.000000
0.000000
0.000000
0.000000
121.677841
0.000000
0.000000
0.000000
0.000000
0.000000
0.000000
0.000000
0.000000
0.000000
52.891212
0.000000
0.000000
0.000000
54.137913
0.000000
0.000000
0.000000
0.000000
0.000000
0.000000
0.000000
0.000000
0.000000
0.000000
27.583220
0.000000
0.000000
0.000000
0.000000
0.000000
0.000000
0.000000
0.000000
0.000000
0.000000
0.000000
111.080894
0.000000
0.000000
0.000000
0.000000
63.394653
0.000000
0.000000
14.150036
0.000000
0.000000
0.000000
0.000000
0.000000
0.000000
0.000000
0.000000
0.000000
0.000000
0.000000
0.000000
0.000000
0.000000
0.000000
0.000000
10.877450
0.000000
0.000000
0.000000
0.000000
0.000000
0.000000
0.000000
0.000000
49.400455
0.000000
78.542046
0.000000
47.623909
0.000000
0.000000
0.000000
0.000000
0.000000
111.953590
0.000000
0.000000
101.138474
0.000000
0.000000
0.000000
0.000000
0.000000
0.000000
0.000000
0.000000
0.000000
0.000000
0.000000
0.000000
0.000000
49.119949
0.000000
0.000000
3.646595
0.000000
0.000000
0.000000
0.000000
0.000000
0.000000
0.000000
0.000000
0.000000
0.000000
240.831116
0.000000
0.000000
78.417381
35.125751
0.000000
0.000000
0.000000
0.000000
0.000000
0.000000
0.000000
0.000000
0.000000
0.000000
0.000000
41.670921
0.000000
0.000000
0.000000
0.000000
0.000000
0.000000
0.000000
0.000000
0.000000
0.000000
0.000000
0.000000
0.000000
74.988953
0.000000
0.000000
0.000000
0.000000
0.000000
0.000000
0.000000
0.000000
0.000000
0.000000
55.259941
0.000000
0.000000
0.000000
0.000000
0.000000
0.000000
0.000000
0.000000
0.000000
0.000000
0.000000
93.782944
0.000000
0.000000
0.000000
0.000000
45.317516
0.000000
0.000000
47.873249
0.000000
0.000000
0.000000
0.000000
0.000000
0.000000
0.000000
0.000000
0.000000
0.000000
0.000000
0.000000
0.000000
0.000000
0.000000
0.000000
0.000000
0.000000
0.000000
0.000000
0.000000
0.000000
9.350244
0.000000
0.000000
17.703129
0.000000
109.429024
0.000000
0.000000
0.000000
0.000000
0.000000
0.000000
0.000000
66.480232
0.000000
0.000000
93.782944
0.000000
0.000000
0.000000
0.000000
0.000000
0.000000
0.000000
0.000000
0.000000
0.000000
0.000000
0.000000
0.000000
0.000000
0.000000
0.000000
0.000000
0.000000
0.000000
0.000000
0.000000
0.000000
0.000000
0.000000
0.000000
0.000000
0.000000
265.796265
0.000000
0.000000
0.000000
0.000000
0.000000
0.000000
0.000000
0.000000
0.000000
0.000000
0.000000
0.000000
0.000000
0.000000
0.000000
0.000000
0.000000
0.000000
0.000000
0.000000
0.000000
0.000000
20.383532
0.000000
0.000000
0.000000
0.000000
0.000000
0.000000
0.000000
0.000000
0.000000
0.000000
0.000000
0.000000
0.000000
0.000000
0.000000
0.000000
0.000000
79.445908
0.000000
0.000000
0.000000
0.000000
0.000000
0.000000
0.000000
0.000000
0.000000
0.000000
0.000000
20.757542
0.000000
0.000000
0.000000
0.000000
80.754944
0.000000
0.000000
81.284790
0.000000
0.000000
0.000000
0.000000
0.000000
0.000000
0.000000
0.000000
0.000000
0.000000
0.000000
0.000000
0.000000
0.000000
0.000000
0.000000
0.000000
0.000000
0.000000
0.000000
0.000000
0.000000
68.412621
0.000000
0.000000
52.018524
0.000000
149.136398
0.000000
0.000000
0.000000
0.000000
0.000000
0.000000
0.000000
80.567932
0.000000
0.000000
112.483437
0.000000
0.000000
0.000000
0.000000
0.000000
0.000000
0.000000
0.000000
0.000000
0.000000
0.000000
0.000000
0.000000
0.000000
0.000000
0.000000
0.000000
0.000000
0.000000
0.000000
0.000000
0.000000
0.000000
0.000000
0.000000
0.000000
0.000000
257.349884
0.000000
0.000000
0.000000
56.631310
0.000000
0.000000
0.000000
0.000000
0.000000
0.000000
0.000000
0.000000
0.000000
0.000000
0.000000
0.000000
0.000000
0.000000
0.000000
0.000000
0.000000
0.000000
92.380409
0.000000
0.000000
0.000000
0.000000
0.000000
0.000000
0.000000
0.000000
0.000000
0.000000
0.000000
0.000000
0.000000
0.000000
0.000000
0.000000
0.000000
125.417938
0.000000
0.000000
0.000000
0.000000
0.000000
0.000000
0.000000
0.000000
0.000000
0.000000
0.000000
0.000000
0.000000
0.000000
0.000000
0.000000
40.735897
254.949982
0.000000
158.486633
0.000000
0.000000
0.000000
0.000000
0.000000
