0.000000
2.428805
0.000000
0.000000
0.000000
44.274570
72.508713
0.000000
0.000000
0.000000
0.000000
0.000000
0.000000
12.299810
0.000000
0.000000
0.000000
0.000000
85.316460
0.000000
0.000000
0.000000
101.100571
0.000000
0.000000
65.019218
0.000000
39.935371
0.000000
0.000000
75.766747
0.000000
44.513851
0.000000
0.000000
0.000000
0.000000
0.000000
95.260880
0.000000
0.000000
0.000000
21.151379
24.709761
0.000000
0.000000
0.000000
0.000000
0.000000
0.000000
0.000000
0.000000
0.000000
0.000000
62.512836
0.000000
0.000000
0.000000
0.000000
67.379562
0.000000
0.000000
0.000000
0.000000
0.000000
0.000000
0.000000
0.000000
0.000000
15.009481
64.977127
0.000000
0.000000
0.000000
0.000000
0.000000
0.000000
0.000000
0.000000
0.000000
0.000000
0.000000
84.339386
0.000000
0.000000
0.000000
142.544373
0.000000
15.539987
40.376827
0.000000
0.000000
0.000000
0.000000
62.772800
0.000000
0.000000
0.000000
0.000000
0.000000
0.000000
0.000000
117.448235
0.000000
0.000000
0.000000
56.426601
40.490833
0.000000
0.000000
0.000000
0.000000
0.000000
0.000000
0.000000
0.000000
0.000000
0.000000
87.356407
0.000000
0.000000
0.000000
25.786940
77.614388
0.000000
0.000000
0.000000
0.000000
0.000000
0.000000
0.000000
0.000000
0.000000
10.207876
57.999348
0.000000
0.000000
0.000000
0.000000
0.000000
0.000000
0.000000
0.000000
0.000000
0.000000
0.000000
38.798965
0.000000
0.000000
0.000000
47.490711
0.000000
0.000000
22.102949
0.000000
0.000000
0.000000
0.000000
51.703049
0.000000
0.000000
0.000000
0.000000
0.000000
0.000000
0.000000
80.594772
0.000000
0.000000
0.000000
0.000000
46.022030
0.000000
0.000000
0.000000
0.000000
0.000000
0.000000
0.000000
0.000000
0.000000
0.000000
86.533066
0.000000
0.000000
0.000000
3.149561
78.975853
0.000000
0.000000
0.000000
0.000000
8.830444
0.000000
0.000000
33.915768
21.056152
40.957027
151.489136
0.000000
27.852552
0.000000
0.000000
0.000000
0.000000
0.000000
0.000000
0.000000
0.000000
0.000000
0.000000
0.000000
0.000000
0.000000
90.807045
0.000000
0.000000
7.607820
0.000000
0.000000
0.000000
0.000000
14.205647
0.000000
0.000000
0.000000
0.000000
0.000000
0.000000
0.000000
58.910110
0.000000
0.000000
0.000000
23.145910
11.663213
0.000000
0.000000
0.000000
0.000000
0.000000
12.948847
0.000000
0.000000
0.000000
0.000000
24.571955
0.000000
0.000000
0.000000
2.764529
97.625282
0.000000
0.000000
6.933119
0.000000
0.000000
16.747599
0.000000
58.183746
41.068085
34.351280
92.792717
0.000000
21.863323
0.000000
0.000000
0.000000
0.000000
0.000000
0.000000
0.000000
0.000000
0.000000
0.000000
0.000000
0.000000
0.000000
136.609863
0.000000
0.000000
0.000000
0.000000
15.831641
0.000000
0.000000
1.476689
0.000000
0.000000
0.000000
0.000000
0.000000
0.000000
0.000000
78.819054
0.000000
0.000000
0.000000
8.521730
0.000000
0.000000
0.000000
0.000000
0.000000
0.000000
0.000000
0.000000
0.000000
0.000000
0.000000
28.856564
13.435461
0.000000
0.000000
0.000000
49.931114
0.000000
0.000000
3.071423
0.000000
0.000000
25.759203
0.000000
70.133743
57.979557
0.000000
74.449509
0.000000
2.767007
0.000000
0.000000
0.000000
0.000000
0.000000
0.000000
0.000000
0.000000
0.000000
8.812834
0.000000
0.000000
0.000000
141.212585
0.000000
0.000000
0.000000
0.000000
25.172192
0.000000
0.000000
0.000000
0.000000
0.000000
0.000000
0.000000
0.000000
0.000000
0.000000
109.266937
0.000000
0.000000
0.000000
25.974791
26.053415
0.000000
0.000000
0.000000
0.000000
0.000000
0.000000
0.000000
0.000000
0.000000
0.000000
39.797241
0.000000
0.000000
0.000000
0.000000
33.434032
0.000000
0.000000
0.000000
0.000000
0.000000
0.000000
0.000000
69.393166
32.790634
0.000000
81.135986
0.000000
0.000000
0.000000
0.000000
0.000000
0.000000
0.000000
0.000000
0.000000
0.000000
0.000000
34.650089
0.000000
0.000000
0.000000
70.444374
0.000000
0.000000
0.000000
0.000000
0.000000
0.000000
0.000000
10.616770
0.000000
0.000000
0.000000
0.000000
0.000000
0.000000
0.000000
117.789864
0.000000
0.000000
0.000000
82.164452
46.197418
0.000000
0.000000
0.000000
0.000000
0.000000
0.000000
0.000000
0.000000
0.000000
0.000000
61.486931
0.000000
0.000000
0.000000
0.000000
55.141029
0.000000
0.000000
0.103681
0.000000
0.000000
23.882269
0.000000
79.802338
0.000000
0.000663
85.018234
0.000000
0.000000
0.000000
0.000000
0.000000
0.000000
0.000000
0.000000
0.000000
0.000000
0.000000
3.101629
0.000000
0.000000
0.000000
43.096676
0.000000
0.000000
0.000000
0.000000
0.000000
0.000000
0.000000
24.776726
0.000000
0.000000
0.000000
0.000000
0.000000
0.000000
0.000000
93.407661
0.000000
0.000000
0.000000
71.310516
18.279242
0.000000
0.000000
0.000000
0.000000
0.000000
9.116682
0.000000
0.000000
0.000000
0.000000
22.742464
0.000000
0.000000
0.000000
0.000000
106.951958
0.000000
0.000000
0.000000
0.000000
0.000000
65.741905
0.000000
30.532791
0.000000
19.940397
135.121582
0.000000
0.000000
0.000000
0.000000
0.000000
0.000000
2.681437
0.000000
0.000000
0.000000
0.000000
14.842052
0.000000
0.000000
0.000000
68.402893
1.355541
0.000000
18.095715
0.000000
0.000000
0.000000
0.000000
33.287323
0.000000
41.478531
0.000000
0.000000
0.000000
0.000000
0.000000
112.311440
0.000000
0.000000
0.000000
12.436282
0.000000
0.000000
0.000000
0.000000
0.000000
0.000000
0.000000
0.000000
0.000000
0.000000
0.000000
23.331747
0.000000
0.000000
0.000000
0.000000
59.170254
0.000000
0.000000
0.000000
5.227559
0.000000
0.161830
0.000000
0.000000
0.000000
31.863564
98.077354
0.000000
0.000000
0.000000
0.000000
0.000000
0.000000
0.000000
0.000000
0.000000
0.000000
0.000000
54.859127
0.000000
0.000000
0.000000
94.613091
0.000000
0.000000
29.962421
0.000000
20.032366
0.000000
0.000000
68.891228
0.000000
67.421120
0.000000
0.000000
0.000000
0.000000
0.000000
115.683098
0.000000
0.000000
0.000000
0.000000
7.955629
0.000000
0.000000
0.000000
0.000000
0.000000
0.000000
0.000000
0.000000
0.000000
0.000000
40.021015
0.000000
0.000000
0.000000
3.136263
49.751801
0.000000
0.000000
0.000000
0.000000
0.000000
0.000000
0.000000
0.000000
0.000000
45.785786
73.008224
0.000000
0.000000
0.000000
0.000000
0.000000
0.000000
8.210354
0.000000
0.000000
0.000000
0.000000
72.488960
0.000000
0.000000
2.002176
83.593933
0.000000
0.000000
67.095345
0.000000
44.642296
0.000000
0.000000
82.503769
0.000000
38.564796
0.000000
0.000000
0.000000
0.000000
0.000000
93.927261
0.000000
0.000000
0.000000
27.823681
32.436264
0.000000
0.000000
0.000000
0.000000
0.000000
0.000000
0.000000
0.000000
0.000000
0.000000
53.969341
0.000000
0.000000
0.000000
0.000000
73.223717
0.000000
0.000000
0.000000
0.000000
0.000000
0.000000
0.000000
0.000000
0.000000
26.365419
46.740086
0.000000
0.000000
0.000000
0.000000
0.000000
0.000000
0.000000
0.000000
0.000000
0.000000
0.000000
72.643402
0.000000
0.000000
24.748533
114.912971
0.000000
16.953959
48.498684
0.000000
1.575848
0.000000
0.000000
71.132652
0.000000
0.000000
0.000000
0.000000
0.000000
0.000000
0.000000
110.207832
0.000000
0.000000
0.000000
44.595989
71.979652
9.062947
0.000000
0.000000
0.000000
0.000000
0.000000
0.000000
0.000000
0.000000
0.000000
78.779243
0.000000
0.000000
0.000000
13.474976
96.487007
0.000000
0.000000
0.000000
0.000000
0.000000
0.000000
0.000000
0.000000
10.329201
31.827236
39.797371
0.000000
0.000000
0.000000
0.000000
0.000000
0.000000
0.000000
0.000000
0.000000
0.000000
0.000000
20.274176
0.000000
0.000000
0.000000
42.802837
0.000000
0.000000
57.173782
0.000000
0.000000
0.000000
0.000000
66.610794
0.000000
0.000000
0.000000
0.000000
0.000000
0.000000
0.000000
72.640030
0.000000
0.000000
0.000000
0.000000
97.118866
35.660942
0.000000
0.000000
0.000000
0.000000
0.000000
0.000000
0.000000
0.000000
0.000000
57.247795
0.000000
0.000000
0.000000
0.000000
97.852425
0.000000
0.000000
0.000000
0.000000
0.000000
0.000000
0.000000
44.854839
0.000000
38.152660
84.982849
0.000000
4.029816
0.000000
0.000000
0.000000
0.000000
0.000000
0.000000
0.000000
0.000000
0.000000
0.000000
0.000000
0.000000
0.000000
55.227859
0.000000
0.000000
79.801552
0.000000
0.000000
0.000000
0.000000
15.197836
0.000000
0.000000
0.000000
0.000000
0.000000
0.000000
0.000000
48.878670
0.000000
0.000000
0.000000
4.020352
43.076488
6.359776
0.000000
0.000000
0.000000
0.000000
0.000000
0.000000
0.000000
0.000000
0.000000
5.830724
0.000000
0.000000
0.000000
0.000000
105.500343
0.000000
0.000000
0.000000
22.107918
0.000000
23.351490
0.000000
36.024715
0.000000
25.579405
2.574342
0.000000
0.000000
0.000000
0.000000
0.000000
0.000000
0.000000
0.000000
0.000000
0.000000
0.000000
0.000000
0.000000
0.000000
53.052326
80.760841
0.000000
0.000000
1.358621
0.000000
57.202503
0.000000
0.000000
0.000000
0.000000
0.000000
0.000000
0.000000
0.000000
0.000000
0.000000
75.254333
0.000000
0.000000
0.000000
0.000000
0.000000
0.000000
0.000000
0.000000
0.000000
0.000000
0.000000
0.000000
0.000000
0.000000
0.000000
22.171505
0.000000
0.000000
0.000000
28.378912
97.716774
0.000000
0.000000
0.000000
0.000000
0.000000
1.165845
0.000000
40.517643
0.000000
16.701895
0.000000
0.000000
0.000000
0.000000
0.000000
0.000000
0.000000
0.000000
0.000000
0.000000
0.000000
0.000000
0.000000
0.000000
0.000000
62.893978
63.713867
0.000000
8.985185
0.000000
0.000000
30.619810
0.000000
0.000000
0.000000
0.000000
0.000000
0.000000
0.000000
0.000000
0.000000
0.000000
84.666199
0.000000
0.000000
0.000000
0.000000
43.213928
20.047787
0.000000
0.000000
0.000000
0.000000
0.000000
0.000000
0.000000
0.000000
0.000000
53.921097
0.000000
0.000000
0.000000
0.000000
94.092896
0.000000
0.000000
0.000000
0.000000
0.000000
0.000000
0.000000
72.272621
0.000000
34.719440
0.000000
0.000000
0.000000
0.000000
0.000000
0.000000
0.000000
0.000000
0.000000
0.000000
0.000000
0.000000
4.557310
0.000000
0.000000
0.000000
39.902039
0.000000
0.000000
4.016794
0.000000
0.000000
0.000000
0.000000
55.712811
0.000000
0.000000
0.000000
0.000000
0.000000
0.000000
0.000000
68.214127
0.000000
0.000000
0.000000
61.490177
82.554192
17.467806
0.000000
0.000000
0.000000
0.000000
0.000000
0.000000
0.000000
0.000000
0.000000
67.246880
0.000000
0.000000
0.000000
0.000000
96.381905
0.000000
0.000000
0.000000
0.000000
0.000000
20.530296
0.000000
70.745934
0.000000
18.663528
26.766413
0.000000
0.000000
0.000000
0.000000
0.000000
0.000000
0.000000
0.000000
0.000000
0.000000
0.000000
0.000000
0.000000
0.000000
0.000000
14.713770
0.000000
0.000000
42.200844
0.000000
0.000000
0.000000
0.000000
47.873852
0.000000
0.000000
0.000000
0.000000
0.000000
0.000000
0.000000
79.875526
0.000000
0.000000
0.000000
81.612152
34.103500
0.000000
0.000000
0.000000
0.000000
0.000000
0.000000
0.000000
0.000000
0.000000
0.000000
29.960480
0.000000
0.000000
0.000000
0.000000
77.557037
0.000000
0.000000
0.000000
0.000000
0.000000
66.073807
0.000000
42.361897
0.000000
34.825504
125.974274
0.000000
0.000000
0.000000
0.000000
0.000000
0.000000
1.493790
0.000000
0.000000
0.000000
0.000000
18.359930
0.000000
0.000000
0.000000
49.729568
1.498077
0.000000
38.935062
0.000000
0.000000
0.000000
0.000000
22.494827
0.000000
43.536472
0.000000
0.000000
0.000000
0.000000
0.000000
124.689003
0.000000
0.000000
0.000000
26.063267
0.000000
0.000000
0.000000
0.000000
0.000000
0.000000
0.000000
0.000000
0.000000
0.000000
0.000000
26.977320
0.000000
0.000000
0.000000
14.777283
31.186691
0.000000
0.000000
0.000000
15.131552
0.000000
3.370701
0.000000
2.695989
0.000000
34.234608
96.945595
0.000000
0.000000
0.000000
0.000000
0.000000
0.000000
0.000000
0.000000
0.000000
0.000000
0.000000
61.671383
0.000000
0.000000
0.000000
98.284065
0.000000
0.000000
25.972933
0.000000
21.522257
0.000000
0.000000
50.140903
0.000000
80.211807
0.000000
0.000000
0.000000
0.000000
0.000000
116.157593
0.000000
0.000000
0.000000
0.000000
1.720750
0.000000
0.000000
0.000000
0.000000
0.000000
0.000000
0.000000
0.000000
0.000000
0.000000
52.981617
0.000000
0.000000
0.000000
16.084902
54.308025
0.000000
0.000000
0.000000
0.000000
0.000000
0.362041
0.000000
0.000000
0.000000
44.696838
71.131485
0.000000
0.000000
0.000000
0.000000
0.000000
0.000000
17.608194
0.000000
0.000000
0.000000
0.000000
78.478851
0.000000
0.000000
4.181374
98.567421
0.000000
0.000000
63.355000
0.000000
46.505295
0.000000
0.000000
79.411659
0.000000
26.104744
0.000000
0.000000
0.000000
0.000000
0.000000
100.131065
0.000000
0.000000
0.000000
3.494739
36.144512
0.000000
0.000000
0.000000
0.000000
0.000000
0.000000
0.000000
0.000000
0.000000
0.000000
45.934143
0.000000
0.000000
0.000000
0.000000
70.582924
0.000000
0.000000
0.000000
0.000000
0.000000
0.000000
0.000000
0.000000
2.773870
28.835340
25.903530
0.000000
0.000000
0.000000
0.000000
0.000000
0.000000
0.000000
0.000000
0.000000
0.000000
0.000000
50.272758
0.000000
0.000000
8.697330
123.645142
0.000000
14.485944
34.961010
0.000000
0.000000
0.000000
0.000000
81.035667
0.000000
0.000000
0.000000
0.000000
0.000000
0.000000
0.000000
130.390701
0.000000
0.000000
0.000000
13.772528
106.828194
0.000000
0.000000
0.000000
0.000000
0.000000
0.000000
0.000000
0.000000
0.000000
0.000000
69.616905
0.000000
0.000000
0.000000
5.168086
100.249977
0.000000
0.000000
0.000000
0.000000
0.000000
0.000000
0.000000
17.594027
0.000000
31.047749
1.400988
0.000000
0.000000
0.000000
0.000000
0.000000
0.000000
0.000000
0.000000
0.000000
0.000000
0.000000
11.529172
0.000000
0.000000
0.000000
27.002825
0.000000
0.000000
38.817558
0.000000
0.000000
0.000000
0.000000
52.735523
0.000000
0.000000
0.000000
0.000000
0.000000
0.000000
0.000000
87.877762
0.000000
0.000000
0.000000
0.000000
147.175232
22.748819
0.000000
0.000000
0.000000
0.000000
0.000000
0.000000
0.000000
0.000000
0.000000
76.472130
0.000000
0.000000
0.000000
0.000000
89.359787
0.000000
0.000000
0.000000
0.000000
0.000000
5.560303
0.000000
84.841003
0.000000
41.097950
78.257057
0.000000
18.587006
0.000000
0.000000
0.000000
0.000000
0.000000
0.000000
0.000000
0.000000
0.000000
0.000000
0.000000
0.000000
0.000000
10.934687
0.000000
0.000000
97.839943
0.000000
0.000000
0.000000
0.000000
0.000000
0.000000
0.000000
0.000000
0.000000
0.000000
0.000000
0.000000
65.308289
0.000000
0.000000
0.000000
0.000000
109.723213
30.678759
0.000000
0.000000
0.000000
0.000000
27.372101
18.676386
0.000000
0.000000
0.000000
51.486683
16.836319
0.000000
0.000000
0.000000
90.722069
0.000000
0.000000
0.000000
48.983528
0.000000
40.273502
0.000000
91.626541
0.000000
11.848111
40.480885
0.000000
37.073906
0.000000
0.000000
0.000000
0.000000
0.000000
0.000000
0.000000
0.000000
0.000000
0.000000
0.000000
0.000000
0.000000
51.862694
0.000000
0.000000
0.000000
0.000000
0.000000
0.000000
0.000000
0.000000
0.000000
0.000000
0.000000
0.000000
0.000000
0.000000
0.000000
99.878105
0.000000
0.000000
0.000000
0.000000
102.357864
20.105551
0.000000
0.000000
0.000000
0.000000
12.719957
0.000000
0.000000
0.000000
0.000000
51.858715
56.085835
0.000000
0.000000
9.215115
80.409332
0.000000
0.000000
0.000000
14.970335
0.000000
45.254452
0.000000
100.079834
0.000000
0.000000
0.000000
0.000000
0.000000
39.944916
0.000000
0.000000
0.000000
0.000000
0.000000
0.000000
0.000000
0.000000
0.000000
0.000000
0.000000
0.000000
56.389000
0.000000
0.000000
0.000000
0.000000
0.000000
0.000000
0.000000
0.000000
0.000000
0.000000
0.000000
0.000000
0.000000
0.000000
0.000000
114.756775
0.000000
0.000000
0.000000
8.304394
137.342209
15.773797
0.000000
0.000000
0.000000
0.000000
0.000000
0.000000
0.000000
0.000000
0.000000
72.075546
10.413857
0.000000
0.000000
0.000000
101.302361
0.000000
0.000000
0.000000
0.000000
0.000000
0.000000
0.000000
111.964943
0.000000
36.792706
0.000000
0.000000
9.763874
8.948898
0.000000
0.000000
0.000000
0.000000
0.000000
0.000000
0.000000
0.000000
0.000000
0.000000
0.000000
0.000000
32.832829
0.000000
0.000000
0.000000
0.000000
0.000000
0.000000
0.000000
41.365765
0.000000
0.000000
0.000000
0.000000
0.000000
0.000000
0.000000
110.904694
0.000000
0.000000
0.000000
76.386414
206.701996
31.334301
0.000000
0.000000
0.000000
0.000000
0.000000
0.000000
0.000000
0.000000
0.000000
48.060905
0.000000
0.000000
0.000000
0.000000
121.508881
0.000000
0.000000
0.000000
0.000000
0.000000
31.678505
0.000000
98.738579
0.000000
42.561665
31.126320
0.000000
0.000000
0.000000
0.000000
0.000000
0.000000
16.727772
0.000000
0.000000
0.000000
0.000000
0.000000
0.000000
0.000000
6.645994
21.793356
0.000000
0.000000
13.572421
0.000000
0.000000
0.000000
0.000000
38.202282
0.000000
0.000000
0.000000
0.000000
0.000000
0.000000
0.000000
92.384636
0.000000
0.000000
0.000000
78.188583
126.570274
22.777416
0.000000
0.000000
0.000000
0.000000
0.357017
0.000000
0.000000
0.000000
0.000000
38.430389
0.000000
0.000000
0.000000
0.000000
109.384254
0.000000
0.000000
0.000000
17.439646
0.000000
69.437523
0.000000
71.955368
0.000000
32.685997
122.993622
0.000000
0.000000
0.000000
0.000000
0.000000
0.000000
0.000000
0.000000
0.000000
0.000000
0.000000
0.000000
0.000000
0.000000
0.000000
52.047615
0.000000
0.000000
32.973637
0.000000
0.000000
0.000000
0.000000
16.359257
0.000000
76.644562
0.000000
0.000000
0.000000
0.000000
0.000000
110.619942
0.000000
0.000000
0.000000
19.750137
54.150486
0.000000
0.000000
0.000000
0.000000
0.000000
0.000000
0.000000
0.000000
0.000000
0.000000
29.138302
7.889081
0.000000
0.000000
23.893175
65.622215
0.000000
0.000000
0.000000
26.880335
0.000000
15.318609
0.000000
8.588301
0.000000
31.681147
81.301025
0.000000
0.000000
0.000000
0.000000
0.000000
0.000000
0.000000
0.000000
0.000000
0.000000
0.000000
59.850567
0.000000
12.201095
9.468079
90.517479
0.000000
0.000000
37.406136
0.000000
27.767725
0.000000
0.000000
44.974846
0.000000
74.940758
0.000000
0.000000
0.000000
0.000000
0.000000
108.254578
0.000000
0.000000
0.000000
0.000000
13.008151
0.000000
0.000000
0.000000
0.000000
0.000000
0.000000
0.000000
0.000000
0.000000
0.000000
59.170059
0.000000
0.000000
0.000000
4.215431
51.059143
0.000000
0.000000
0.000000
0.000000
0.000000
0.000000
0.000000
0.000000
0.000000
41.872402
72.076225
0.000000
0.000000
0.000000
0.000000
0.000000
0.000000
11.442566
0.000000
0.000000
0.000000
0.000000
73.988365
0.000000
0.000000
0.000000
105.898361
0.000000
0.000000
51.342159
0.000000
33.396294
0.000000
0.000000
83.490112
0.000000
38.542728
0.000000
0.000000
0.000000
0.000000
0.000000
106.814217
0.000000
0.000000
0.000000
0.000000
31.770994
0.000000
0.000000
0.000000
0.000000
0.000000
0.000000
0.000000
0.000000
0.000000
0.000000
52.528492
0.000000
0.000000
0.000000
0.000000
64.944679
0.000000
0.000000
0.000000
0.000000
0.000000
0.000000
0.000000
0.000000
32.579262
17.093065
56.787411
0.000000
0.000000
0.000000
0.000000
0.000000
0.000000
0.000000
0.000000
0.000000
0.000000
0.000000
40.224285
0.000000
0.000000
0.000000
151.208496
0.000000
38.255249
6.885531
0.000000
0.000000
0.000000
0.000000
70.700546
0.000000
0.000000
0.000000
0.000000
0.000000
0.000000
0.000000
149.444534
0.000000
0.000000
0.000000
26.249231
92.952248
0.000000
1.279555
0.000000
0.000000
0.000000
0.000000
0.000000
0.000000
0.000000
0.000000
72.341103
0.000000
0.000000
0.000000
22.030851
77.471016
0.000000
0.000000
0.000000
0.000000
0.000000
0.000000
0.000000
14.597425
15.457436
12.109275
30.821362
0.000000
7.259192
0.000000
0.000000
0.000000
0.000000
0.000000
0.000000
0.000000
0.000000
0.000000
21.523855
0.000000
0.000000
0.000000
17.939020
0.000000
0.000000
13.131135
0.000000
0.000000
0.000000
0.000000
55.920532
0.000000
0.000000
0.000000
0.000000
0.000000
0.000000
0.000000
107.072205
0.000000
0.000000
0.000000
0.000000
113.161034
11.014494
0.000000
0.000000
0.000000
0.000000
0.000000
0.000000
0.000000
0.000000
0.000000
81.047646
0.000000
0.000000
0.000000
0.000000
63.823853
0.000000
0.000000
0.000000
0.000000
0.000000
0.000000
0.000000
79.746864
39.641129
6.384397
102.484718
0.000000
9.445868
0.000000
0.000000
0.000000
0.000000
0.000000
0.000000
0.000000
0.000000
0.000000
0.000000
0.000000
0.000000
0.000000
13.037378
0.000000
0.000000
97.271622
0.000000
0.000000
0.000000
0.000000
13.085529
0.000000
0.000000
0.000000
0.000000
0.000000
0.000000
0.000000
91.599106
0.000000
0.000000
0.000000
0.281781
111.820778
35.973232
0.000000
0.000000
0.000000
0.000000
25.779200
21.562325
0.000000
0.000000
0.000000
71.254097
12.589341
0.000000
0.000000
0.000000
127.937599
0.000000
0.000000
0.000000
33.622429
0.000000
0.000000
0.000000
84.198761
0.000000
29.360544
30.093889
0.000000
46.609612
0.000000
0.000000
0.000000
0.000000
0.000000
0.000000
0.000000
0.000000
0.000000
0.000000
0.000000
0.000000
9.462874
91.137947
0.000000
0.000000
14.227848
0.000000
0.000000
0.000000
0.000000
0.000000
0.000000
0.000000
0.000000
0.000000
0.000000
0.000000
0.000000
143.659943
0.000000
0.000000
0.000000
0.000000
118.835266
32.553997
0.000000
0.000000
0.000000
0.000000
10.581315
0.000000
0.000000
0.000000
0.000000
114.506294
35.885704
0.000000
0.000000
41.965893
87.529686
0.000000
0.000000
0.000000
45.135147
0.000000
0.000000
0.000000
154.753799
0.000000
0.000000
25.120642
0.000000
0.000000
41.847771
0.000000
0.000000
0.000000
0.000000
0.000000
0.000000
0.000000
0.000000
5.130996
0.000000
0.000000
3.417171
123.586029
0.000000
0.000000
0.000000
0.000000
0.000000
0.000000
0.000000
1.787485
0.000000
0.000000
0.000000
0.000000
0.000000
0.000000
0.000000
164.814590
0.000000
0.000000
0.000000
0.000000
126.527184
69.992699
0.000000
0.000000
0.000000
0.000000
0.000000
0.000000
0.000000
0.000000
0.000000
58.973774
42.097538
0.000000
0.000000
24.074875
124.468636
0.000000
0.000000
0.000000
41.784523
0.000000
0.000000
0.000000
148.671112
0.000000
53.090725
0.000000
0.000000
22.890669
12.047257
0.000000
0.000000
0.000000
0.000000
0.000000
0.000000
0.000000
0.000000
0.000000
0.000000
0.000000
0.000000
103.025055
11.336014
24.199947
0.000000
0.000000
0.000000
0.000000
0.000000
50.075863
0.000000
18.857738
0.000000
0.000000
0.000000
0.000000
0.000000
167.592667
0.000000
0.000000
0.000000
17.027138
182.245026
53.898270
0.000000
0.000000
0.000000
0.000000
0.000000
0.000000
0.000000
0.000000
0.000000
5.663406
10.385500
0.000000
0.000000
36.538921
148.198395
0.000000
0.000000
0.000000
54.106461
0.000000
59.176704
0.000000
111.590370
0.000000
22.248297
88.154076
0.000000
0.000000
0.000000
0.000000
0.000000
0.000000
0.000000
0.000000
0.000000
0.000000
0.000000
0.000000
0.000000
0.000000
0.000000
63.067146
0.000000
0.000000
0.000000
0.000000
0.000000
0.000000
0.000000
49.103947
0.000000
10.095062
0.000000
0.000000
0.000000
0.000000
0.000000
95.571861
0.000000
0.000000
0.000000
32.630962
111.300224
19.360359
0.000000
0.000000
0.000000
0.000000
8.619482
0.000000
0.000000
0.000000
0.000000
0.000000
35.013706
0.000000
0.000000
29.214434
121.118225
0.000000
0.000000
0.000000
30.171373
0.000000
102.129189
0.000000
75.691338
0.000000
18.937017
147.457001
0.000000
0.000000
0.000000
0.000000
0.000000
0.000000
0.000000
0.000000
0.000000
0.000000
0.000000
0.000000
0.000000
0.000000
0.000000
59.138573
0.000000
0.000000
0.000000
0.000000
0.000000
0.000000
0.000000
12.800173
0.000000
71.213989
0.000000
0.000000
0.000000
0.000000
0.000000
103.197487
0.000000
0.000000
0.000000
17.471081
47.644909
0.000000
0.000000
0.000000
0.000000
0.000000
0.000000
0.000000
0.000000
0.000000
0.000000
0.000000
13.064712
0.000000
0.000000
0.000000
68.137199
0.000000
0.000000
0.000000
26.901228
0.000000
24.879446
0.000000
7.801551
0.000000
22.951838
87.698349
0.000000
0.000000
0.000000
0.000000
0.000000
0.000000
0.000000
0.000000
0.000000
0.000000
0.000000
35.182381
0.000000
7.946721
0.000000
78.201950
0.000000
0.000000
34.592556
0.000000
20.120623
0.000000
0.000000
55.229904
0.000000
49.848587
0.000000
0.000000
0.000000
0.000000
0.000000
114.542053
0.000000
0.000000
0.000000
0.000000
17.974119
0.000000
0.000000
0.000000
0.000000
0.000000
0.000000
0.000000
0.000000
0.000000
0.000000
45.325699
0.000000
0.000000
0.000000
0.000000
38.250591
0.000000
0.000000
0.000000
0.000000
0.000000
3.659869
0.000000
0.000000
0.000000
39.622189
63.435200
0.000000
0.000000
0.000000
0.000000
0.000000
0.000000
0.000000
0.000000
0.000000
0.000000
0.000000
79.656921
0.000000
0.000000
2.187670
103.157776
0.000000
0.000000
60.440804
0.000000
31.544394
0.000000
0.000000
70.831421
0.000000
48.086739
0.000000
0.000000
0.000000
0.000000
0.000000
97.061234
0.000000
0.000000
0.000000
0.000000
27.366621
0.000000
0.000000
0.000000
0.000000
0.000000
0.000000
0.000000
0.000000
0.000000
0.000000
56.177769
0.000000
0.000000
0.000000
0.000000
65.424797
0.000000
0.000000
0.000000
0.000000
0.000000
0.000000
0.000000
0.000000
30.590483
5.955251
56.840195
0.000000
0.000000
0.000000
0.000000
0.000000
0.000000
0.000000
0.000000
0.000000
0.000000
0.000000
61.401352
0.000000
0.000000
12.981473
133.925598
0.000000
46.211929
32.816765
0.000000
0.000000
0.000000
0.000000
59.145401
0.000000
0.000000
0.000000
0.000000
0.000000
0.000000
0.000000
128.426743
0.000000
0.000000
0.000000
20.554361
68.546989
9.557652
0.000000
0.000000
0.000000
0.000000
0.000000
0.000000
0.000000
0.000000
0.000000
70.952965
0.000000
0.000000
0.000000
28.081627
74.089424
0.000000
0.000000
0.000000
0.000000
0.000000
0.000000
0.000000
5.831979
54.407661
10.478977
40.302238
0.000000
15.579453
0.000000
0.000000
0.000000
0.000000
0.000000
0.000000
0.000000
0.000000
0.000000
11.773704
0.000000
0.000000
0.000000
35.716743
0.000000
0.000000
0.000000
0.000000
0.000000
0.000000
0.000000
56.154228
0.000000
0.000000
0.000000
0.000000
0.000000
0.000000
0.000000
85.799286
0.000000
0.000000
0.000000
0.000000
91.870224
27.764772
0.000000
0.000000
0.000000
0.000000
0.000000
0.000000
0.000000
0.000000
0.000000
51.352928
0.000000
0.000000
0.000000
10.985660
76.392418
0.000000
0.000000
0.000000
0.000000
0.000000
0.000000
0.000000
54.827225
78.614769
0.000000
79.012558
0.000000
0.000000
0.000000
0.000000
0.000000
0.000000
0.000000
0.000000
0.000000
0.000000
0.000000
0.000000
0.000000
0.000000
16.491356
104.060616
0.000000
0.000000
80.509735
0.000000
0.000000
0.000000
0.000000
58.428349
0.000000
0.000000
0.000000
0.000000
0.000000
0.000000
0.000000
80.802742
0.000000
0.000000
0.000000
13.406972
56.526806
55.026081
3.391330
0.000000
0.000000
0.000000
0.000000
17.148998
0.000000
0.000000
0.000000
14.728857
1.685635
0.000000
0.000000
2.030569
150.566147
0.000000
0.000000
8.122968
8.117941
0.000000
0.000000
0.000000
52.024998
0.000000
43.191517
0.000000
0.000000
90.962456
4.718266
0.000000
0.000000
0.000000
0.000000
0.000000
0.000000
0.000000
0.000000
0.000000
0.000000
0.000000
14.919116
136.809479
15.794488
0.000000
44.546101
0.000000
0.000000
0.000000
0.000000
60.482716
0.000000
0.000000
0.000000
0.000000
0.000000
0.000000
22.720913
126.473770
0.000000
0.000000
0.000000
0.000000
76.136589
35.527966
0.000000
0.000000
0.000000
0.000000
0.000000
69.525795
0.000000
0.000000
0.000000
38.355766
8.263755
0.000000
0.000000
25.449121
68.877907
0.000000
0.000000
0.000000
94.700912
0.000000
9.871653
0.000000
174.437500
0.000000
0.000000
10.465871
0.000000
0.000000
97.316772
0.000000
0.000000
0.000000
0.000000
0.000000
0.000000
0.000000
123.810944
33.239201
0.000000
0.000000
54.124855
128.665314
0.000000
0.000000
12.330031
0.000000
0.000000
0.000000
0.000000
19.498173
0.000000
0.000000
0.000000
0.000000
0.000000
0.000000
4.217131
131.610825
0.000000
0.000000
0.000000
0.000000
39.791718
92.533623
0.000000
0.000000
0.000000
0.000000
0.000000
0.000000
0.000000
0.000000
0.000000
0.000000
57.543045
0.000000
0.000000
45.698673
93.118759
0.000000
44.269634
0.000000
63.663200
0.000000
5.171193
0.000000
131.102356
0.000000
42.581673
37.703213
0.000000
26.421133
61.012356
0.000000
0.000000
0.000000
0.000000
0.000000
0.000000
0.000000
13.927408
0.000000
0.000000
0.000000
0.000000
80.142273
0.000000
48.615189
0.000000
0.000000
0.000000
0.000000
0.000000
21.902689
0.000000
12.104359
0.000000
0.000000
0.000000
0.000000
0.000000
117.377945
0.000000
0.000000
0.000000
0.000000
96.197556
65.923210
40.964108
0.000000
0.000000
0.000000
0.000000
0.000000
0.000000
0.000000
0.000000
0.000000
0.000000
0.000000
0.000000
33.734951
141.978104
0.000000
0.000000
0.000000
90.050995
0.000000
59.770065
0.000000
102.549126
14.025122
37.004238
88.777939
0.000000
0.000000
0.000000
0.000000
0.000000
0.000000
0.000000
0.000000
0.000000
0.000000
38.733013
0.000000
0.000000
0.000000
12.464227
54.266548
0.000000
0.000000
0.000000
0.000000
0.000000
0.000000
0.000000
9.868371
0.000000
0.000000
0.000000
0.000000
0.000000
0.000000
0.000000
59.545120
0.000000
0.000000
0.000000
50.775951
67.270309
6.054799
0.000000
0.000000
0.000000
0.000000
0.000000
0.000000
0.000000
0.000000
0.000000
7.323571
0.000000
0.000000
0.000000
0.000000
150.463531
0.000000
0.000000
0.000000
53.891830
0.000000
101.751022
0.000000
41.107674
0.000000
45.321091
153.286514
0.000000
0.000000
0.000000
0.000000
0.000000
0.000000
0.000000
0.000000
0.000000
0.000000
0.000000
0.000000
0.000000
0.000000
0.000000
65.715141
0.000000
0.000000
4.721652
0.000000
0.000000
0.000000
0.000000
4.152825
0.000000
57.638161
0.000000
0.000000
0.000000
0.000000
0.000000
83.372208
0.000000
0.000000
0.000000
28.277809
28.878641
0.000000
0.000000
0.000000
0.000000
0.000000
0.000000
0.000000
0.000000
0.000000
0.000000
23.669292
0.000000
0.000000
0.000000
0.000000
85.210693
0.000000
0.000000
0.000000
32.953053
0.000000
20.270353
0.000000
0.000000
0.000000
28.296732
97.395706
0.000000
0.000000
0.000000
0.000000
0.000000
0.000000
0.000000
0.000000
0.000000
0.000000
0.000000
38.064892
0.000000
0.000000
0.000000
79.366707
0.000000
0.000000
42.050629
0.000000
15.517339
0.000000
0.000000
69.635193
0.000000
50.852791
0.000000
0.000000
0.000000
0.000000
0.000000
106.598328
0.000000
0.000000
0.000000
0.000000
24.466009
0.000000
0.000000
0.000000
0.000000
0.000000
0.000000
0.000000
0.000000
0.000000
0.000000
42.342216
0.000000
0.000000
0.000000
0.000000
37.300285
0.000000
0.000000
0.000000
0.000000
0.000000
6.425018
0.000000
0.000000
0.000000
36.041897
57.755981
0.000000
0.000000
0.000000
0.000000
0.000000
0.000000
0.000000
0.000000
0.000000
0.000000
0.000000
78.749336
0.000000
0.000000
3.635198
93.065948
0.000000
0.000000
64.174461
0.000000
32.149120
0.000000
0.000000
67.433609
0.000000
38.216095
0.000000
0.000000
0.000000
0.000000
0.000000
94.835968
0.000000
0.000000
0.000000
4.640414
35.836605
0.000000
0.000000
0.000000
0.000000
0.000000
0.000000
0.000000
0.000000
0.000000
0.000000
54.344807
0.000000
0.000000
0.000000
0.000000
68.276756
0.000000
0.000000
0.000000
0.000000
0.000000
0.000000
0.000000
0.000000
0.000000
0.000000
32.432087
0.000000
0.000000
0.000000
0.000000
0.000000
0.000000
0.000000
0.000000
0.000000
0.000000
0.000000
64.571701
0.000000
0.000000
36.317356
94.607544
0.000000
29.502012
56.255730
0.000000
0.000000
0.000000
0.000000
58.954067
0.000000
0.000000
0.000000
0.000000
0.000000
0.000000
0.000000
120.704575
0.000000
0.000000
0.000000
4.417770
86.156815
17.887886
0.000000
0.000000
0.000000
0.000000
0.000000
0.000000
0.000000
0.000000
0.000000
72.391998
0.000000
0.000000
0.000000
20.967079
68.898026
0.000000
0.000000
0.000000
0.000000
0.000000
0.000000
0.000000
0.000000
39.019577
38.344585
8.378863
0.000000
35.511131
0.000000
0.000000
0.000000
0.000000
0.000000
0.000000
0.000000
0.000000
0.000000
0.000000
0.000000
0.000000
19.443357
51.032890
0.000000
0.000000
0.000000
0.000000
0.000000
0.000000
0.000000
62.409470
0.000000
0.000000
0.000000
0.000000
0.000000
0.000000
0.000000
82.488602
0.000000
0.000000
0.000000
0.000000
101.403969
46.856918
0.000000
0.000000
0.000000
0.000000
0.000000
22.420506
0.000000
0.000000
0.000000
59.696022
0.000000
0.000000
0.000000
15.647285
72.703979
0.000000
0.000000
0.000000
21.189850
0.000000
0.000000
0.000000
59.694908
70.646523
0.000000
38.014843
0.000000
0.000000
0.000000
0.000000
0.000000
0.000000
0.000000
0.000000
0.000000
0.000000
23.325808
21.435106
0.000000
0.000000
70.043724
157.988556
0.000000
0.000000
42.242023
0.000000
0.000000
0.000000
0.000000
56.741615
0.000000
0.000000
0.000000
0.000000
0.000000
0.000000
0.000000
86.544785
0.000000
0.000000
0.000000
43.059151
70.379868
83.620598
75.793884
0.000000
0.000000
0.000000
0.000000
24.274441
0.000000
0.000000
0.000000
33.214016
7.376172
0.000000
0.000000
22.133017
133.985794
0.000000
0.000000
12.765285
40.590271
0.000000
0.000000
0.000000
26.324137
0.000000
52.595383
0.000000
0.000000
97.292473
91.297295
0.000000
0.000000
0.000000
0.000000
0.000000
0.000000
0.000000
0.000000
0.000000
0.000000
0.000000
4.715929
158.338593
0.000000
0.000000
18.008121
0.000000
0.000000
0.000000
0.000000
55.868916
0.000000
0.000000
0.000000
0.000000
0.000000
0.000000
37.960728
128.186707
0.000000
0.000000
0.000000
0.000000
116.679573
64.888802
26.889214
0.000000
0.000000
0.000000
0.000000
105.977127
0.000000
0.000000
0.000000
20.033396
0.000000
0.000000
0.000000
22.832396
47.556042
0.000000
0.000000
0.000000
108.376465
0.000000
13.162577
0.000000
172.706711
0.000000
0.000000
9.305781
0.000000
0.000000
153.095032
0.000000
0.000000
0.000000
0.000000
0.000000
0.000000
0.000000
207.718445
14.332029
0.000000
0.000000
72.736237
130.307556
0.000000
0.000000
9.170089
0.000000
0.000000
0.000000
0.000000
0.000000
0.000000
0.000000
0.000000
0.000000
0.000000
0.000000
0.000000
97.982544
0.000000
0.000000
0.000000
0.000000
29.917662
133.601334
4.823287
0.000000
0.000000
0.000000
4.371113
20.428078
0.000000
0.000000
0.000000
49.016747
11.832358
0.000000
0.000000
2.837652
114.266487
0.000000
77.067703
46.900513
73.231979
0.000000
16.932549
0.000000
134.738937
0.000000
35.127857
61.040218
0.000000
39.944611
69.548820
0.000000
0.000000
0.000000
0.000000
0.000000
0.000000
0.000000
113.369095
0.000000
0.000000
0.000000
0.000000
65.830704
0.000000
27.281725
0.000000
0.000000
0.000000
0.000000
0.000000
0.000000
0.000000
20.226158
0.000000
0.000000
0.000000
0.000000
0.000000
67.010925
0.000000
0.000000
0.000000
17.839548
112.867661
67.149422
122.240540
0.000000
0.000000
0.000000
0.000000
0.000000
0.000000
0.000000
0.000000
42.413586
0.000000
0.000000
0.000000
5.307808
202.976410
0.000000
0.000000
0.000000
91.772766
0.000000
36.456890
0.000000
74.697250
9.662462
34.993668
90.476791
0.000000
0.000000
0.000000
0.000000
0.000000
0.000000
0.000000
0.000000
0.000000
0.000000
39.932629
0.000000
0.000000
0.000000
14.288941
43.619373
0.000000
0.000000
0.000000
0.000000
0.000000
0.000000
0.000000
0.000000
0.000000
0.000000
0.000000
0.000000
0.000000
0.000000
0.000000
48.583252
0.000000
0.000000
0.000000
81.278381
67.131187
0.000000
0.000000
0.000000
0.000000
0.000000
10.171885
0.000000
0.000000
0.000000
0.000000
53.276695
0.000000
0.000000
0.000000
0.000000
185.063965
0.000000
0.000000
0.000000
58.161400
0.000000
98.697609
0.000000
22.304176
0.000000
46.391991
162.976334
0.000000
0.000000
0.000000
0.000000
0.000000
0.000000
0.000000
0.000000
0.000000
0.000000
0.000000
0.000000
0.000000
0.000000
0.000000
62.948196
0.000000
0.000000
16.436064
0.000000
0.000000
0.000000
0.000000
13.266090
0.000000
56.570679
0.000000
0.000000
0.000000
0.000000
0.000000
88.425598
0.000000
0.000000
0.000000
38.854317
17.058334
0.000000
0.000000
0.000000
0.000000
0.000000
0.000000
0.000000
0.000000
0.000000
0.000000
23.910286
0.000000
0.000000
0.000000
0.000000
93.978271
0.000000
0.000000
0.000000
37.692783
0.000000
14.697830
0.000000
0.000000
0.000000
37.969784
106.960213
0.000000
0.000000
0.000000
0.000000
0.000000
0.000000
19.466152
0.000000
0.000000
0.000000
0.000000
42.137466
0.000000
0.000000
0.000000
73.735909
0.000000
0.000000
51.052071
0.000000
19.112059
0.000000
0.000000
79.541656
0.000000
52.270508
0.000000
0.000000
0.000000
0.000000
0.000000
96.597626
0.000000
0.000000
0.000000
20.574207
23.041395
0.000000
0.000000
0.000000
0.000000
0.000000
0.000000
0.000000
0.000000
0.000000
0.000000
39.323250
0.000000
0.000000
0.000000
0.000000
45.232513
0.000000
0.000000
0.000000
0.000000
0.000000
4.335268
0.000000
0.000000
0.000000
31.786924
61.053391
0.000000
0.000000
0.000000
0.000000
0.000000
0.000000
0.000000
0.000000
0.000000
0.000000
0.000000
81.040993
0.000000
0.000000
8.881279
96.304840
0.000000
12.843188
63.349689
0.000000
12.132030
0.000000
0.000000
72.575485
0.000000
35.304581
0.000000
0.000000
0.000000
0.000000
0.000000
103.130211
0.000000
0.000000
0.000000
23.258467
47.054962
5.559717
0.000000
0.000000
0.000000
0.000000
0.000000
0.000000
0.000000
0.000000
0.000000
55.241493
0.000000
0.000000
0.000000
0.000000
69.392830
0.000000
0.000000
0.000000
0.000000
0.000000
0.000000
0.000000
0.000000
1.612047
0.000000
38.664394
0.000000
0.000000
0.000000
0.000000
0.000000
0.000000
0.000000
0.000000
0.000000
0.000000
0.000000
57.432411
0.000000
0.000000
29.179354
94.740372
0.000000
36.247841
54.499187
0.000000
0.000000
0.000000
0.000000
56.627171
0.000000
0.000000
0.000000
0.000000
0.000000
0.000000
0.000000
123.222008
0.000000
0.000000
0.000000
13.594598
116.908058
32.548122
0.000000
0.000000
0.000000
0.000000
0.000000
0.000000
0.000000
0.000000
0.000000
67.161491
0.000000
0.000000
0.000000
22.544903
59.924614
0.000000
0.000000
0.000000
0.000000
0.000000
0.000000
0.000000
0.000000
24.311119
25.120449
24.374031
0.000000
15.359571
5.502987
0.000000
0.000000
0.000000
0.000000
0.000000
0.000000
0.000000
0.000000
0.000000
0.000000
0.000000
14.278213
71.316277
1.594622
0.000000
0.000000
0.000000
0.000000
0.000000
0.000000
44.940586
0.000000
0.000000
0.000000
0.000000
0.000000
0.000000
0.000000
75.806252
0.000000
0.000000
0.000000
0.000000
96.890892
62.058495
0.000000
0.000000
0.000000
0.000000
0.000000
34.781284
0.000000
0.000000
0.000000
59.379219
0.000000
0.000000
0.000000
0.741965
82.278160
0.000000
0.000000
0.000000
61.405571
0.000000
0.000000
0.000000
67.038948
53.932533
0.000000
66.114449
0.000000
0.000000
0.000000
0.000000
0.000000
0.000000
0.000000
0.000000
0.000000
0.000000
56.755970
48.889309
0.000000
0.000000
69.606934
199.845932
26.098648
0.000000
22.267595
0.000000
0.000000
0.000000
0.000000
41.534454
0.000000
0.000000
0.000000
0.000000
0.000000
0.000000
0.000000
101.154976
0.000000
0.000000
0.000000
83.668335
74.351784
63.647491
142.984161
0.000000
0.000000
0.000000
0.000000
2.940702
0.000000
0.000000
0.000000
7.995645
0.000000
0.000000
0.000000
26.284727
142.764603
0.000000
0.000000
15.949588
26.842627
0.000000
0.000000
0.000000
0.000000
0.000000
60.547722
0.000000
0.000000
57.618134
160.874161
0.000000
0.000000
0.000000
0.000000
0.000000
0.000000
0.000000
0.000000
0.000000
0.000000
0.000000
0.000000
177.501205
0.000000
0.000000
18.336164
0.000000
0.000000
0.000000
0.000000
52.777206
0.000000
0.000000
0.000000
0.000000
0.000000
0.000000
0.000000
125.547829
0.000000
0.000000
0.000000
0.000000
72.891090
68.299919
34.869614
0.000000
0.000000
0.000000
0.000000
115.124496
0.000000
0.000000
0.000000
25.101063
0.000000
0.000000
0.000000
0.000000
53.046223
0.000000
0.000000
0.000000
98.044418
0.000000
29.054623
0.000000
151.078552
0.000000
12.112402
45.266792
0.000000
0.000000
183.450943
0.000000
0.000000
0.000000
0.000000
0.000000
0.000000
0.000000
266.381470
0.000000
0.000000
0.000000
65.747543
129.417664
0.000000
0.000000
15.826629
0.000000
0.000000
0.000000
0.000000
0.000000
0.000000
0.000000
0.000000
0.000000
0.000000
0.000000
0.000000
82.067627
0.000000
0.000000
0.000000
0.000000
7.687550
111.241776
35.329712
0.000000
0.000000
0.000000
28.360462
29.332390
0.000000
0.000000
0.000000
43.049339
0.000000
0.000000
0.000000
0.000000
166.919235
0.000000
72.997597
58.305546
48.250725
0.000000
44.877136
0.000000
127.528969
0.000000
50.747509
75.636017
0.000000
55.123158
26.500271
0.000000
0.000000
0.000000
0.000000
0.000000
0.000000
0.000000
193.281830
0.000000
0.000000
0.000000
0.000000
71.981239
0.000000
0.000000
0.000000
0.000000
0.000000
0.000000
0.000000
0.000000
0.000000
65.240829
0.000000
0.000000
0.000000
0.000000
0.000000
29.729469
0.000000
0.000000
0.000000
0.525045
103.119064
24.403572
182.457489
0.000000
0.000000
0.000000
0.000000
0.000000
0.000000
0.000000
0.000000
58.406105
0.000000
0.000000
0.000000
0.000000
225.676743
0.000000
0.000000
0.000000
70.226189
0.000000
34.793877
0.000000
64.130211
3.034105
21.589731
90.855789
0.000000
0.000000
0.000000
0.000000
0.000000
0.000000
0.000000
0.000000
0.000000
0.000000
0.000000
0.000000
0.000000
0.000000
0.000000
42.168488
0.000000
0.000000
0.000000
0.000000
0.000000
0.000000
0.000000
3.382244
0.000000
0.000000
0.000000
0.000000
0.000000
0.000000
0.000000
67.486549
0.000000
0.000000
0.000000
69.428490
47.062096
0.000000
0.000000
0.000000
0.000000
0.000000
6.766370
0.000000
0.000000
0.000000
0.000000
53.289368
0.000000
0.000000
0.000000
0.000000
168.864197
0.000000
0.000000
0.000000
49.146984
0.000000
85.525536
0.000000
31.677036
0.000000
39.369278
146.924881
0.000000
0.000000
0.000000
0.000000
0.000000
0.000000
25.766354
0.000000
0.000000
0.000000
0.000000
0.000000
0.000000
0.000000
0.000000
64.027473
0.000000
0.000000
25.346247
0.000000
0.000000
0.000000
0.000000
27.297804
0.000000
70.852058
0.000000
0.000000
0.000000
0.000000
0.000000
96.030746
0.000000
0.000000
0.000000
39.204945
7.860680
0.000000
0.000000
0.000000
0.000000
0.000000
0.000000
0.000000
0.000000
0.000000
0.000000
18.514660
0.000000
0.000000
0.000000
0.000000
93.374084
0.000000
0.000000
0.000000
35.329124
0.000000
8.716486
0.000000
0.000000
0.000000
42.907501
109.790405
0.000000
0.000000
0.000000
0.000000
0.000000
0.000000
32.656303
0.000000
0.000000
0.000000
0.000000
50.946159
0.000000
0.000000
0.000000
75.904686
0.000000
0.000000
51.850761
0.000000
32.531887
0.000000
0.000000
77.206253
0.000000
66.739899
0.000000
0.000000
0.000000
0.000000
0.000000
96.603203
0.000000
0.000000
0.000000
37.281788
22.604231
0.000000
0.000000
0.000000
0.000000
0.000000
0.000000
0.000000
0.000000
0.000000
0.000000
52.568375
0.000000
0.000000
0.000000
0.000000
66.216629
0.000000
0.000000
0.000000
0.000000
0.000000
5.935672
0.000000
0.000000
0.000000
20.237694
64.006805
0.000000
0.000000
0.000000
0.000000
0.000000
0.000000
0.000000
0.000000
0.000000
0.000000
0.000000
85.213890
0.000000
0.000000
12.744887
102.504715
0.000000
33.096718
57.024582
0.000000
0.000000
0.000000
0.000000
75.855911
0.000000
42.756920
0.000000
0.000000
0.000000
0.000000
0.000000
116.380592
0.000000
0.000000
0.000000
35.021664
53.079811
5.661584
0.000000
0.000000
0.000000
0.000000
0.000000
0.000000
0.000000
0.000000
0.000000
52.949196
0.000000
0.000000
0.000000
5.390199
68.006111
0.000000
0.000000
0.000000
0.000000
0.000000
0.000000
0.000000
0.000000
29.308199
0.000000
49.042992
0.000000
0.000000
16.615990
0.000000
0.000000
0.000000
0.000000
0.000000
0.000000
0.000000
0.000000
46.163704
0.000000
0.000000
25.260700
95.198288
0.000000
67.073112
40.250210
0.000000
0.000000
0.000000
0.000000
67.182648
0.000000
0.000000
0.000000
0.000000
0.000000
0.000000
0.000000
149.943848
0.000000
0.000000
0.000000
12.544387
100.235558
32.096962
0.000000
0.000000
0.000000
0.000000
0.000000
0.000000
0.000000
0.000000
0.000000
42.803894
0.000000
0.000000
0.000000
31.768507
57.268543
0.000000
0.000000
0.000000
0.000000
0.000000
0.000000
0.000000
0.000000
48.241882
0.000000
69.082855
0.000000
2.917037
34.597534
0.000000
0.000000
0.000000
0.000000
0.000000
0.000000
0.000000
0.000000
0.000000
0.000000
0.000000
7.498458
79.177666
6.948079
4.646142
0.000000
0.000000
0.000000
0.000000
0.000000
63.686050
0.000000
0.000000
0.000000
0.000000
0.000000
0.000000
0.000000
93.129509
0.000000
0.000000
0.000000
0.000000
59.847225
58.225590
0.000000
0.000000
0.000000
0.000000
0.000000
32.999851
0.000000
0.000000
0.000000
29.702026
0.000000
0.000000
0.000000
0.020882
93.582878
0.000000
0.000000
0.000000
63.415276
0.000000
0.000000
0.000000
67.530426
61.699612
0.000000
92.379654
0.000000
0.000000
0.000000
0.000000
0.000000
0.000000
0.000000
0.000000
0.000000
0.000000
71.313423
41.785412
0.000000
0.000000
66.889236
216.458328
42.185932
0.000000
8.577022
0.000000
0.000000
0.000000
0.000000
41.516758
0.000000
0.000000
0.000000
0.000000
0.000000
0.000000
0.000000
103.699402
0.000000
0.000000
0.000000
82.315857
52.553852
37.576973
177.278839
0.000000
0.000000
0.000000
0.000000
0.000000
0.000000
0.000000
0.000000
0.000000
0.000000
0.000000
0.000000
5.982859
156.961533
0.000000
0.000000
12.879309
29.019228
0.000000
0.000000
0.000000
0.000000
0.000000
54.864895
7.537932
0.000000
32.000099
185.531998
0.000000
0.000000
0.000000
0.000000
0.000000
0.000000
0.000000
0.000000
0.000000
0.000000
0.000000
0.000000
183.372986
0.000000
0.660962
10.794305
0.000000
0.000000
0.000000
0.000000
53.271214
0.000000
0.000000
0.000000
0.000000
0.000000
0.000000
0.000000
122.946526
0.000000
0.000000
0.000000
0.000000
39.052078
65.634521
27.309769
0.000000
0.000000
0.000000
0.000000
98.020813
0.000000
0.000000
0.000000
0.000000
0.000000
0.000000
0.000000
0.000000
79.584892
0.000000
0.000000
0.000000
77.823372
0.000000
57.628998
0.000000
125.181793
0.000000
19.330862
77.976372
0.000000
0.000000
177.558090
0.000000
0.000000
0.000000
0.000000
0.000000
0.000000
0.000000
292.583801
0.000000
0.000000
0.000000
56.768608
145.179382
22.820995
0.000000
0.000000
0.000000
0.000000
0.000000
0.000000
11.480587
0.000000
0.000000
0.000000
0.000000
0.000000
0.000000
0.000000
71.947266
0.000000
0.000000
0.000000
0.000000
6.390270
87.880371
43.644760
0.000000
0.000000
0.000000
4.914570
33.157440
0.000000
0.000000
0.000000
13.922215
0.000000
0.000000
0.000000
0.000000
193.814575
0.000000
53.071175
41.921566
27.400736
0.000000
74.834747
0.000000
120.997368
0.000000
54.759464
99.172241
0.000000
70.205688
0.000000
0.000000
0.000000
0.000000
0.000000
0.000000
0.000000
0.000000
230.367844
0.000000
0.000000
0.000000
0.000000
83.314331
0.000000
0.000000
0.000000
0.000000
0.000000
0.000000
0.000000
0.000000
0.000000
58.593513
0.000000
0.000000
0.000000
0.000000
0.000000
13.764135
0.000000
0.000000
0.000000
7.737157
97.212151
0.000000
214.322586
0.000000
0.000000
0.000000
0.000000
0.000000
0.000000
0.000000
0.000000
34.428646
0.000000
0.000000
0.000000
0.000000
212.647614
0.000000
0.000000
0.000000
66.684135
0.000000
53.838390
0.000000
54.491245
0.000000
19.969530
110.732712
0.000000
0.000000
0.000000
0.000000
0.000000
0.000000
0.000000
0.000000
0.000000
0.000000
0.000000
0.000000
0.000000
0.000000
0.000000
22.501936
0.000000
0.000000
0.000000
0.000000
0.000000
0.000000
0.000000
6.987481
0.000000
0.000000
0.000000
0.000000
0.000000
0.000000
0.000000
81.684593
0.000000
0.000000
0.000000
69.346214
33.351547
0.000000
0.000000
0.000000
0.000000
0.000000
0.000000
0.000000
0.000000
0.000000
0.000000
24.700459
0.000000
0.000000
0.000000
0.000000
134.059158
0.000000
0.000000
0.000000
66.303596
0.000000
70.666710
0.000000
42.923969
0.000000
39.037560
126.260399
0.000000
0.000000
0.000000
0.000000
0.000000
0.000000
22.044199
0.000000
0.000000
0.000000
0.000000
0.000000
0.000000
0.000000
0.000000
61.966305
0.000000
0.000000
20.041967
0.000000
0.000000
0.000000
0.000000
27.704519
0.000000
68.016953
0.000000
0.000000
0.000000
0.000000
0.000000
98.424797
0.000000
0.000000
0.000000
45.796478
9.051209
0.000000
0.000000
0.000000
0.000000
0.000000
0.000000
0.000000
0.000000
0.000000
0.000000
13.664346
0.000000
0.000000
0.000000
0.000000
94.519852
0.000000
0.000000
0.000000
36.737595
0.000000
22.825447
0.000000
0.000000
0.000000
38.652851
117.079849
0.000000
0.000000
0.000000
0.000000
0.000000
0.000000
40.333893
0.000000
0.000000
0.000000
0.000000
41.303291
0.000000
0.000000
0.000000
76.793480
0.000000
0.000000
43.034664
0.000000
21.373142
0.000000
0.000000
66.847580
0.000000
78.486984
0.000000
0.000000
0.000000
0.000000
0.000000
98.193054
0.000000
0.000000
0.000000
44.771511
19.909079
0.000000
0.000000
0.000000
0.000000
0.000000
0.000000
0.000000
0.000000
0.000000
0.000000
46.993057
0.000000
0.000000
0.000000
0.132623
66.628738
0.000000
0.000000
0.000000
0.000000
0.000000
11.206038
0.000000
0.000000
0.000000
12.402390
73.796638
0.000000
0.000000
0.000000
0.000000
0.000000
0.000000
0.000000
0.000000
0.000000
0.000000
0.000000
83.201469
0.000000
0.000000
3.331634
111.915100
0.000000
39.780731
45.167027
0.000000
0.000000
0.000000
0.000000
76.329834
0.000000
38.467941
0.000000
0.000000
0.000000
0.000000
0.000000
124.088463
0.000000
0.000000
0.000000
42.899544
45.991661
0.000000
0.000000
0.000000
0.000000
0.000000
0.000000
0.000000
0.000000
0.000000
0.000000
41.470642
0.000000
0.000000
0.000000
12.330923
57.037830
0.000000
0.000000
0.000000
0.000000
0.000000
0.000000
0.000000
0.000000
27.579493
0.000000
55.032005
0.000000
0.000000
27.536587
0.000000
0.000000
0.000000
0.000000
0.000000
0.000000
0.000000
0.000000
59.949677
0.000000
0.000000
20.311384
91.269958
0.000000
80.072426
37.145454
0.000000
0.000000
0.000000
0.000000
69.501167
0.000000
0.000000
0.000000
0.000000
0.000000
0.000000
0.000000
157.416718
0.000000
0.000000
0.000000
7.560153
70.317986
32.166550
0.000000
0.000000
0.000000
0.000000
0.000000
0.000000
0.000000
0.000000
0.000000
35.279312
0.000000
0.000000
0.000000
27.488018
52.935585
0.000000
0.000000
0.000000
0.000000
0.000000
0.000000
0.000000
0.000000
62.270466
0.000000
85.709389
0.000000
2.702769
55.309563
0.000000
0.000000
0.000000
0.000000
0.000000
0.000000
0.000000
0.000000
0.000000
0.000000
0.000000
3.324590
55.905956
17.948452
17.399437
0.000000
0.000000
0.000000
0.000000
0.000000
79.606201
0.000000
0.000000
0.000000
0.000000
0.000000
0.000000
0.000000
103.825340
0.000000
0.000000
0.000000
0.000000
61.902210
51.284317
0.000000
0.000000
0.000000
0.000000
0.000000
25.019423
0.000000
0.000000
0.000000
30.228003
0.000000
0.000000
0.000000
0.000000
107.881226
0.000000
0.000000
0.000000
53.154770
0.000000
0.000000
0.000000
64.398125
77.862099
0.000000
77.486786
0.000000
0.000000
0.246283
0.000000
0.000000
0.000000
0.000000
0.000000
0.000000
0.000000
71.028175
35.201714
0.000000
0.000000
72.756256
204.424866
45.459927
0.000000
0.000000
0.000000
0.000000
0.000000
0.000000
60.115856
0.000000
0.000000
0.000000
0.000000
0.000000
0.000000
0.000000
114.264488
0.000000
0.000000
0.000000
73.648216
57.754585
34.551243
163.286041
0.000000
0.000000
0.000000
0.000000
0.000000
0.000000
0.000000
0.000000
0.000000
0.000000
0.000000
0.000000
0.000000
167.091187
0.000000
0.000000
0.000000
32.299282
0.000000
0.000000
0.000000
0.000000
0.000000
55.948135
14.274945
0.000000
34.509079
184.830872
0.000000
0.000000
0.000000
0.000000
0.000000
0.000000
0.000000
0.000000
0.000000
0.000000
0.000000
15.518380
190.104187
9.957027
9.116389
15.619033
0.000000
0.000000
0.000000
0.000000
61.597649
0.000000
0.000000
0.000000
0.000000
0.000000
0.000000
0.000000
127.301331
0.000000
0.000000
0.000000
0.000000
28.349691
66.855362
13.271806
0.000000
0.000000
0.000000
0.000000
70.046173
0.000000
0.000000
0.000000
0.000000
0.000000
0.000000
0.000000
0.000000
75.635269
0.000000
0.000000
0.000000
92.803017
0.000000
60.747005
0.000000
116.502090
0.000000
25.834936
91.811020
0.000000
0.000000
164.157074
0.000000
0.000000
0.000000
0.000000
0.000000
0.000000
0.000000
299.056671
0.000000
0.000000
0.000000
61.042965
163.951080
48.710503
0.000000
0.000000
0.000000
0.000000
0.000000
0.000000
36.518719
0.000000
0.000000
0.000000
0.000000
0.000000
0.000000
0.000000
67.337997
0.000000
0.000000
0.000000
0.000000
8.698615
88.458366
62.250397
0.000000
0.000000
0.000000
0.000000
14.428535
0.000000
0.000000
0.000000
9.612365
0.000000
0.000000
0.000000
0.000000
203.571854
0.000000
31.229565
61.274578
33.672863
0.000000
69.417198
0.000000
131.696518
0.000000
63.492382
102.253876
0.000000
84.402702
0.000000
0.000000
0.000000
0.000000
0.000000
0.000000
0.000000
0.000000
223.606308
0.000000
0.000000
0.000000
0.000000
84.363800
0.000000
0.000000
0.000000
0.000000
0.000000
0.000000
0.000000
0.000000
0.000000
52.455242
0.000000
0.000000
0.000000
0.000000
0.000000
12.043355
0.000000
0.000000
0.000000
19.291311
116.967850
0.000000
214.496216
0.000000
0.000000
0.000000
0.000000
0.000000
0.000000
0.000000
0.000000
15.505898
0.000000
0.000000
0.000000
0.000000
207.863022
0.000000
0.000000
0.000000
67.358597
0.000000
48.616642
0.000000
52.329788
14.453897
34.406082
128.281372
0.000000
0.000000
0.000000
0.000000
0.000000
0.000000
0.000000
0.000000
0.000000
0.000000
0.000000
0.000000
0.000000
0.000000
0.000000
16.766279
0.000000
0.000000
0.000000
0.000000
0.000000
0.000000
0.000000
29.692482
0.000000
0.000000
0.000000
0.000000
0.000000
0.000000
0.000000
80.975639
0.000000
0.000000
0.000000
80.975021
49.365170
22.420048
0.000000
0.000000
0.000000
0.000000
2.954697
8.814575
0.000000
0.000000
0.000000
16.275705
0.000000
0.000000
0.000000
0.000000
133.547318
0.000000
0.000000
0.000000
61.412228
0.000000
56.669369
0.000000
46.621857
0.000000
35.234028
111.387550
0.000000
0.000000
0.000000
0.000000
0.000000
0.000000
6.415864
0.000000
0.000000
0.000000
0.000000
0.000000
0.000000
0.000000
0.000000
63.215675
0.000000
0.000000
13.358354
0.000000
0.000000
0.000000
0.000000
24.337830
0.000000
48.517277
0.000000
0.000000
0.000000
0.000000
0.000000
84.126617
0.000000
0.000000
0.000000
58.771004
27.040205
0.000000
0.000000
0.000000
0.000000
0.000000
0.000000
0.000000
0.000000
0.000000
0.000000
7.139768
0.000000
0.000000
0.000000
2.109737
92.950050
0.000000
0.000000
0.000000
43.022900
0.000000
38.297455
0.000000
0.000000
0.000000
38.475815
124.430344
0.000000
0.000000
0.000000
0.000000
0.000000
0.000000
43.005318
0.000000
0.000000
0.000000
0.000000
25.652721
0.000000
0.000000
0.000000
72.702461
0.000000
0.000000
42.769444
0.000000
8.006703
0.000000
0.000000
53.992245
0.000000
70.706940
0.000000
0.000000
0.000000
0.000000
0.000000
93.283958
0.000000
0.000000
0.000000
44.978817
17.735125
0.000000
0.000000
0.000000
0.000000
0.000000
0.000000
0.000000
0.000000
0.000000
0.000000
39.537247
0.000000
0.000000
0.000000
0.000000
55.495907
0.000000
0.000000
0.000000
0.000000
0.000000
11.415579
0.000000
0.000000
0.000000
11.512775
71.595230
0.000000
0.000000
0.000000
0.000000
0.000000
0.000000
0.000000
0.000000
0.000000
0.000000
0.000000
85.599388
0.000000
0.000000
3.494634
112.163170
0.000000
39.603546
47.297131
0.000000
0.000000
0.000000
0.000000
70.526505
0.000000
30.768412
0.000000
0.000000
0.000000
0.000000
0.000000
119.873543
0.000000
0.000000
0.000000
47.416798
45.449020
0.000000
0.000000
0.000000
0.000000
0.000000
0.000000
0.000000
0.000000
0.000000
0.000000
40.795135
0.000000
0.000000
0.000000
8.243265
55.454422
0.000000
0.000000
0.000000
0.000000
0.000000
0.000000
0.000000
0.000000
21.250834
0.000000
51.040890
0.000000
0.000000
28.074955
0.000000
0.000000
0.000000
0.000000
0.000000
0.000000
0.000000
0.000000
70.622330
0.000000
0.000000
20.970835
83.466049
0.000000
75.681480
33.559658
0.000000
0.000000
0.000000
0.000000
69.966507
0.000000
0.000000
0.000000
0.000000
0.000000
0.000000
0.000000
152.180832
0.000000
0.000000
0.000000
14.258050
70.575394
36.355415
0.000000
0.000000
0.000000
0.000000
0.000000
0.000000
0.000000
0.000000
0.000000
36.914871
0.000000
0.000000
0.000000
17.217196
60.949421
0.000000
0.000000
0.000000
0.000000
0.000000
0.000000
0.000000
0.000000
65.709122
0.000000
81.456421
0.000000
0.808367
60.939308
0.000000
0.000000
0.000000
0.000000
0.000000
0.000000
0.000000
0.000000
0.000000
0.000000
0.000000
0.000000
42.425491
24.676378
11.103158
0.000000
0.000000
0.000000
0.000000
0.000000
73.465134
0.000000
0.000000
0.000000
0.000000
0.000000
0.000000
0.000000
107.141739
0.000000
0.000000
0.000000
0.000000
80.560638
52.274742
0.000000
0.000000
0.000000
0.000000
0.111128
23.364967
0.000000
0.000000
0.000000
43.521286
0.000000
0.000000
0.000000
0.893204
119.271332
0.000000
0.000000
0.000000
55.772099
0.000000
0.000000
0.000000
57.451572
63.644196
0.000000
79.449127
0.000000
0.000000
9.457455
0.000000
0.000000
0.000000
0.000000
0.000000
0.000000
0.000000
70.393265
38.164276
0.000000
0.000000
64.925934
201.225174
44.738918
4.447546
0.000000
0.000000
0.000000
0.000000
0.000000
71.302155
0.000000
0.000000
0.000000
0.000000
0.000000
0.000000
0.000000
129.841156
0.000000
0.000000
0.000000
80.220207
51.855148
17.913235
142.495789
0.000000
0.000000
0.000000
0.000000
0.000000
0.000000
0.000000
0.000000
0.000000
0.000000
0.000000
0.000000
0.000000
175.701675
0.000000
0.000000
0.000000
36.228191
0.000000
0.000000
0.000000
0.000000
0.000000
61.666958
20.082691
0.000000
30.705725
192.781784
0.000000
0.000000
0.000000
0.000000
0.000000
0.000000
0.000000
0.000000
0.000000
0.000000
0.000000
36.715618
188.504868
35.634296
23.598330
32.278126
0.000000
0.000000
0.000000
0.000000
65.458649
0.000000
0.000000
0.000000
0.000000
0.000000
0.000000
0.000000
126.863213
0.000000
0.000000
0.000000
0.000000
8.051341
62.682877
0.000000
0.000000
0.000000
0.000000
0.000000
61.316925
0.000000
0.000000
0.000000
0.000000
0.000000
0.000000
0.000000
0.000000
65.502693
0.000000
0.000000
0.000000
111.217552
0.000000
64.028656
0.000000
102.364113
0.000000
39.004704
106.336990
0.000000
0.000000
149.778702
0.000000
0.000000
0.000000
0.000000
0.000000
0.000000
0.000000
304.043976
0.000000
0.000000
0.000000
71.143425
181.459625
82.887512
0.000000
0.000000
0.000000
0.000000
0.000000
0.000000
66.362167
0.000000
0.000000
0.000000
0.000000
0.000000
0.000000
0.000000
76.130310
0.000000
0.000000
0.000000
25.877352
0.000000
84.783699
93.179047
0.000000
0.000000
0.000000
0.000000
0.512197
0.000000
0.000000
0.000000
8.161162
0.000000
0.000000
0.000000
0.000000
182.425201
0.000000
22.258381
63.603672
35.851513
0.000000
42.211952
0.000000
119.832390
0.000000
76.374077
92.534729
0.000000
95.646904
1.146393
0.000000
0.000000
0.000000
0.000000
0.000000
0.000000
0.000000
206.457413
0.000000
0.000000
0.000000
0.000000
93.688377
0.000000
0.000000
0.000000
0.000000
0.000000
0.000000
0.000000
0.000000
0.000000
50.445587
0.000000
0.000000
0.000000
0.000000
0.000000
17.960236
0.000000
0.000000
0.000000
20.764330
98.220642
0.000000
215.710098
0.000000
0.000000
0.000000
0.000000
0.000000
0.000000
0.000000
0.000000
18.960661
0.000000
0.000000
0.000000
0.000000
195.453644
0.000000
0.000000
0.000000
58.326984
0.000000
36.893894
0.000000
50.519505
12.264585
44.242718
147.992950
0.000000
0.000000
8.336896
0.000000
0.000000
0.000000
0.000000
0.000000
0.000000
0.000000
5.585352
0.000000
0.000000
0.000000
0.000000
26.720064
7.729001
0.000000
6.654068
0.000000
0.000000
0.000000
0.000000
51.433750
0.000000
0.000000
0.000000
0.000000
0.000000
0.000000
0.000000
88.703979
0.000000
0.000000
0.000000
95.372826
38.413746
32.865681
0.000000
0.000000
0.000000
0.000000
8.574858
1.691242
0.000000
0.000000
0.000000
13.381103
0.000000
0.000000
0.000000
0.000000
134.229233
0.000000
0.000000
0.000000
47.141037
0.000000
44.345306
0.000000
48.941517
0.000000
38.622105
100.828110
0.000000
0.000000
0.000000
0.000000
0.000000
0.000000
0.000000
0.000000
0.000000
0.000000
0.000000
0.000000
0.000000
0.000000
0.000000
63.401237
0.000000
0.000000
3.795645
0.000000
0.000000
0.000000
0.000000
22.343739
0.000000
38.660072
0.000000
0.000000
0.000000
0.000000
0.000000
69.177429
0.000000
0.000000
0.000000
51.658623
33.633701
0.000000
0.000000
0.000000
0.000000
0.000000
0.000000
0.000000
0.000000
0.000000
0.000000
10.480487
0.000000
0.000000
0.000000
0.000000
97.843056
0.000000
0.000000
0.000000
36.623192
0.000000
47.589535
0.000000
0.000000
0.000000
38.183296
131.601730
0.000000
0.000000
0.000000
0.000000
0.000000
0.000000
45.347385
0.000000
0.000000
0.000000
0.000000
13.508512
0.000000
0.000000
0.000000
73.295380
0.000000
0.000000
37.586964
0.000000
3.264157
0.000000
0.000000
51.607471
0.000000
57.255524
0.000000
0.000000
0.000000
0.000000
0.000000
90.503723
0.000000
0.000000
0.000000
40.036083
6.173154
0.000000
0.000000
0.000000
0.000000
0.000000
0.000000
0.000000
0.000000
0.000000
0.000000
27.451262
0.000000
0.000000
0.000000
0.000000
47.411949
0.000000
0.000000
0.000000
0.000000
