0.003787
0.008149
0.005488
0.005799
0.003275
0.001714
0.006264
0.005867
0.003391
0.006240
0.010412
0.003331
0.009769
0.001770
0.003016
0.002787
0.001521
0.003352
0.008827
0.004858
0.004704
0.006854
0.003164
0.001655
0.006909
0.004900
0.005183
0.004829
0.004098
0.006701
0.006425
0.005221
0.002203
0.002443
0.002613
0.002119
0.005890
0.002552
0.008110
0.004539
0.002741
0.004967
0.001824
0.005219
0.003751
0.006616
0.003253
0.004484
0.004648
0.006276
0.004949
0.006320
0.002565
0.002877
0.004372
0.003021
0.004817
0.002780
0.009445
0.006906
0.004260
0.007091
0.004311
0.007318
0.003566
0.008629
0.004260
0.002716
0.002253
0.003343
0.004052
0.007340
0.008398
0.004160
0.006342
0.006705
0.002268
0.006825
0.003301
0.004781
0.004184
0.007889
0.007193
0.008235
0.006622
0.007769
0.004709
0.002519
0.005505
0.005819
0.002069
0.004489
0.005434
0.008029
0.003908
0.004397
0.007313
0.004701
0.005554
0.003564
0.003162
0.004285
0.005275
0.007175
0.006991
0.004367
0.006107
0.003814
0.002355
0.013296
0.006970
0.007857
0.005991
0.003649
0.003195
0.005190
0.002095
0.001478
0.007185
0.005935
0.004250
0.003475
0.007457
0.004659
0.011304
0.005709
0.004975
0.007222
0.004498
0.011254
0.010929
0.003607
0.004213
0.007651
0.006105
0.004703
0.007105
0.004949
0.005381
0.004082
0.006610
0.003589
0.006435
0.004781
0.003973
0.007499
0.004018
0.002222
0.004334
0.001826
0.006545
0.004490
0.001407
0.007753
0.005024
0.004098
0.006002
0.001881
0.003100
0.002115
0.002192
0.004689
0.007116
0.002011
0.002643
0.002295
0.002719
0.002904
0.008797
0.006887
0.002990
0.007550
0.007249
0.007332
0.003278
0.002709
0.007163
0.003718
0.005035
0.004434
0.004057
0.005388
0.004847
0.003877
0.002989
0.003842
0.003108
0.008407
0.003106
0.007540
0.008857
0.006163
0.003490
0.003886
0.005117
0.002778
0.002644
0.007158
0.004036
0.003017
