0.000000
0.000000
0.000000
0.000000
0.000000
0.000000
54.732574
0.000000
0.000000
0.000000
0.000000
0.000000
0.000000
0.000000
0.000000
0.000000
0.000000
46.639236
0.000000
0.000000
47.482876
0.000000
106.142990
0.000000
0.000000
0.000000
0.000000
0.000000
0.000000
0.000000
160.728500
0.000000
0.000000
0.000000
0.000000
0.000000
0.000000
0.000000
0.000000
0.000000
0.000000
0.000000
0.000000
75.396309
0.000000
0.000000
0.000000
0.000000
0.000000
0.000000
0.000000
40.995766
56.486549
0.000000
0.000000
0.000000
0.000000
0.000000
0.000000
0.000000
22.572231
217.447235
0.000000
0.000000
0.000000
18.753094
0.000000
0.000000
0.000000
0.000000
0.000000
0.000000
0.000000
0.000000
0.000000
0.000000
0.000000
0.000000
0.000000
0.000000
0.000000
0.000000
0.000000
0.000000
31.120211
0.000000
0.000000
40.089222
0.000000
0.000000
97.965591
5.149131
0.000000
0.000000
0.000000
0.000000
0.000000
0.000000
0.000000
0.000000
42.795464
0.000000
33.216225
0.000000
0.642750
0.000000
0.000000
0.000000
12.189263
0.000000
0.000000
0.000000
0.000000
0.000000
120.310043
0.000000
0.000000
0.000000
0.000000
7.687310
82.044464
0.000000
49.251354
0.000000
0.000000
0.000000
0.000000
0.000000
0.000000
0.000000
0.000000
0.000000
0.000000
0.000000
64.619713
37.278202
0.000000
0.000000
0.000000
0.000000
0.000000
0.000000
0.000000
0.000000
0.000000
70.281166
35.387257
0.000000
130.868515
0.000000
50.665981
0.000000
4.733512
0.000000
0.000000
0.000000
0.000000
22.768209
140.511505
0.000000
0.000000
43.611446
0.000000
0.000000
0.000000
0.000000
0.000000
0.000000
0.000000
0.000000
0.000000
52.944046
0.000000
0.000000
0.000000
15.443469
0.000000
0.000000
28.797300
106.682716
86.902267
0.000000
0.000000
0.000000
0.000000
0.000000
0.000000
0.000000
0.000000
192.703308
0.000000
0.000000
0.000000
87.478935
0.000000
0.000000
0.000000
0.000000
0.000000
0.000000
0.000000
0.000000
0.000000
0.000000
0.000000
6.501585
0.000000
0.000000
0.000000
0.000000
0.000000
9.795478
158.261429
0.000000
0.000000
46.782444
0.000000
0.000000
38.401821
98.570366
0.000000
0.000000
0.000000
0.000000
0.000000
0.000000
0.000000
0.000000
0.000000
0.000000
0.000000
0.000000
27.704708
0.000000
0.000000
0.000000
8.496057
0.000000
0.000000
0.000000
0.000000
0.000000
179.528992
0.000000
0.000000
0.000000
0.000000
44.913761
0.000000
0.000000
116.345490
0.000000
0.000000
0.000000
0.000000
0.000000
0.000000
0.000000
0.000000
0.000000
0.000000
0.000000
100.988220
0.000000
0.000000
0.000000
0.000000
0.000000
0.000000
0.000000
0.000000
0.000000
0.000000
61.778912
41.544720
0.000000
137.788803
0.000000
28.340351
0.000000
24.711895
0.000000
0.000000
0.000000
0.000000
37.311352
94.763474
0.000000
0.000000
48.268475
0.000000
0.000000
0.000000
0.000000
32.455891
0.000000
0.000000
0.000000
0.000000
10.225985
0.000000
0.000000
0.000000
0.000000
0.000000
0.000000
0.000000
96.073334
75.944832
0.000000
0.000000
0.000000
1.231374
0.000000
0.000000
10.379236
0.000000
224.425583
0.000000
0.000000
0.000000
99.697327
0.000000
0.000000
0.000000
0.000000
0.000000
0.000000
0.000000
0.000000
0.000000
0.000000
0.000000
0.000000
0.000000
0.000000
0.000000
0.000000
0.000000
0.000000
161.973465
0.000000
0.000000
3.005262
0.000000
0.000000
38.582813
132.692261
0.000000
0.000000
0.000000
0.000000
0.000000
0.000000
60.184700
0.000000
0.000000
0.000000
84.947189
0.000000
78.713058
0.000000
0.000000
0.000000
0.000000
0.000000
0.000000
0.000000
0.000000
0.000000
79.377441
0.000000
0.000000
0.000000
0.000000
19.203938
0.000000
0.000000
109.590004
0.000000
0.000000
0.000000
0.000000
9.294242
0.000000
0.000000
0.000000
0.000000
0.000000
0.000000
60.950375
0.000000
0.000000
0.000000
0.000000
0.000000
0.000000
0.000000
0.000000
0.000000
53.506916
56.285324
15.606879
0.000000
96.430511
0.000000
75.151237
0.000000
81.844757
0.000000
0.000000
0.000000
0.000000
26.102661
154.111465
0.000000
0.000000
67.778275
0.000000
0.000000
0.000000
0.000000
0.000000
0.000000
0.000000
0.000000
0.000000
52.025269
0.000000
0.000000
0.000000
0.000000
0.000000
0.000000
102.679253
249.451889
106.989754
0.000000
0.000000
0.000000
45.837044
0.000000
0.000000
0.000000
0.000000
194.002640
0.000000
0.000000
0.000000
14.812833
0.000000
0.000000
0.000000
0.000000
0.000000
0.000000
0.000000
0.000000
0.000000
0.000000
0.000000
67.667236
0.000000
0.000000
0.000000
0.000000
0.000000
0.000000
67.628967
15.191810
0.000000
81.828354
0.000000
0.000000
61.685204
64.458099
0.000000
0.000000
0.000000
0.000000
0.000000
0.000000
0.000000
0.000000
0.000000
0.000000
21.861629
0.000000
29.995270
0.000000
0.000000
0.000000
0.000000
0.000000
0.000000
0.000000
0.000000
0.000000
103.816284
0.000000
0.000000
0.000000
0.000000
0.000000
0.000000
0.000000
0.000000
0.000000
0.000000
0.000000
20.145905
102.461525
0.000000
0.000000
0.000000
0.000000
0.000000
0.000000
59.505699
0.000000
0.000000
0.000000
0.000000
0.000000
0.000000
0.000000
0.000000
0.000000
0.000000
34.452301
0.000000
0.000000
68.557083
0.000000
132.174820
0.000000
0.000000
0.000000
0.000000
0.000000
0.000000
0.000000
200.104233
0.000000
0.000000
74.929596
0.000000
0.000000
0.000000
0.000000
0.000000
0.000000
0.000000
0.000000
0.000000
114.083656
0.000000
0.000000
0.000000
0.000000
0.000000
0.000000
0.000000
12.730820
55.101997
0.000000
0.000000
0.000000
0.000000
0.000000
0.000000
0.000000
60.813946
233.534332
0.000000
0.000000
0.000000
22.299053
0.000000
0.000000
0.000000
0.000000
0.000000
0.000000
0.000000
0.000000
0.000000
0.000000
0.000000
0.000000
0.000000
0.000000
0.000000
0.000000
0.000000
0.000000
27.125233
0.000000
6.998339
62.718140
0.000000
2.114942
168.216858
0.000000
0.000000
0.000000
0.000000
0.000000
0.000000
0.000000
0.000000
0.000000
0.000000
0.000000
34.433079
0.000000
0.000000
0.000000
0.000000
0.000000
19.691645
0.000000
0.000000
0.000000
0.000000
0.000000
135.008636
0.000000
0.000000
0.000000
0.000000
0.000000
84.278992
0.000000
46.437054
0.000000
0.000000
0.000000
0.000000
0.000000
0.000000
0.000000
0.000000
0.000000
0.000000
20.457605
61.462040
86.206848
0.000000
0.000000
0.000000
0.000000
0.000000
0.000000
0.000000
0.000000
0.000000
80.844894
29.624624
0.000000
214.954514
0.000000
15.270479
0.000000
0.000000
0.000000
0.000000
0.000000
0.000000
0.000000
186.385361
0.000000
0.000000
51.004604
0.000000
0.000000
0.000000
0.000000
0.000000
0.000000
0.000000
0.000000
0.000000
126.170929
0.000000
44.797977
0.000000
0.000000
0.000000
0.000000
0.000000
145.438782
69.644287
0.000000
0.000000
0.000000
0.000000
0.000000
0.000000
0.000000
9.479260
187.579071
0.000000
0.000000
0.000000
5.111683
0.000000
0.000000
0.000000
0.000000
0.000000
0.000000
0.000000
0.000000
0.000000
0.000000
0.000000
0.000000
0.000000
0.000000
0.000000
0.000000
0.000000
0.000000
107.684319
0.000000
0.000000
55.138630
0.000000
30.786251
119.974075
26.915144
0.000000
0.000000
0.000000
0.000000
0.000000
0.000000
0.000000
0.000000
0.000000
0.000000
11.972692
36.060120
38.636120
0.000000
0.000000
0.000000
40.594460
0.000000
0.000000
0.000000
0.000000
0.000000
269.686920
3.689658
0.000000
0.000000
0.000000
0.000000
0.000000
0.000000
0.000000
0.000000
0.000000
0.000000
0.000000
0.000000
0.000000
0.000000
0.000000
0.000000
0.000000
4.213240
53.267044
0.000000
0.000000
0.000000
0.000000
0.000000
0.000000
0.000000
0.000000
0.000000
14.130895
94.380722
55.652332
0.000000
221.635864
0.000000
0.000000
0.000000
0.000000
0.000000
0.000000
0.000000
0.000000
17.169064
211.934845
0.000000
0.000000
90.124313
0.000000
0.000000
0.000000
0.000000
0.000000
0.000000
0.000000
0.000000
0.000000
63.435478
0.000000
0.000000
0.000000
8.767612
0.000000
0.000000
0.000000
69.161888
94.689255
0.000000
0.000000
0.000000
0.000000
0.000000
0.000000
0.000000
0.000000
220.494522
0.000000
0.000000
0.000000
64.327835
0.000000
0.000000
0.000000
0.000000
0.000000
0.000000
0.000000
0.000000
0.000000
0.000000
0.000000
61.764233
0.000000
0.000000
0.000000
0.000000
0.000000
0.000000
129.202454
8.359729
16.679613
17.496679
0.000000
0.000000
112.319557
0.000000
0.000000
0.000000
0.000000
0.000000
0.000000
0.000000
0.000000
0.000000
0.000000
0.000000
66.830803
66.105194
74.528610
0.000000
0.000000
0.000000
0.000000
0.000000
0.000000
0.000000
0.000000
0.000000
164.145813
0.000000
0.000000
0.000000
0.000000
0.000000
0.000000
0.000000
2.021631
0.000000
0.000000
0.000000
0.000000
1.982532
0.000000
0.000000
0.000000
0.000000
0.000000
8.847654
50.304688
0.000000
0.000000
0.000000
0.000000
0.000000
0.000000
0.000000
0.000000
0.000000
167.099670
33.500328
25.941595
0.000000
134.675293
0.000000
70.267624
0.000000
119.465508
0.000000
0.000000
0.000000
0.000000
16.151108
197.027100
0.000000
0.000000
126.267632
0.000000
0.000000
0.000000
0.000000
0.000000
0.000000
0.000000
0.000000
0.000000
84.304825
0.000000
0.000000
0.000000
0.793141
0.000000
0.000000
77.521126
245.171936
132.889236
0.000000
0.000000
0.000000
0.000000
0.000000
0.000000
0.000000
0.000000
197.023132
0.000000
0.000000
0.000000
0.000000
0.000000
0.000000
0.000000
0.000000
0.000000
0.000000
0.000000
0.000000
0.000000
0.000000
0.000000
103.693352
0.000000
0.000000
0.000000
0.000000
0.000000
0.000000
30.313576
29.332474
0.000000
101.742767
0.000000
0.000000
135.067749
0.000000
0.000000
0.000000
0.000000
0.000000
0.000000
0.000000
0.000000
0.000000
0.000000
0.000000
13.509219
63.842854
58.591602
0.000000
0.000000
0.000000
0.000000
0.000000
0.000000
0.000000
0.000000
0.000000
150.656494
0.000000
0.000000
0.000000
0.000000
0.000000
0.000000
0.000000
6.092659
0.000000
0.000000
0.000000
0.000000
140.364944
0.000000
0.000000
0.000000
0.000000
0.000000
0.000000
0.000000
0.000000
0.000000
0.000000
0.000000
39.355667
0.000000
0.000000
0.000000
0.000000
0.000000
6.683943
0.000000
0.000000
61.570187
0.000000
97.777260
0.000000
0.000000
0.000000
0.000000
0.000000
0.000000
0.000000
142.884674
0.000000
0.000000
107.743309
0.000000
0.000000
0.000000
0.000000
0.000000
0.000000
0.000000
0.000000
0.000000
112.735649
0.000000
0.000000
0.000000
0.000000
0.000000
0.000000
0.000000
0.000000
74.680847
0.000000
0.000000
0.000000
0.000000
0.000000
0.000000
0.000000
90.264679
211.525238
0.000000
0.000000
0.000000
0.000000
0.000000
0.000000
0.000000
0.000000
0.000000
0.000000
0.000000
0.000000
0.000000
0.000000
0.000000
0.000000
0.000000
0.000000
0.000000
0.000000
0.000000
0.000000
22.891344
0.000000
0.000000
19.093298
0.000000
0.000000
92.899200
0.000000
0.000000
0.000000
0.000000
0.000000
0.000000
0.000000
0.000000
0.000000
0.000000
0.000000
66.938499
0.000000
0.000000
0.000000
0.000000
0.000000
0.000000
0.000000
0.000000
0.000000
0.000000
0.000000
114.157318
0.000000
0.000000
0.000000
0.000000
0.000000
100.870453
0.000000
59.833614
0.000000
0.000000
0.000000
0.000000
0.000000
0.000000
0.000000
0.000000
0.000000
0.000000
0.000000
0.000000
23.987040
0.000000
0.000000
0.000000
56.253914
0.000000
0.000000
0.000000
0.000000
0.000000
29.546728
0.000000
0.000000
249.330109
0.000000
0.000000
0.000000
0.000000
0.000000
0.000000
0.000000
0.000000
0.000000
155.584946
0.000000
0.000000
16.336992
0.000000
0.000000
0.000000
0.000000
0.000000
0.000000
0.000000
0.000000
0.000000
213.590118
0.000000
34.149166
0.000000
0.000000
0.000000
0.000000
0.000000
110.777763
37.973801
0.000000
0.000000
0.000000
0.000000
0.000000
0.000000
0.000000
0.000000
156.399734
0.000000
0.000000
0.000000
0.000000
0.000000
0.000000
0.000000
0.000000
0.000000
0.000000
0.000000
0.000000
0.000000
0.000000
0.000000
0.000000
0.000000
0.000000
0.000000
0.000000
0.000000
0.000000
0.000000
0.000000
0.000000
0.000000
0.000000
0.000000
119.124725
70.078217
0.000000
0.000000
0.000000
0.000000
0.000000
0.000000
0.000000
0.000000
0.000000
0.000000
18.715115
94.810989
0.000000
0.000000
0.000000
0.000000
0.000000
0.000000
0.000000
28.859520
0.000000
0.000000
243.509109
0.000000
0.000000
0.000000
0.000000
0.000000
0.000000
0.000000
0.000000
0.000000
0.000000
0.000000
0.000000
0.000000
0.000000
0.000000
0.000000
0.000000
0.000000
77.199585
0.000000
0.000000
0.000000
0.000000
0.000000
0.000000
0.000000
0.000000
0.000000
0.000000
90.790443
0.000000
17.607576
0.000000
276.325836
0.000000
0.000000
0.000000
0.000000
0.000000
0.000000
0.000000
0.000000
0.000000
219.375320
0.000000
0.000000
40.734371
0.000000
0.000000
0.000000
0.000000
0.000000
0.000000
0.000000
0.000000
0.000000
144.496582
0.000000
0.000000
0.000000
29.444193
0.000000
0.000000
0.000000
31.143101
220.987656
0.000000
0.000000
0.000000
0.000000
0.000000
0.000000
0.000000
0.000000
130.448883
0.000000
0.000000
0.000000
0.000000
0.000000
0.000000
0.000000
0.000000
0.000000
0.000000
0.000000
0.000000
0.000000
0.000000
0.000000
0.000000
0.000000
0.000000
0.000000
0.000000
0.000000
0.000000
0.000000
42.878483
65.167297
44.104626
0.000000
0.000000
83.163651
0.000000
0.000000
0.000000
0.000000
0.000000
0.000000
0.000000
0.000000
0.000000
26.078943
0.000000
0.000000
0.000000
115.436150
0.000000
0.000000
0.000000
0.000000
0.000000
0.000000
0.000000
0.000000
0.000000
95.701477
0.000000
0.000000
0.000000
0.000000
130.766113
0.000000
0.000000
83.396599
0.000000
0.000000
0.000000
0.000000
119.776527
0.000000
0.000000
0.000000
0.000000
0.000000
2.995299
0.000000
0.000000
0.000000
0.000000
0.000000
0.000000
0.000000
0.000000
0.000000
0.000000
109.214783
0.000000
19.330317
0.000000
184.840561
0.000000
105.789612
0.000000
125.014427
0.000000
0.000000
0.000000
0.000000
0.815598
183.237122
0.000000
0.000000
109.532448
0.000000
0.000000
0.000000
0.000000
0.000000
0.000000
0.000000
0.000000
0.000000
5.166170
0.000000
0.000000
0.000000
133.932632
0.000000
0.000000
84.950386
191.573120
135.079742
0.000000
0.000000
0.000000
0.000000
0.000000
0.000000
0.000000
3.410638
104.524963
0.000000
0.000000
0.000000
0.000000
0.000000
0.000000
0.000000
0.000000
0.000000
0.000000
0.000000
0.000000
0.000000
0.000000
0.000000
52.447247
0.000000
0.000000
0.000000
0.000000
0.000000
0.000000
0.000000
48.196758
1.887819
146.725693
40.001221
0.000000
60.831993
0.000000
0.000000
0.000000
0.000000
0.000000
0.000000
0.000000
0.000000
0.000000
0.000000
0.000000
0.000000
3.407529
144.110916
0.000000
0.000000
0.000000
0.000000
0.000000
0.000000
51.963242
0.000000
0.000000
93.779785
0.000000
0.000000
0.000000
0.000000
0.000000
0.000000
0.000000
6.128376
0.000000
0.000000
0.000000
0.000000
205.490463
0.000000
0.000000
0.000000
0.000000
0.000000
0.000000
0.000000
0.000000
0.000000
0.000000
0.000000
38.458988
0.000000
0.000000
0.000000
0.000000
43.605541
0.000000
0.000000
0.000000
59.230473
0.000000
92.471497
0.000000
0.000000
0.000000
0.000000
0.000000
0.000000
0.000000
171.558655
0.000000
0.000000
58.705067
0.000000
0.000000
0.000000
0.000000
0.000000
0.000000
0.000000
0.000000
0.000000
143.978271
0.000000
0.000000
0.000000
0.000000
0.000000
0.000000
0.000000
6.463388
98.378143
0.000000
0.000000
0.000000
44.567207
0.000000
0.000000
0.000000
112.783859
208.303009
0.000000
0.000000
0.000000
0.000000
0.000000
0.000000
0.000000
0.000000
0.000000
0.000000
0.000000
0.000000
0.000000
0.000000
0.000000
0.000000
0.000000
0.000000
0.000000
0.000000
0.000000
0.000000
41.413132
0.000000
0.000000
48.240200
0.000000
0.000000
115.057144
0.000000
0.000000
0.000000
0.000000
0.000000
0.000000
0.000000
0.000000
0.000000
0.000000
0.000000
94.248894
0.000000
21.884571
0.000000
0.000000
0.000000
0.000000
0.000000
0.000000
0.000000
0.000000
0.000000
105.002037
0.000000
0.000000
0.000000
0.000000
41.327526
68.907959
0.000000
76.526894
0.000000
0.000000
0.000000
0.000000
0.000000
0.000000
0.000000
0.000000
0.000000
0.000000
0.000000
0.000000
0.000000
0.000000
0.000000
0.000000
11.901306
0.000000
0.000000
0.000000
0.000000
0.000000
0.000000
0.000000
0.000000
297.308105
0.000000
0.000000
0.000000
0.000000
0.000000
0.000000
0.000000
0.000000
0.000000
153.925903
0.000000
0.000000
68.912674
0.000000
0.000000
0.000000
0.000000
0.000000
0.000000
0.000000
0.000000
0.000000
255.077698
0.000000
0.000000
0.000000
0.000000
0.000000
0.000000
23.002613
193.566956
0.000000
0.000000
0.000000
0.000000
0.000000
0.000000
0.000000
0.000000
0.000000
169.284363
0.000000
0.000000
0.000000
0.000000
0.000000
0.000000
0.000000
0.000000
0.000000
0.000000
0.000000
0.000000
0.000000
0.000000
0.000000
0.000000
0.000000
0.000000
0.000000
0.000000
0.000000
0.000000
17.411476
0.000000
0.000000
0.000000
40.049427
0.000000
108.300468
0.000000
0.000000
0.000000
0.000000
0.000000
7.250976
0.000000
0.000000
0.000000
0.000000
0.000000
34.910114
93.461304
7.181474
0.000000
0.000000
0.000000
0.000000
0.000000
0.000000
43.093716
0.000000
0.000000
188.126480
0.000000
0.000000
0.000000
0.000000
0.000000
0.000000
0.000000
0.000000
0.000000
0.000000
0.000000
0.000000
0.000000
0.000000
0.000000
0.000000
0.000000
0.000000
53.128555
0.000000
0.000000
0.000000
0.000000
0.000000
0.000000
0.000000
0.000000
0.000000
0.000000
110.296898
0.000000
28.169130
0.000000
293.291077
0.000000
26.846498
0.000000
0.000000
0.000000
0.000000
0.000000
0.000000
0.000000
189.961380
0.000000
0.000000
6.263348
0.000000
0.000000
0.000000
0.000000
0.000000
0.000000
0.000000
0.000000
0.000000
199.074844
0.000000
24.390640
0.000000
0.000000
0.000000
0.000000
0.000000
0.000000
235.492416
0.000000
0.000000
0.000000
0.000000
0.000000
0.000000
0.000000
0.000000
163.765259
0.000000
0.000000
0.000000
0.000000
0.000000
0.000000
0.000000
0.000000
0.000000
6.583719
0.000000
0.000000
0.000000
0.000000
0.000000
0.000000
0.000000
0.000000
0.000000
0.000000
0.000000
0.000000
0.000000
0.000000
121.805321
68.829132
0.000000
0.000000
103.152176
0.000000
0.000000
0.000000
0.000000
0.000000
0.000000
0.000000
0.000000
0.000000
28.834009
0.000000
0.000000
0.000000
104.667915
0.000000
0.000000
0.000000
0.000000
0.000000
0.000000
0.000000
0.000000
0.000000
34.941509
0.000000
0.000000
0.000000
0.000000
181.062561
0.000000
0.000000
76.176109
0.000000
0.000000
0.000000
0.000000
114.154121
0.000000
0.000000
0.000000
0.000000
0.000000
0.000000
0.000000
0.000000
0.000000
0.000000
0.000000
0.000000
0.000000
0.000000
0.000000
0.000000
85.192940
0.000000
0.000000
0.000000
175.513870
0.000000
157.260529
0.000000
139.988235
0.000000
0.000000
0.000000
0.000000
13.628780
154.997467
0.000000
0.000000
59.736893
0.000000
0.000000
0.000000
0.000000
0.000000
0.000000
0.000000
0.000000
0.000000
0.000000
0.000000
0.000000
0.000000
130.708176
0.000000
0.000000
95.814255
167.220749
100.249374
0.000000
0.000000
0.000000
0.000000
0.000000
0.000000
0.000000
18.505253
81.579262
0.000000
0.000000
0.000000
0.000000
0.000000
0.000000
0.000000
0.000000
0.000000
0.000000
0.000000
0.000000
0.000000
0.000000
0.000000
37.166145
0.000000
0.000000
0.000000
0.000000
0.000000
32.073631
0.000000
31.337128
20.868181
188.102158
54.370651
0.000000
44.079128
0.000000
0.000000
0.000000
0.000000
0.000000
0.000000
0.000000
0.000000
0.000000
0.000000
0.000000
0.000000
22.207796
155.441986
0.000000
0.000000
0.000000
0.000000
0.000000
0.000000
42.814934
0.000000
0.000000
62.673115
0.000000
0.000000
0.000000
0.000000
0.000000
0.000000
0.000000
0.000000
0.000000
0.000000
0.000000
0.000000
179.300018
