0.004993
0.007232
0.004910
0.006378
0.002668
0.001201
0.005033
0.007449
0.002189
0.007041
0.009259
0.004986
0.010131
0.002299
0.002383
0.002061
0.000697
0.001693
0.007714
0.002104
0.006721
0.010986
0.002352
0.000829
0.006309
0.005542
0.005329
0.004188
0.003015
0.008335
0.005049
0.005735
0.001878
0.002772
0.002194
0.003779
0.005926
0.001906
0.007742
0.004610
0.002094
0.002848
0.000964
0.006694
0.004653
0.004691
0.002137
0.005484
0.004815
0.007232
0.004137
0.004510
0.004480
0.001791
0.006225
0.002711
0.006066
0.001878
0.005388
0.006705
0.005425
0.007732
0.005225
0.005693
0.002353
0.004471
0.004978
0.002914
0.001733
0.002123
0.004990
0.006807
0.008673
0.007114
0.008204
0.006075
0.001954
0.008567
0.002642
0.002476
0.006121
0.007421
0.004756
0.006713
0.006925
0.008323
0.003857
0.002167
0.005545
0.006564
0.001968
0.005334
0.004372
0.008392
0.003059
0.005033
0.008945
0.004553
0.004204
0.003988
0.003562
0.004124
0.003350
0.007301
0.008816
0.005314
0.004930
0.002874
0.001810
0.012685
0.007322
0.008864
0.007183
0.003748
0.003263
0.003788
0.001363
0.001675
0.006988
0.008560
0.003756
0.002364
0.007014
0.004199
0.012366
0.007487
0.005193
0.007654
0.004124
0.009424
0.015799
0.001914
0.004810
0.006953
0.007745
0.003184
0.008943
0.004680
0.005211
0.006067
0.007693
0.005219
0.006998
0.002641
0.005219
0.007349
0.003296
0.002364
0.006177
0.001188
0.005239
0.003851
0.001325
0.008391
0.004928
0.004454
0.006269
0.001400
0.002715
0.002240
0.003837
0.005226
0.008083
0.002143
0.001921
0.001427
0.004179
0.001959
0.007456
0.005516
0.002558
0.007965
0.009588
0.006257
0.002302
0.002354
0.009626
0.003722
0.006892
0.006307
0.003009
0.011978
0.005194
0.002541
0.002226
0.003750
0.007085
0.009101
0.001546
0.007298
0.008773
0.004941
0.002274
0.004430
0.004411
0.002393
0.002877
0.005226
0.003103
0.001653
