0.004483
0.003201
0.002642
0.001916
0.006767
0.003118
0.006302
0.003497
0.006566
0.006743
0.006510
0.002387
0.003747
0.004316
0.002462
0.003059
0.003196
0.005883
0.006422
0.007029
0.012392
0.002041
0.005671
0.007481
0.007229
0.005309
0.013378
0.002086
0.005090
0.008332
0.009090
0.008558
0.001518
0.003876
0.003644
0.001722
0.008147
0.005083
0.004001
0.002306
0.005355
0.003206
0.004307
0.005198
0.001874
0.007631
0.007784
0.008261
0.006490
0.004609
0.007012
0.006030
0.002893
0.003638
0.010504
0.003316
0.004758
0.002832
0.006455
0.003005
0.003524
0.008021
0.003530
0.012347
0.004642
0.004037
0.004197
0.001408
0.001779
0.001890
0.008847
0.005915
0.004333
0.002295
0.002219
0.004213
0.005519
0.003047
0.004955
0.002620
0.002550
0.005800
0.006121
0.003568
0.004531
0.006484
0.006218
0.005989
0.003650
0.004632
0.003028
0.011194
0.003375
0.001489
0.005573
0.004551
0.004946
0.005402
0.011545
0.004792
0.008059
0.003356
0.002883
0.005427
0.003439
0.005690
0.006864
0.005259
0.001566
0.003738
0.008366
0.005538
0.007122
0.007309
0.003986
0.002586
0.002732
0.004092
0.005023
0.002397
0.002355
0.010146
0.005104
0.005933
0.008511
0.005162
0.009131
0.004171
0.001961
0.004874
0.003826
0.005210
0.005200
0.003184
0.005217
0.002618
0.003481
0.008906
0.002338
0.003166
0.003964
0.004962
0.003085
0.006247
0.004824
0.004130
0.006461
0.004615
0.003759
0.005414
0.002455
0.009090
0.002328
0.006304
0.005844
0.005393
0.005627
0.003270
0.001874
0.004205
0.003906
0.008267
0.007511
0.004718
0.006329
0.009958
0.002429
0.005948
0.004051
0.001676
0.004832
0.010372
0.002315
0.003703
0.003707
0.004132
0.004017
0.003868
0.006201
0.006386
0.005534
0.008246
0.003796
0.005141
0.002778
0.004238
0.004116
0.005723
0.005682
0.007702
0.007583
0.004828
0.007237
0.002442
0.003626
0.004928
0.003720
0.005190
0.003597
0.002654
