0.000000
0.000000
28.600981
27.229406
0.000000
0.000000
3.687743
0.000000
0.000000
5.220057
0.000000
0.000000
0.000000
0.000000
0.000000
0.000000
7.760025
0.000000
0.000000
0.000000
0.000000
0.000000
8.459692
21.911795
0.000000
0.000000
0.000000
0.000000
11.825654
0.000000
0.000000
0.000000
0.000000
50.256729
0.000000
0.000000
0.000000
83.759354
0.000000
35.445492
0.000000
0.000000
0.000000
0.000000
0.000000
0.000000
28.687977
0.000000
0.000000
0.000000
0.000000
0.000000
0.000000
78.810387
0.000000
5.452550
0.000000
0.000000
0.000000
2.396167
0.000000
0.000000
118.378937
54.871399
0.000000
0.000000
42.479622
8.487917
0.000000
0.000000
0.000000
0.000000
0.000000
36.513802
0.000000
2.065517
0.000000
0.000000
0.000000
0.000000
0.000000
2.708463
0.000000
0.000000
0.000000
0.000000
3.815094
0.000000
0.000000
0.000000
0.000000
0.000000
12.136399
0.000000
0.000000
0.000000
0.000000
56.109303
0.000000
0.000000
0.000000
74.347366
0.000000
29.655304
0.000000
0.000000
0.000000
0.000000
7.967504
0.000000
75.158241
0.000000
0.000000
0.000000
0.000000
0.000000
0.000000
95.860222
0.000000
0.000000
0.000000
0.000000
0.000000
19.112976
0.000000
0.000000
165.672379
52.796280
0.000000
0.000000
50.346245
0.000000
0.000000
0.000000
0.000000
0.000000
0.000000
31.576925
0.000000
15.622445
0.000000
0.000000
0.000000
0.000000
11.501237
0.000000
0.000000
0.000000
0.000000
0.000000
3.608158
0.000000
0.000000
0.000000
0.000000
0.000000
0.000000
0.000000
0.000000
0.000000
0.000000
35.099644
0.000000
0.000000
0.000000
72.056236
0.000000
53.545380
0.000000
0.000000
0.000000
0.000000
41.002502
0.000000
73.542892
0.000000
0.000000
0.000000
0.000000
0.000000
4.012749
91.527321
0.000000
0.000000
0.000000
0.000000
0.000000
0.000000
0.000000
0.000000
176.261215
52.799240
0.000000
0.000000
25.083017
27.095232
0.000000
0.000000
0.000000
0.000000
0.000000
21.947273
0.000000
5.391746
0.000000
0.000000
0.000000
0.000000
6.011957
0.000000
0.000000
0.000000
0.000000
0.000000
1.691404
0.000000
0.000000
0.000000
0.000000
0.000000
0.000000
0.000000
0.000000
0.000000
0.000000
48.649151
0.000000
0.000000
0.000000
60.347778
0.000000
54.198494
0.000000
0.000000
0.000000
0.000000
37.938374
0.000000
77.709961
0.000000
0.000000
0.000000
0.000000
0.000000
20.188433
100.548111
0.000000
0.000000
0.000000
0.000000
0.000000
0.000000
0.000000
0.000000
149.611237
44.209068
0.000000
0.000000
19.800072
40.844772
0.000000
0.000000
6.652166
0.000000
0.000000
38.600636
0.000000
2.906527
0.000000
0.000000
0.000000
0.000000
0.000000
0.000000
0.000000
0.000000
0.000000
0.000000
0.000000
0.000000
0.000000
0.000000
0.000000
0.000000
0.000000
0.000000
3.342558
0.000000
0.000000
53.202103
0.000000
0.000000
0.000000
58.768303
0.000000
76.257660
0.000000
0.000000
0.000000
0.000000
36.801231
0.000000
69.686279
0.000000
0.000000
0.000000
0.000000
0.000000
6.652740
85.834938
0.000000
0.000000
4.477466
0.000000
0.000000
0.000000
0.000000
0.000000
126.019432
33.327747
0.000000
0.000000
19.251890
44.994598
0.000000
0.000000
0.000000
0.000000
0.000000
27.273464
0.000000
11.807024
0.000000
0.000000
0.000000
0.000000
0.000000
0.000000
0.000000
0.000000
0.000000
0.000000
0.000000
0.000000
0.000000
0.000000
0.000000
0.000000
19.388960
0.000000
0.000000
0.000000
0.000000
61.454697
0.000000
0.000000
0.000000
67.053429
0.000000
77.612480
0.000000
0.000000
0.000000
0.000000
17.318731
0.000000
77.149803
0.000000
0.000000
0.000000
0.000000
0.000000
0.000000
121.607018
0.000000
0.000000
7.660375
0.000000
0.000000
6.654413
0.000000
0.000000
136.413818
71.570099
0.000000
0.000000
31.548681
43.553089
0.000000
0.000000
7.690537
0.000000
0.000000
32.867783
0.000000
6.897328
0.000000
0.000000
0.000000
0.000000
0.000000
0.000000
0.000000
0.000000
0.000000
0.000000
1.417246
0.000000
0.000000
0.000000
0.000000
0.000000
21.139132
0.000000
0.000000
0.000000
0.000000
72.153427
0.000000
0.000000
0.000000
72.450729
0.000000
55.541878
0.000000
0.000000
0.000000
0.000000
32.085476
0.000000
64.624573
0.000000
0.000000
0.000000
0.000000
0.000000
3.479675
153.845917
0.000000
0.000000
10.695579
0.000000
0.000000
0.000000
0.000000
0.000000
185.821701
76.979607
0.000000
0.000000
43.933372
32.405571
0.000000
0.000000
4.635081
0.000000
0.000000
35.759228
0.000000
15.424713
0.000000
0.000000
0.000000
0.000000
18.023525
0.000000
0.000000
0.000000
0.000000
0.000000
0.000000
0.000000
0.000000
0.000000
0.000000
0.000000
1.449530
0.000000
0.000000
0.000000
0.000000
68.921547
0.000000
0.000000
0.000000
72.952766
0.000000
59.196911
0.000000
0.000000
0.000000
0.000000
22.948769
0.000000
72.284218
0.000000
0.000000
0.000000
0.000000
0.000000
6.138161
150.433899
0.000000
0.000000
11.413119
0.000000
0.000000
0.000000
0.000000
0.000000
194.622726
64.297264
0.000000
0.000000
50.465130
0.000000
0.000000
0.000000
0.000000
0.000000
0.000000
44.119350
0.000000
12.004827
0.000000
0.000000
0.000000
0.000000
21.830845
0.000000
0.000000
0.000000
0.000000
0.000000
0.513198
0.000000
0.000000
0.000000
0.000000
0.000000
29.818888
0.000000
0.000000
0.000000
0.000000
53.604855
0.000000
0.000000
0.000000
90.018936
0.000000
70.049660
0.000000
0.000000
0.000000
0.000000
9.490889
0.000000
54.017010
0.000000
0.000000
0.000000
0.000000
0.000000
0.000000
100.260353
0.000000
0.000000
0.000000
0.000000
0.000000
0.000000
0.000000
0.000000
181.346786
57.096684
0.000000
0.000000
49.866486
25.322056
0.000000
0.000000
0.000000
0.000000
0.000000
30.660223
0.000000
5.901221
0.000000
0.000000
0.000000
0.000000
7.880209
0.000000
0.000000
0.000000
0.000000
0.000000
0.000000
4.746831
0.000000
0.000000
0.000000
0.000000
52.403465
0.000000
0.000000
0.000000
0.000000
61.016922
0.000000
0.000000
0.000000
88.145081
0.000000
64.489388
0.000000
0.000000
0.000000
0.000000
0.000000
0.000000
29.949202
0.000000
0.000000
0.000000
0.000000
0.000000
0.000000
108.947594
0.000000
0.000000
0.000000
0.000000
0.000000
0.000000
0.000000
0.000000
126.969582
62.760151
0.000000
0.000000
42.920971
28.183880
0.000000
0.000000
0.000000
0.000000
0.000000
35.688938
0.000000
5.214592
0.000000
0.000000
0.000000
0.000000
15.930603
0.000000
0.000000
0.000000
0.000000
0.000000
14.462336
50.346317
0.000000
0.000000
0.000000
0.000000
18.070871
0.000000
3.806864
0.000000
0.000000
55.503815
0.000000
0.000000
0.000000
68.828918
0.000000
59.273861
0.000000
0.000000
0.000000
0.000000
30.226805
0.000000
16.788065
0.000000
0.000000
0.000000
0.000000
0.000000
8.066988
97.241203
0.000000
0.000000
0.000000
0.000000
0.000000
0.000000
0.000000
0.000000
109.434456
57.400074
0.000000
0.000000
0.420141
0.000000
0.000000
0.000000
51.752640
0.000000
0.000000
7.674928
0.000000
11.130788
0.000000
0.000000
0.000000
0.000000
26.197536
0.000000
0.000000
0.000000
3.079388
0.000000
0.000000
46.504246
0.000000
0.000000
0.000000
0.000000
0.000000
0.000000
0.000000
0.000000
0.000000
45.372658
0.000000
0.000000
0.000000
54.752705
0.000000
78.460358
0.000000
0.000000
0.000000
0.000000
51.873627
0.000000
15.698225
0.000000
0.000000
42.348549
0.000000
0.000000
27.190405
57.293316
0.000000
27.482862
0.000000
0.000000
0.000000
7.639257
0.000000
0.000000
92.783699
55.109146
0.000000
0.000000
60.644863
23.622541
0.000000
0.000000
2.212733
0.000000
0.000000
0.538903
0.000000
59.190296
0.000000
0.000000
0.000000
0.000000
38.137646
49.072304
0.000000
0.000000
0.000000
0.000000
0.000000
0.000000
0.000000
0.000000
0.000000
0.000000
36.649593
0.000000
0.000000
0.000000
0.000000
61.754414
0.000000
0.000000
0.000000
99.629662
0.000000
82.685272
0.000000
0.000000
0.000000
0.000000
22.158867
0.000000
0.000000
0.000000
0.000000
0.000000
0.000000
0.000000
0.000000
127.672157
0.000000
27.519220
0.000000
0.000000
0.000000
0.000000
0.000000
0.000000
162.410858
102.881950
67.016106
0.000000
83.734276
6.278764
0.000000
0.000000
0.000000
0.000000
0.000000
0.000000
0.000000
80.229813
0.000000
0.000000
0.000000
0.000000
67.604965
41.230164
0.000000
0.000000
0.000000
0.000000
11.721154
0.000000
0.000000
0.000000
0.000000
0.000000
2.250116
0.000000
0.000000
0.000000
0.000000
57.190845
0.000000
0.000000
0.000000
132.642471
0.000000
99.988823
0.000000
0.000000
0.000000
0.000000
27.845268
0.000000
37.135101
0.000000
0.000000
0.000000
0.000000
0.000000
0.000000
158.788086
0.000000
0.000000
0.000000
0.000000
0.000000
0.000000
0.000000
0.000000
229.655228
100.324356
17.422768
0.000000
85.289833
0.000000
0.000000
0.000000
0.000000
0.000000
0.000000
0.000000
0.000000
62.168293
0.000000
0.000000
0.000000
0.000000
106.785271
0.000000
0.000000
0.000000
0.000000
0.000000
46.722630
0.000000
0.000000
0.000000
0.000000
0.000000
0.000000
0.000000
0.000000
0.000000
0.000000
30.523510
0.000000
0.000000
0.000000
144.642029
0.000000
104.595192
0.000000
0.000000
0.000000
0.000000
65.921700
0.000000
16.787369
0.000000
0.000000
0.000000
0.000000
0.000000
0.000000
152.037918
0.000000
0.000000
0.000000
0.000000
0.000000
0.000000
0.000000
0.000000
248.939941
84.282585
0.000000
0.000000
75.266571
15.667498
0.000000
0.000000
0.000000
0.000000
0.000000
0.000000
0.000000
64.929947
0.000000
0.000000
0.000000
0.000000
100.899208
0.000000
0.000000
0.000000
0.000000
0.000000
40.558945
0.000000
0.000000
0.000000
0.000000
0.000000
0.000000
0.000000
0.000000
0.000000
0.000000
25.754961
0.000000
0.000000
0.000000
138.116241
0.000000
104.718140
0.000000
0.000000
0.000000
0.000000
62.784439
0.000000
10.733580
0.000000
0.000000
0.000000
0.000000
0.000000
0.000000
166.102844
0.000000
0.000000
0.000000
0.000000
0.000000
0.000000
0.000000
0.000000
241.045242
78.675072
0.000000
0.000000
77.497887
35.426823
0.000000
0.000000
0.000000
0.000000
0.000000
0.000000
0.000000
66.033455
0.000000
0.000000
0.000000
0.000000
72.509666
8.363014
0.000000
0.000000
0.000000
0.000000
25.469599
0.000000
0.000000
0.000000
0.000000
0.000000
27.363251
0.000000
0.000000
0.000000
0.000000
35.335682
0.000000
0.000000
0.000000
113.170471
0.000000
87.859726
0.000000
0.000000
0.000000
0.000000
46.767548
0.000000
6.711832
0.000000
0.000000
0.000000
0.000000
0.000000
0.000000
193.123947
0.000000
0.000000
0.000000
0.000000
0.000000
0.000000
0.000000
0.000000
220.363754
75.316879
0.000000
0.000000
89.625229
39.668846
0.000000
0.000000
0.000000
0.000000
0.000000
0.000000
0.000000
71.970985
0.000000
0.000000
0.000000
0.000000
38.752403
29.044682
0.000000
0.000000
0.000000
0.000000
23.813288
0.000000
0.000000
0.000000
0.000000
0.000000
47.023006
0.000000
0.000000
0.000000
0.000000
53.161579
0.000000
0.000000
0.000000
119.872253
0.000000
90.596893
0.000000
0.000000
0.000000
0.000000
52.705547
0.000000
6.689500
0.000000
0.000000
0.000000
0.000000
0.000000
0.000000
209.857132
0.000000
0.000000
0.000000
0.000000
0.000000
0.000000
0.000000
0.000000
225.843002
93.006126
0.000000
0.000000
91.511894
31.765980
0.000000
0.000000
0.000000
0.000000
0.000000
0.000000
0.000000
84.242729
0.000000
0.000000
0.000000
0.000000
68.639328
34.791538
0.000000
0.000000
0.000000
0.000000
32.683144
0.000000
0.000000
0.000000
0.000000
0.000000
27.615761
0.000000
0.000000
0.000000
0.000000
60.659466
0.000000
0.000000
0.000000
133.130478
0.000000
114.017982
0.000000
0.000000
0.000000
0.000000
79.180573
0.000000
0.000000
0.000000
0.000000
0.000000
0.000000
0.000000
0.000000
207.250366
0.000000
0.000000
0.000000
0.000000
0.000000
0.000000
0.000000
0.000000
262.409668
110.033997
0.000000
0.000000
80.455612
15.318543
0.000000
0.000000
0.000000
0.000000
0.000000
0.000000
0.000000
79.065536
0.000000
0.000000
0.000000
0.000000
103.243729
7.103023
0.000000
0.000000
0.000000
0.000000
50.583946
0.000000
0.000000
0.000000
0.000000
0.000000
0.000000
0.000000
0.000000
0.000000
0.000000
41.586277
0.000000
0.000000
0.000000
140.119751
0.000000
127.705238
0.000000
0.000000
0.000000
0.000000
68.632675
0.000000
3.083421
0.000000
0.000000
0.000000
0.000000
0.000000
0.000000
188.709869
0.000000
0.000000
0.000000
0.000000
0.000000
0.000000
0.000000
0.000000
259.941162
103.379707
0.000000
0.000000
59.667465
0.000000
0.000000
0.000000
0.000000
0.000000
0.000000
5.772688
0.000000
69.640320
0.000000
0.000000
0.000000
0.000000
116.330475
0.000000
0.000000
0.000000
0.000000
0.000000
54.018063
0.000000
0.000000
0.000000
0.000000
0.000000
0.000000
0.000000
0.000000
0.000000
0.000000
30.947382
0.000000
0.000000
0.000000
149.957413
0.000000
144.060059
0.000000
0.000000
0.000000
0.000000
53.561619
0.000000
0.000000
0.000000
0.000000
11.696033
0.000000
0.000000
0.000000
153.218491
0.000000
0.000000
0.000000
0.000000
0.000000
0.000000
0.000000
0.000000
233.328354
71.212074
0.000000
0.000000
57.024792
2.166007
0.000000
0.000000
0.000000
0.000000
0.000000
0.000000
0.000000
59.056316
0.000000
0.000000
0.000000
0.000000
88.399582
22.033983
0.000000
0.000000
0.000000
0.000000
0.000000
0.000000
0.000000
0.000000
0.000000
0.000000
37.229778
0.000000
0.000000
0.000000
0.000000
49.405319
0.000000
0.000000
0.000000
135.309280
0.000000
160.242584
0.000000
0.000000
0.000000
0.000000
26.390961
0.000000
11.755636
0.000000
0.000000
14.392354
0.000000
0.000000
0.000000
164.029755
0.000000
0.000000
0.000000
0.000000
0.000000
0.000000
0.000000
0.000000
143.222519
108.552864
0.000000
0.000000
65.338043
34.262146
0.000000
0.000000
0.000000
0.000000
0.000000
0.000000
0.000000
56.651550
0.000000
0.000000
0.000000
0.000000
53.013821
15.454356
0.000000
0.000000
0.000000
0.000000
19.399622
0.000000
0.000000
0.000000
0.000000
0.000000
38.731636
0.000000
0.000000
0.000000
0.000000
50.495209
0.000000
0.000000
0.000000
135.377914
0.000000
130.112442
0.000000
0.000000
0.000000
0.000000
58.486996
0.000000
0.000000
0.000000
0.000000
0.000000
0.000000
0.000000
11.026129
137.931412
0.000000
0.000000
0.000000
0.000000
0.000000
0.000000
0.000000
0.000000
159.380768
104.118034
0.000000
0.000000
24.600893
0.000000
0.000000
0.000000
100.041840
0.000000
0.000000
0.000000
0.000000
8.343769
0.000000
0.000000
0.000000
0.000000
91.651550
0.000000
0.000000
0.000000
0.000000
0.000000
0.000000
0.000000
0.000000
0.000000
0.000000
0.000000
0.000000
0.000000
0.000000
0.000000
0.000000
24.927961
0.000000
82.753258
0.000000
108.212799
0.000000
109.717369
0.000000
0.000000
0.000000
0.000000
72.921501
0.000000
0.000000
0.000000
0.000000
21.885414
0.000000
0.000000
71.342064
67.256210
0.000000
6.386584
0.000000
0.000000
0.000000
0.000000
0.000000
0.000000
162.950714
55.061028
27.455629
0.000000
66.248383
0.000000
0.000000
0.000000
2.130348
0.000000
0.000000
48.975052
0.000000
54.922733
0.000000
0.000000
0.000000
0.000000
20.489414
17.708271
0.000000
0.000000
0.000000
0.000000
13.570011
0.000000
0.000000
0.000000
0.000000
0.000000
17.223734
0.000000
0.000000
0.000000
0.000000
79.347984
0.000000
0.000000
0.000000
95.682175
0.000000
74.970810
0.000000
0.000000
0.000000
0.000000
50.344810
0.000000
49.058800
0.000000
0.000000
0.000000
0.000000
0.000000
0.000000
140.065323
0.000000
7.464324
0.000000
0.000000
0.000000
16.746983
0.000000
0.000000
184.048477
79.122208
71.654198
0.000000
79.136650
0.000000
0.000000
0.000000
0.000000
0.000000
0.000000
20.087976
0.000000
69.515839
0.000000
0.000000
0.000000
0.000000
110.923065
0.000000
0.000000
0.000000
0.000000
0.000000
38.370155
0.000000
0.000000
0.000000
0.000000
0.000000
0.000000
0.000000
0.000000
0.000000
0.000000
50.959160
0.000000
0.000000
0.000000
146.014206
0.000000
98.671852
0.000000
0.000000
0.000000
0.000000
41.643505
0.000000
25.266916
0.000000
0.000000
0.000000
0.000000
0.000000
0.000000
147.055573
0.000000
0.000000
0.000000
0.000000
0.000000
0.000000
0.000000
0.000000
245.116806
94.016808
40.566631
0.000000
112.701126
0.000000
0.000000
0.000000
0.000000
0.000000
0.000000
0.000000
0.000000
60.017872
0.000000
0.000000
0.000000
0.000000
141.235397
0.000000
0.000000
0.000000
0.000000
0.000000
54.674942
0.000000
0.000000
0.000000
0.000000
0.000000
0.000000
0.000000
0.000000
0.000000
0.000000
0.000000
0.000000
0.000000
0.000000
179.993195
0.000000
101.608894
0.000000
0.000000
0.000000
0.000000
41.126453
0.000000
0.000000
0.000000
0.000000
0.000000
0.000000
0.000000
0.000000
142.983429
0.000000
0.000000
0.000000
0.000000
0.000000
0.000000
0.000000
0.000000
274.985199
96.526878
18.876720
0.000000
109.927956
0.000000
0.000000
0.000000
0.000000
0.000000
0.000000
0.000000
0.000000
57.897045
0.000000
0.000000
0.000000
0.000000
137.226135
0.000000
0.000000
0.000000
0.000000
0.000000
53.524097
0.000000
0.000000
0.000000
0.000000
0.000000
0.000000
0.000000
0.000000
0.000000
0.000000
1.088857
0.000000
0.000000
0.000000
180.046661
0.000000
97.949715
0.000000
0.000000
0.000000
0.000000
66.483688
0.000000
0.000000
0.000000
0.000000
0.000000
0.000000
0.000000
0.000000
141.979248
0.000000
0.000000
0.000000
0.000000
0.000000
0.000000
0.000000
0.000000
278.940552
95.744637
0.000000
0.000000
97.599457
0.000000
0.000000
0.000000
0.000000
0.000000
0.000000
2.522543
0.000000
61.048599
0.000000
0.000000
0.000000
0.000000
117.427147
0.000000
0.000000
0.000000
0.000000
0.000000
56.386551
0.000000
0.000000
0.000000
0.000000
0.000000
0.000000
0.000000
0.000000
0.000000
0.000000
46.575432
0.000000
0.000000
0.000000
161.004318
0.000000
86.579285
0.000000
0.000000
0.000000
0.000000
61.831303
0.000000
15.163773
0.000000
0.000000
0.000000
0.000000
0.000000
0.000000
155.502853
0.000000
0.000000
0.000000
0.000000
0.000000
0.000000
0.000000
0.000000
269.934631
92.801559
0.000000
0.000000
86.040192
0.000000
0.000000
0.000000
0.000000
0.000000
0.000000
12.913309
0.000000
71.247299
0.000000
0.000000
0.000000
0.000000
102.144455
0.000000
0.000000
0.000000
0.000000
0.000000
58.419132
0.000000
0.000000
0.000000
0.000000
0.000000
0.000000
0.000000
0.000000
0.000000
0.000000
55.638096
0.000000
0.000000
0.000000
155.076843
0.000000
83.072243
0.000000
0.000000
0.000000
0.000000
61.862896
0.000000
20.034456
0.000000
0.000000
0.000000
0.000000
0.000000
0.000000
163.324051
0.000000
0.000000
0.000000
0.000000
0.000000
0.000000
0.000000
0.000000
271.062439
96.274254
26.439936
0.000000
87.010735
0.000000
0.000000
0.000000
0.000000
0.000000
0.000000
13.064098
0.000000
73.402428
0.000000
0.000000
0.000000
0.000000
112.495560
0.000000
0.000000
0.000000
0.000000
0.000000
51.022751
0.000000
0.000000
0.000000
0.000000
0.000000
0.000000
0.000000
0.000000
0.000000
0.000000
48.750748
0.000000
0.000000
0.000000
172.486877
0.000000
97.103760
0.000000
0.000000
0.000000
0.000000
76.007195
0.000000
9.894466
0.000000
0.000000
0.000000
0.000000
0.000000
0.000000
157.729797
0.000000
0.000000
0.000000
0.000000
0.000000
0.000000
0.000000
0.000000
281.906006
104.958855
39.480373
0.000000
90.284103
6.027561
0.000000
0.000000
0.000000
0.000000
0.000000
0.000000
0.000000
60.308308
0.000000
0.000000
0.000000
0.000000
125.250664
0.000000
0.000000
0.000000
0.000000
0.000000
49.770466
0.000000
0.000000
0.000000
0.000000
0.000000
0.000000
0.000000
0.000000
0.000000
0.000000
3.716749
0.000000
0.000000
0.000000
184.305756
0.000000
101.416245
0.000000
0.000000
0.000000
0.000000
63.761665
0.000000
0.000000
0.000000
0.000000
0.000000
0.000000
0.000000
0.000000
140.993408
0.000000
0.000000
0.000000
0.000000
0.000000
0.000000
0.000000
0.000000
284.659424
105.895844
0.000000
0.000000
77.085228
11.444784
0.000000
0.000000
0.000000
0.000000
0.000000
0.000000
0.000000
42.111980
0.000000
0.000000
0.000000
0.000000
133.427887
0.000000
0.000000
0.000000
0.000000
0.000000
60.636738
0.000000
0.000000
0.000000
0.000000
0.000000
0.000000
0.000000
0.000000
0.000000
0.000000
0.000000
0.000000
0.000000
0.000000
189.753799
0.000000
114.604652
0.000000
0.000000
0.000000
0.000000
55.672577
0.000000
0.000000
0.000000
0.000000
0.000000
0.000000
0.000000
0.000000
109.262672
0.000000
0.000000
0.000000
0.000000
0.000000
0.000000
0.000000
0.000000
272.639954
86.224457
0.000000
0.000000
41.891998
0.000000
0.000000
0.000000
0.000000
0.000000
0.000000
25.505703
0.000000
42.740070
0.000000
0.000000
0.000000
0.000000
108.230293
0.000000
0.000000
0.000000
0.000000
0.000000
51.220093
0.000000
0.000000
0.000000
0.000000
0.000000
0.000000
0.000000
0.000000
0.000000
0.000000
67.518021
0.000000
0.000000
0.000000
168.601212
0.000000
147.681534
0.000000
0.000000
0.000000
0.000000
34.432972
0.000000
38.392441
0.000000
0.000000
0.000000
0.000000
0.000000
0.000000
138.400620
0.000000
0.000000
0.000000
0.000000
0.000000
0.000000
0.000000
0.000000
196.038788
96.777901
0.000000
0.000000
36.172672
5.418056
0.000000
0.000000
41.805054
0.000000
0.000000
11.192072
0.000000
48.964172
0.000000
0.000000
0.000000
0.000000
85.166649
2.074746
0.000000
0.000000
0.000000
0.000000
24.414373
0.000000
0.000000
0.000000
0.000000
0.000000
0.000000
0.000000
0.000000
0.000000
0.000000
62.104984
0.000000
7.934543
0.000000
137.597900
0.000000
143.737503
0.000000
0.000000
0.000000
0.000000
64.679070
0.000000
0.000000
0.000000
0.000000
11.829929
0.000000
9.918011
57.074799
137.637634
0.000000
0.000000
0.000000
0.000000
0.000000
0.000000
0.000000
0.000000
155.448441
88.949692
6.474606
0.000000
21.028830
9.703220
0.000000
0.000000
108.662834
0.000000
0.000000
1.746465
0.000000
53.437313
0.000000
0.000000
0.000000
0.000000
106.490387
0.000000
0.000000
0.000000
0.000000
0.000000
9.195333
0.000000
0.000000
0.000000
0.000000
0.000000
0.000000
0.000000
0.000000
0.000000
0.000000
0.000000
0.000000
151.398712
0.000000
99.962212
0.000000
130.531357
0.000000
0.000000
0.000000
0.000000
52.983524
0.000000
0.000000
0.000000
0.000000
22.580595
0.000000
0.000000
83.615822
81.403427
0.000000
2.505216
0.000000
0.000000
0.000000
0.000000
0.000000
0.000000
152.232712
33.034637
65.976051
0.000000
73.837631
0.000000
0.000000
0.000000
0.000000
0.000000
0.000000
11.932404
0.000000
47.486805
0.000000
0.000000
0.000000
0.000000
82.521202
28.687078
0.000000
0.000000
0.000000
0.000000
13.719801
0.000000
0.000000
0.000000
0.000000
0.000000
0.000000
0.000000
0.000000
0.000000
0.000000
54.197269
0.000000
0.000000
0.000000
148.355347
0.000000
114.412201
0.000000
0.000000
0.000000
0.000000
0.000000
0.000000
41.581570
0.000000
0.000000
14.521755
0.000000
0.000000
0.000000
138.152222
0.000000
0.000000
0.000000
0.000000
0.000000
50.814068
0.000000
0.000000
214.097824
61.984676
26.340431
0.000000
81.424255
31.252134
0.000000
0.000000
0.000000
0.000000
0.000000
0.000000
0.000000
55.496372
0.000000
0.000000
0.000000
0.000000
132.695969
29.256815
0.000000
0.000000
0.000000
0.000000
45.516117
0.000000
0.000000
0.000000
0.000000
0.000000
0.000000
0.000000
0.000000
0.000000
0.000000
0.000000
0.000000
0.000000
0.000000
198.209503
0.000000
144.201859
0.000000
0.000000
0.000000
0.000000
17.319983
0.000000
0.000000
0.000000
0.000000
0.000000
0.000000
3.883370
0.000000
119.346489
0.000000
0.000000
0.000000
0.000000
0.000000
0.000000
0.000000
0.000000
258.991821
84.783195
18.738487
0.000000
107.735413
85.088234
0.000000
0.000000
13.738202
0.000000
0.000000
0.000000
0.000000
57.297482
0.000000
0.000000
0.000000
0.000000
148.086426
72.899208
0.000000
0.000000
0.000000
0.000000
52.242409
0.000000
0.000000
0.000000
0.000000
0.000000
23.274622
0.000000
0.000000
0.000000
0.000000
0.000000
0.000000
0.000000
0.000000
220.898163
0.000000
145.872406
0.000000
0.000000
24.491669
0.000000
0.000000
0.000000
0.000000
0.000000
0.000000
9.872248
0.000000
0.000000
0.000000
181.178284
0.000000
0.000000
0.000000
0.000000
0.000000
0.000000
0.000000
0.000000
285.140717
80.480835
0.000000
0.000000
121.419586
111.645668
0.000000
0.000000
0.000000
0.000000
24.409670
0.000000
0.000000
55.374439
0.000000
10.433267
0.000000
0.000000
146.638092
81.516029
0.000000
0.000000
0.000000
0.000000
58.866535
0.000000
0.000000
0.000000
0.000000
0.000000
41.473415
0.000000
0.000000
0.000000
0.000000
0.000000
0.000000
0.000000
0.000000
217.269501
0.000000
130.435272
6.587061
0.000000
33.200172
0.000000
0.000000
0.000000
0.000000
0.000000
0.000000
0.000000
0.000000
8.319777
0.000000
178.489792
0.000000
0.000000
0.000000
0.000000
0.000000
0.000000
0.000000
0.000000
305.678253
74.741257
0.000000
0.000000
111.943481
90.697937
0.000000
0.000000
0.000000
0.000000
15.769159
0.000000
0.000000
40.577534
0.000000
0.000000
0.000000
0.000000
155.000778
78.628204
0.000000
0.000000
0.000000
0.000000
69.605560
0.000000
0.000000
0.000000
0.000000
0.000000
10.187968
0.000000
0.000000
0.000000
0.000000
0.000000
0.000000
0.000000
0.000000
233.208679
0.000000
147.600250
0.000000
0.000000
26.075710
0.000000
0.000000
0.000000
0.000000
0.000000
0.000000
0.000000
0.000000
5.798167
0.000000
152.604584
0.000000
0.000000
0.000000
0.000000
0.000000
0.000000
0.000000
0.000000
300.436005
92.391808
0.000000
0.000000
87.911690
60.258804
0.000000
0.000000
9.855533
0.000000
0.000000
0.000000
0.000000
38.014519
0.000000
0.000000
0.000000
0.000000
172.597656
45.491173
0.000000
0.000000
0.000000
0.000000
66.884842
0.000000
0.000000
0.000000
0.000000
0.000000
0.000000
0.000000
0.000000
0.000000
0.000000
0.000000
0.000000
0.000000
0.000000
231.764740
0.000000
174.140488
0.000000
0.000000
10.781110
0.000000
0.000000
0.000000
0.000000
0.000000
0.000000
31.827251
0.000000
24.667152
3.641867
131.284256
0.000000
0.000000
0.000000
0.000000
0.000000
0.000000
0.000000
0.000000
289.710907
95.483780
0.000000
0.000000
90.626495
63.921387
0.000000
0.000000
19.874788
0.000000
0.000000
0.000000
0.000000
40.774166
0.000000
0.000000
0.000000
0.000000
165.712402
68.274231
0.000000
0.000000
0.000000
0.000000
47.309811
0.000000
0.000000
0.000000
0.000000
0.000000
0.000000
0.000000
0.000000
0.000000
0.000000
5.455218
0.000000
0.000000
0.000000
242.490753
0.000000
174.501480
0.000000
0.000000
26.291859
0.000000
0.000000
0.000000
0.000000
0.000000
0.000000
63.106369
0.000000
19.773975
3.165785
126.121597
0.000000
0.000000
0.000000
0.000000
0.000000
0.000000
0.000000
0.000000
288.640991
92.096184
0.000000
0.000000
82.336464
64.281761
0.000000
0.000000
22.575724
0.000000
0.000000
0.000000
0.000000
54.703785
0.000000
0.000000
0.000000
0.000000
151.323853
66.541595
0.000000
0.000000
0.000000
0.000000
60.219151
0.000000
0.000000
0.000000
0.000000
0.000000
0.000000
0.000000
0.000000
0.000000
0.000000
25.645300
0.000000
0.000000
0.000000
255.197159
0.000000
183.837494
0.000000
0.000000
13.680527
0.000000
3.620093
0.000000
0.000000
0.000000
0.000000
44.256947
0.000000
25.196882
18.599842
114.992355
0.000000
0.000000
0.000000
0.000000
0.000000
0.000000
0.000000
0.000000
290.442017
88.823372
5.099019
0.000000
88.279160
60.792446
0.000000
0.000000
35.533630
0.000000
0.000000
0.000000
0.000000
48.013836
0.000000
0.000000
0.000000
0.000000
158.299896
48.496819
0.000000
0.000000
0.000000
0.000000
52.144539
0.000000
0.000000
0.000000
0.000000
0.000000
0.000000
0.000000
0.000000
0.000000
0.000000
9.008690
0.000000
0.000000
0.000000
239.814331
0.000000
185.801575
0.000000
0.000000
23.197077
0.000000
0.000000
0.000000
0.000000
0.000000
0.000000
60.032776
0.000000
2.406437
0.000000
119.239838
0.000000
0.000000
0.000000
0.000000
0.000000
0.000000
0.000000
0.000000
282.127197
102.124756
0.000000
0.000000
67.398323
34.287136
0.000000
0.000000
6.055868
0.000000
0.000000
0.000000
0.000000
30.068659
0.000000
0.000000
0.000000
0.000000
169.984818
30.958748
0.000000
0.000000
0.000000
0.000000
52.087711
0.000000
0.000000
0.000000
0.000000
0.000000
0.000000
0.000000
0.000000
0.000000
0.000000
6.017760
0.000000
0.000000
0.000000
214.267288
0.000000
182.987991
0.000000
0.000000
0.000000
0.000000
0.000000
0.000000
0.000000
0.000000
0.000000
36.717972
0.000000
41.087776
8.167919
122.652969
0.000000
0.000000
0.000000
0.000000
0.000000
0.000000
0.000000
0.000000
230.918015
83.146019
0.000000
0.000000
19.499922
1.325856
0.000000
0.000000
71.136848
0.000000
0.000000
0.000000
0.000000
40.212418
0.000000
0.000000
0.000000
0.000000
137.647537
12.469136
0.000000
0.000000
0.000000
0.000000
24.492405
0.000000
0.000000
0.000000
0.000000
0.000000
0.000000
0.000000
0.000000
0.000000
0.000000
24.524178
0.000000
33.268024
0.000000
173.550476
0.000000
175.498459
0.000000
0.000000
0.000000
0.000000
72.392014
0.000000
0.000000
0.000000
0.000000
50.616085
0.000000
39.773182
68.946838
82.561760
0.000000
19.369280
0.000000
0.000000
0.000000
0.000000
0.000000
0.000000
143.487762
71.417336
0.000000
0.000000
0.000000
3.616837
0.000000
0.000000
101.491142
0.000000
0.000000
0.000000
0.000000
56.131199
0.000000
0.000000
0.000000
0.000000
90.896774
0.000000
0.000000
0.000000
0.000000
0.000000
3.091636
0.000000
0.000000
0.000000
0.000000
0.000000
0.000000
0.000000
0.000000
0.000000
0.000000
0.000000
0.000000
149.729279
0.000000
72.255844
0.000000
122.824699
0.000000
0.000000
0.000000
0.000000
22.951155
0.000000
33.704071
0.000000
0.000000
10.824221
0.000000
0.000000
71.516777
60.558491
3.453563
11.111698
0.000000
0.000000
0.000000
0.000000
0.000000
0.000000
61.095467
30.738987
59.042992
0.000000
19.255276
0.000000
0.000000
0.000000
49.406410
0.000000
0.000000
0.000000
0.000000
44.418594
0.000000
0.000000
0.000000
0.000000
72.745483
17.781752
0.000000
0.000000
0.000000
0.000000
16.024492
0.000000
0.000000
0.000000
0.000000
0.000000
0.000000
0.000000
0.000000
0.000000
0.000000
22.007700
0.000000
0.000000
0.000000
148.591766
0.000000
139.191696
0.000000
0.000000
0.000000
0.000000
28.597607
0.000000
43.915558
0.000000
0.000000
44.330601
0.000000
22.682993
23.116869
90.037285
0.000000
0.000000
0.000000
0.000000
0.000000
60.656506
0.000000
0.000000
170.260803
50.045944
0.000000
0.000000
38.239643
4.482282
0.000000
0.000000
51.126740
0.000000
0.000000
0.000000
0.000000
59.055443
0.000000
0.000000
0.000000
0.000000
112.639740
35.980553
0.000000
0.000000
0.000000
0.000000
27.786802
0.000000
0.000000
0.000000
0.000000
0.000000
0.000000
0.000000
0.000000
0.000000
0.000000
29.590286
0.000000
5.535874
0.000000
188.230377
0.000000
168.786148
0.000000
0.000000
0.000000
0.000000
57.241436
0.000000
0.000000
0.000000
0.000000
53.918968
0.000000
35.698162
42.654755
92.647606
0.000000
0.000000
0.000000
0.000000
0.000000
0.000000
0.000000
0.000000
184.109589
71.688011
14.670286
0.000000
72.020699
19.758352
0.000000
0.000000
65.875069
0.000000
0.000000
0.000000
0.000000
72.573494
0.000000
0.000000
0.000000
0.000000
134.528137
46.602665
0.000000
0.000000
0.000000
0.000000
0.000000
0.000000
0.000000
0.000000
0.000000
0.000000
30.417120
0.000000
0.000000
0.000000
0.000000
64.909180
0.000000
0.000000
0.000000
166.862137
0.000000
176.632828
0.000000
0.000000
10.212578
0.000000
30.293182
0.000000
0.000000
0.000000
0.000000
57.022888
0.000000
0.000000
31.882206
167.823273
0.000000
0.000000
16.448000
0.000000
0.000000
27.101151
0.000000
0.000000
144.953400
84.632118
2.313513
0.000000
110.259308
19.892046
0.000000
0.000000
34.215927
0.000000
0.000000
0.000000
0.000000
55.168873
0.000000
0.000000
0.000000
0.000000
73.237411
42.679325
0.000000
0.000000
0.000000
0.000000
0.000000
0.000000
0.000000
0.000000
0.000000
0.000000
50.378307
0.000000
0.000000
0.000000
0.000000
79.280678
0.000000
0.000000
0.000000
151.420685
0.000000
124.004517
0.000000
0.000000
0.000000
0.000000
5.691819
0.000000
0.000000
0.000000
0.000000
47.131409
0.000000
0.000000
0.000000
205.665833
0.000000
0.000000
0.000000
0.000000
0.000000
0.000000
0.000000
0.000000
143.354141
100.267570
0.000000
0.000000
79.265968
0.000000
0.000000
0.000000
41.543175
0.000000
0.000000
31.188929
0.000000
51.870518
0.000000
0.000000
0.000000
0.000000
117.793694
53.144718
0.000000
0.000000
0.000000
0.000000
22.139910
0.000000
0.000000
0.000000
0.000000
0.000000
0.000000
0.000000
0.000000
0.000000
0.000000
64.153847
0.000000
0.000000
0.000000
205.305084
0.000000
173.116501
0.000000
0.000000
0.000000
0.000000
0.434474
0.000000
0.325365
0.000000
0.000000
63.275166
0.000000
0.000000
14.199462
171.549881
0.000000
0.000000
0.000000
0.000000
0.000000
0.000000
0.000000
0.000000
200.256378
112.173882
0.000000
0.000000
38.243435
2.063743
0.000000
0.000000
64.655975
0.000000
0.000000
7.761462
0.000000
65.468567
0.000000
0.000000
0.000000
0.000000
139.759171
18.417252
0.000000
0.000000
0.000000
0.000000
15.800035
0.000000
0.000000
0.000000
0.000000
0.000000
0.000000
0.000000
0.000000
0.000000
0.000000
41.874027
0.000000
0.000000
0.000000
202.884232
0.000000
201.664078
0.000000
0.000000
0.000000
0.000000
86.285324
0.000000
17.217894
0.000000
0.000000
75.422493
0.000000
21.663496
68.835663
117.054878
0.000000
0.000000
0.000000
0.000000
0.000000
0.000000
0.000000
0.000000
178.165146
104.063606
0.823933
0.000000
48.681187
0.000000
0.000000
0.000000
69.746803
0.000000
0.000000
0.000000
0.000000
62.390816
0.000000
0.000000
0.000000
0.000000
113.451363
24.903334
0.000000
0.000000
0.000000
0.000000
0.000000
0.000000
0.000000
0.000000
0.000000
0.000000
0.000000
0.000000
0.000000
0.000000
0.000000
58.258450
0.000000
0.000000
0.000000
176.281464
0.000000
168.559967
0.000000
0.000000
0.000000
0.000000
11.901711
0.000000
45.985882
0.000000
0.000000
100.000618
0.000000
3.641330
59.321968
111.150841
0.000000
0.000000
6.131481
0.000000
0.000000
26.060066
0.000000
0.000000
145.556351
77.944702
0.000000
0.000000
23.940018
0.000000
0.000000
0.000000
73.965683
0.000000
0.000000
16.623180
3.569039
80.677773
0.000000
0.000000
0.000000
0.000000
116.854774
13.662149
0.000000
0.000000
0.000000
0.000000
6.673530
0.000000
0.000000
0.000000
0.000000
0.000000
0.000000
0.000000
0.000000
0.000000
0.000000
48.716335
0.000000
0.000000
0.000000
187.644089
0.000000
212.323135
0.000000
0.000000
0.000000
0.000000
87.389023
0.000000
44.381107
0.000000
0.000000
86.615479
0.000000
19.250713
93.644562
79.924683
0.000000
0.000000
0.000000
0.000000
0.000000
7.537848
0.000000
0.000000
146.313019
61.718636
36.786354
0.000000
19.089315
0.121992
0.000000
0.000000
109.195900
0.000000
0.000000
0.000000
16.531799
69.545715
0.000000
0.000000
0.000000
0.000000
136.680496
3.450730
0.000000
0.000000
0.000000
0.000000
0.000000
0.000000
0.000000
0.000000
0.000000
0.000000
0.000000
0.000000
0.000000
0.000000
0.000000
45.673908
0.000000
0.000000
0.000000
182.194397
0.000000
201.383820
0.000000
0.000000
0.000000
0.000000
12.265466
0.000000
26.036131
0.000000
0.000000
78.738007
0.000000
0.000000
75.652069
107.032936
0.000000
0.000000
0.000000
0.000000
0.000000
32.721245
0.000000
0.000000
135.354111
116.386459
27.617676
0.000000
17.492056
29.699297
0.000000
0.000000
45.331367
0.000000
0.000000
0.000000
0.000000
22.686356
0.000000
0.000000
0.000000
0.000000
104.642441
11.863864
0.000000
0.000000
0.000000
0.000000
11.136602
0.000000
0.000000
0.000000
0.000000
0.000000
0.000000
0.000000
0.000000
0.000000
0.000000
38.184509
0.000000
0.000000
0.000000
177.864746
0.000000
181.322906
0.000000
0.000000
0.000000
0.000000
10.542155
0.000000
14.498864
0.000000
0.000000
34.324150
0.000000
16.815269
22.965696
108.025856
0.000000
0.000000
0.000000
0.000000
0.000000
21.882748
0.000000
0.000000
140.542389
101.299393
0.000000
0.000000
0.000000
0.000000
0.000000
0.000000
97.148079
0.000000
0.000000
0.084929
0.000000
31.299273
0.000000
0.000000
0.000000
0.000000
87.390556
0.000000
0.000000
0.000000
0.000000
0.000000
0.000000
0.000000
0.000000
0.000000
0.000000
0.000000
0.000000
0.000000
0.000000
0.000000
0.000000
30.602821
0.000000
13.520278
0.000000
118.946190
0.000000
159.542908
0.000000
0.000000
0.000000
0.000000
79.320541
0.000000
0.000000
0.000000
0.000000
26.435137
0.000000
0.000000
65.898956
52.521576
0.000000
0.000000
0.000000
0.000000
0.000000
0.000000
0.000000
0.000000
111.628899
68.381081
18.998604
0.000000
0.000000
6.475676
0.000000
0.000000
92.049492
0.000000
0.000000
0.000000
0.000000
63.548885
0.000000
0.000000
0.000000
0.000000
97.874863
0.000000
0.000000
0.000000
0.000000
0.000000
11.650183
0.000000
0.000000
0.000000
0.000000
0.000000
0.000000
0.000000
0.000000
0.000000
0.000000
0.000000
0.000000
128.454239
0.000000
60.157482
0.000000
127.593643
0.000000
0.000000
0.000000
0.000000
13.875415
0.000000
42.196911
0.000000
0.000000
0.000000
0.000000
0.000000
69.800339
49.465645
0.000000
0.000000
4.608469
0.000000
0.000000
0.000000
0.000000
0.000000
19.801098
26.077915
7.657244
0.000000
0.000000
0.000000
0.000000
0.000000
62.932728
0.000000
0.000000
0.000000
0.000000
46.428375
0.000000
0.000000
0.000000
0.000000
63.629818
3.916588
0.000000
0.000000
0.000000
0.000000
17.196398
0.000000
0.000000
0.000000
0.000000
0.000000
0.000000
0.000000
0.000000
0.000000
0.000000
24.701403
0.000000
0.671016
0.000000
117.045563
0.000000
143.763947
0.000000
0.000000
0.000000
0.000000
51.291092
0.000000
33.787830
0.000000
0.000000
65.316032
0.000000
24.655609
46.446362
47.909901
0.000000
0.000000
0.120525
0.000000
0.000000
51.998955
0.000000
0.000000
86.267830
0.000000
3.440520
0.000000
0.000000
0.000000
0.000000
0.000000
76.875008
0.000000
0.000000
8.417143
9.128009
73.392380
0.000000
0.000000
0.000000
0.000000
83.388580
0.000000
0.000000
0.000000
0.000000
0.000000
0.000000
0.000000
0.000000
0.000000
0.000000
0.000000
0.000000
0.000000
0.000000
0.000000
0.000000
24.091982
0.000000
0.000000
0.000000
128.708984
0.000000
159.306900
0.000000
0.000000
0.000000
0.000000
35.688110
0.000000
34.726357
0.000000
0.000000
50.368687
0.000000
0.000000
53.748688
37.440624
0.000000
0.000000
14.902716
0.000000
0.000000
28.645023
0.000000
0.000000
89.898430
50.081749
0.000000
0.000000
0.000000
0.000000
0.000000
0.000000
90.950890
0.000000
0.000000
0.000000
3.582263
64.935272
0.000000
0.000000
0.000000
0.000000
77.360519
0.000000
0.000000
0.000000
0.000000
0.000000
0.000000
0.000000
0.000000
0.000000
0.000000
0.000000
0.000000
0.000000
0.000000
0.000000
0.000000
65.220497
0.000000
0.030585
0.000000
114.095100
0.000000
158.806473
0.000000
0.000000
0.000000
0.000000
106.987991
0.000000
58.142738
0.000000
0.000000
34.479198
0.000000
0.000000
62.442589
46.257111
0.000000
0.000000
24.728426
0.000000
0.000000
37.279545
0.000000
0.000000
70.724785
36.670258
52.575855
0.000000
25.978743
34.742081
0.000000
0.000000
111.931129
0.000000
0.000000
17.517286
0.000000
89.704552
0.000000
0.000000
0.000000
0.000000
54.882191
14.002178
0.000000
0.000000
0.000000
0.000000
0.000000
0.000000
0.000000
0.000000
0.000000
0.000000
0.000000
0.000000
0.000000
0.000000
0.000000
49.437584
0.000000
0.000000
0.000000
132.758255
0.000000
140.879196
0.000000
0.000000
0.000000
0.000000
15.387006
0.000000
33.070312
0.000000
0.000000
49.265270
0.000000
0.000000
40.705536
122.275833
0.000000
0.000000
7.660453
0.000000
0.000000
37.762413
0.000000
0.000000
116.071434
70.732819
0.000000
0.000000
27.080793
57.771790
0.000000
0.000000
53.800697
0.000000
0.000000
77.630470
0.000000
56.669605
0.000000
37.713291
0.000000
0.000000
81.376083
7.185470
0.000000
0.000000
0.000000
0.000000
7.901405
0.000000
0.000000
0.000000
0.000000
0.000000
0.000000
0.000000
0.000000
0.000000
0.000000
26.080183
0.000000
0.000000
0.000000
146.055069
0.000000
140.943420
0.000000
0.000000
0.000000
0.000000
0.000000
0.000000
29.589041
0.000000
0.000000
30.376831
0.000000
0.000000
7.595296
104.233849
0.000000
0.000000
0.000000
0.000000
0.000000
0.000000
0.000000
0.000000
162.127258
41.801456
0.000000
0.000000
0.000000
2.111372
0.000000
0.000000
69.593636
0.000000
0.000000
39.337780
11.082713
67.735138
0.000000
0.000000
0.000000
0.000000
75.045540
0.000000
0.000000
0.000000
0.000000
0.000000
25.256845
0.000000
0.000000
0.000000
0.000000
0.000000
0.000000
0.000000
0.000000
0.000000
0.000000
10.779838
0.000000
0.000000
0.000000
128.494888
0.000000
170.619339
0.000000
0.000000
0.000000
0.000000
93.012695
0.000000
9.839258
0.000000
0.000000
39.022011
0.000000
49.446926
91.792969
57.130302
0.000000
0.000000
0.000000
0.000000
0.000000
0.000000
0.000000
0.000000
108.889587
20.423937
8.164145
0.000000
0.000000
0.000000
0.000000
0.000000
93.960945
0.000000
0.000000
0.000000
32.451645
57.744370
0.000000
0.000000
0.000000
0.000000
80.073120
0.000000
0.000000
0.000000
0.000000
0.000000
0.000000
0.000000
0.000000
0.000000
0.000000
0.000000
0.000000
0.000000
0.000000
0.000000
0.000000
30.691761
0.000000
0.000000
0.000000
116.361740
0.000000
195.271194
0.000000
0.000000
0.000000
0.000000
29.352236
0.000000
65.017883
0.000000
0.000000
47.023674
0.000000
0.000000
67.730423
61.542583
0.000000
0.000000
0.000000
0.000000
0.000000
39.282612
0.000000
0.000000
64.037918
62.543983
0.000000
0.000000
0.000000
0.000000
0.000000
0.000000
62.436348
0.000000
0.000000
9.957832
8.855678
49.931408
0.000000
0.000000
0.000000
0.000000
67.881004
0.000000
0.000000
0.000000
0.000000
0.000000
0.000000
0.000000
0.000000
0.000000
0.000000
0.000000
0.000000
0.000000
0.000000
0.000000
0.000000
34.179386
0.000000
0.000000
0.000000
119.777199
0.000000
189.865433
0.000000
0.000000
0.000000
0.000000
50.451473
0.000000
48.587269
0.000000
0.000000
52.807594
0.000000
20.604729
83.266289
36.059204
0.000000
0.000000
0.000000
0.000000
0.000000
11.585706
0.000000
0.000000
49.613659
28.254654
22.819275
0.000000
0.000000
9.093542
0.000000
0.000000
96.249908
0.000000
0.000000
0.000000
35.976063
58.159309
0.000000
0.000000
0.000000
0.000000
66.499428
0.000000
0.000000
0.000000
0.000000
0.000000
0.000000
0.000000
0.000000
0.000000
0.000000
0.000000
0.000000
0.000000
0.000000
0.000000
0.000000
49.968811
0.000000
0.000000
0.000000
105.664261
0.000000
197.383621
0.000000
0.000000
0.000000
0.000000
50.458187
0.000000
55.206692
0.000000
0.000000
21.037392
0.000000
0.000000
62.977211
61.208462
0.000000
0.000000
0.000000
0.000000
0.000000
15.617309
0.000000
0.000000
66.133743
90.956619
30.331467
0.000000
11.174569
41.880196
0.000000
0.000000
45.216305
0.000000
0.000000
0.000000
0.000000
29.484301
0.000000
0.000000
0.000000
0.000000
61.146572
11.810173
0.000000
0.000000
0.000000
0.000000
0.000000
0.000000
0.000000
0.000000
0.000000
0.000000
0.000000
0.000000
0.000000
0.000000
0.000000
56.328049
0.000000
0.000000
0.000000
126.291473
0.000000
150.001541
0.000000
0.000000
0.000000
0.000000
19.157606
0.000000
35.455021
0.000000
0.000000
33.952129
0.000000
0.000000
0.508794
101.470879
0.000000
0.000000
0.000000
0.000000
0.000000
45.059994
0.000000
0.000000
91.051018
92.275490
0.000000
0.000000
0.000000
21.990942
0.000000
0.000000
98.467827
0.000000
0.000000
0.000000
0.000000
30.003313
0.000000
0.000000
0.000000
0.000000
72.954842
0.000000
0.000000
0.000000
0.000000
0.000000
5.574990
0.000000
0.000000
0.000000
0.000000
0.000000
0.000000
0.000000
0.000000
0.000000
0.000000
5.813466
0.000000
39.532185
0.000000
117.272980
0.000000
133.652359
0.000000
0.000000
0.000000
0.000000
66.930870
0.000000
0.000000
0.000000
0.000000
18.526903
0.000000
0.000000
40.618572
68.159470
0.000000
1.631861
0.000000
0.000000
0.000000
0.000000
0.000000
0.000000
124.692032
60.482964
3.523499
0.000000
0.000000
10.211023
0.000000
0.000000
112.798584
0.000000
0.000000
0.000000
0.000000
110.977219
0.000000
0.000000
0.000000
0.000000
110.797745
0.000000
0.000000
0.000000
0.000000
0.000000
27.978989
0.000000
0.000000
0.000000
0.000000
0.000000
0.000000
0.000000
0.000000
0.000000
0.000000
0.000000
0.000000
172.070572
0.000000
70.150452
1.476153
133.376221
0.000000
0.000000
0.000000
0.000000
18.813124
0.000000
24.598595
0.000000
0.000000
0.000000
0.000000
0.000000
76.610611
99.170601
20.440029
0.000000
21.454454
0.000000
0.000000
0.000000
0.000000
0.000000
41.922668
11.960729
29.451857
0.000000
0.000000
0.000000
0.000000
0.000000
53.511833
0.000000
0.000000
19.196747
0.000000
30.943951
0.000000
0.000000
0.000000
0.000000
23.838108
0.000000
0.000000
0.000000
0.000000
0.000000
1.260905
0.000000
0.000000
0.000000
0.000000
0.000000
0.000000
0.000000
10.730247
0.000000
0.000000
33.763424
0.000000
0.000000
0.000000
58.621548
0.000000
98.385582
0.000000
0.000000
0.000000
0.000000
45.877834
0.000000
70.582870
0.000000
0.000000
54.796211
0.000000
0.000000
56.159599
26.668865
0.000000
0.000000
8.073615
0.000000
0.000000
75.223320
0.000000
0.000000
37.008106
16.757275
9.406166
0.000000
0.000000
1.376769
0.000000
0.000000
84.134651
0.000000
0.000000
24.366413
16.674742
85.997032
0.000000
0.000000
0.000000
0.000000
40.786663
0.000000
0.000000
0.000000
0.000000
0.000000
0.000000
0.000000
0.000000
0.000000
0.000000
0.000000
0.000000
0.000000
5.572928
0.000000
0.000000
35.741142
0.000000
0.000000
0.000000
79.845764
0.000000
125.020638
0.000000
0.000000
0.000000
0.000000
42.077545
0.000000
72.309517
0.000000
0.000000
24.395821
0.000000
0.000000
57.201859
73.889015
0.000000
0.000000
30.546175
0.000000
0.000000
26.871244
0.000000
0.000000
100.016006
48.008858
0.000000
0.000000
0.000000
0.000000
0.000000
0.000000
104.122803
0.000000
0.000000
0.000000
0.000000
56.839962
0.000000
0.000000
0.000000
0.000000
62.180008
0.000000
0.000000
0.000000
0.000000
0.000000
25.813066
0.000000
0.000000
0.000000
0.000000
0.000000
0.000000
0.000000
0.000000
0.000000
0.000000
50.347515
0.000000
2.296290
0.000000
99.273949
0.000000
158.154099
0.000000
0.000000
0.000000
0.000000
176.605835
0.000000
52.990749
0.000000
0.000000
36.623726
0.000000
0.000000
112.191116
44.844742
0.000000
0.000000
38.194546
0.000000
0.000000
11.935828
0.000000
0.000000
66.128914
0.000000
70.369667
0.000000
0.000000
27.277384
0.000000
0.000000
111.827965
0.000000
0.000000
0.000000
0.000000
117.700081
0.000000
0.000000
0.000000
0.000000
64.397652
0.000000
0.000000
0.000000
0.000000
0.000000
0.000000
0.000000
0.000000
0.000000
0.000000
0.000000
18.708590
0.000000
0.000000
0.000000
0.000000
64.447250
0.000000
0.000000
0.000000
98.542992
0.000000
120.314598
0.000000
0.000000
0.000000
0.000000
13.674031
0.000000
37.844898
0.000000
0.000000
49.458717
0.000000
0.000000
77.292793
115.972565
0.000000
0.000000
26.927893
0.000000
0.000000
53.437851
0.000000
0.000000
63.644032
103.117737
15.484838
0.000000
80.445686
37.876690
0.000000
0.000000
0.000000
0.000000
0.000000
0.000000
0.000000
30.091812
0.000000
0.000000
0.000000
0.000000
37.474689
49.283016
0.000000
0.000000
0.000000
0.000000
0.000000
0.000000
0.000000
0.000000
0.000000
0.000000
63.671783
0.000000
0.000000
0.000000
0.000000
72.547012
0.000000
0.000000
0.000000
132.414658
0.000000
89.316483
0.508683
0.000000
0.000000
0.000000
0.000000
0.000000
24.196312
0.000000
0.000000
16.816450
0.000000
0.000000
0.000000
145.201126
0.000000
5.103799
0.000000
0.000000
0.000000
5.256927
0.000000
0.000000
142.107132
68.750221
0.000000
0.000000
40.082684
0.869537
0.000000
0.000000
3.974144
0.000000
0.000000
19.887522
0.000000
40.108723
0.000000
0.000000
0.000000
0.000000
43.702755
4.165825
0.000000
0.000000
0.000000
0.000000
21.077417
0.000000
0.000000
0.000000
0.000000
0.000000
8.001325
0.000000
0.000000
0.000000
0.000000
33.064495
0.000000
0.000000
0.000000
120.348267
0.000000
124.245979
0.000000
0.000000
0.000000
0.000000
39.524380
0.000000
32.141071
0.000000
0.000000
4.430494
0.000000
0.000000
46.291588
77.664093
0.000000
0.000000
4.797660
0.000000
0.000000
0.000000
0.000000
0.000000
126.566177
50.301857
0.000000
0.000000
0.000000
2.023517
0.000000
0.000000
60.246716
0.000000
0.000000
19.025627
17.877678
29.702795
0.000000
0.000000
0.000000
0.000000
39.505512
0.000000
0.000000
0.000000
0.000000
0.000000
0.000000
0.000000
0.000000
0.000000
0.000000
0.000000
0.000000
0.000000
0.000000
0.000000
0.000000
50.635670
0.000000
0.000000
0.000000
113.008446
0.000000
202.307098
0.000000
0.000000
0.000000
0.000000
27.371679
0.000000
57.736141
0.000000
0.000000
0.000000
0.000000
0.000000
6.755257
49.068798
0.000000
0.000000
0.000000
0.000000
0.000000
0.000000
0.000000
0.000000
107.930107
70.391701
0.000000
0.000000
0.000000
9.651886
0.000000
0.000000
56.443108
0.000000
0.000000
12.528873
0.000000
16.296919
0.000000
0.000000
0.000000
0.000000
49.695820
0.000000
0.000000
0.000000
0.000000
0.000000
0.000000
0.000000
0.000000
0.000000
0.000000
0.000000
0.000000
0.000000
0.000000
0.000000
0.000000
58.516376
0.000000
0.000000
0.000000
126.510239
0.000000
186.092773
0.000000
0.000000
0.000000
0.000000
0.000000
0.000000
38.693130
0.000000
0.000000
15.349568
0.000000
0.000000
3.002735
58.045223
0.000000
0.000000
0.000000
0.000000
0.000000
1.163939
0.000000
0.000000
82.984894
60.970959
0.000000
0.000000
0.000000
5.026494
0.000000
0.000000
33.821983
0.000000
0.000000
28.704514
0.000000
35.037834
0.000000
0.000000
0.000000
0.000000
32.821533
1.554779
0.000000
0.000000
0.000000
0.000000
0.000000
0.000000
0.000000
0.000000
0.000000
0.000000
0.000000
0.000000
0.000000
0.000000
0.000000
49.231018
0.000000
0.000000
0.000000
117.469772
0.000000
153.086258
0.000000
0.000000
0.000000
0.000000
3.384654
0.000000
65.970703
0.000000
0.000000
0.000000
0.000000
0.000000
0.000000
94.482788
0.000000
0.000000
0.000000
0.000000
0.000000
0.000000
0.000000
0.000000
108.761688
95.445122
0.000000
0.000000
21.088863
0.000000
0.000000
0.000000
30.367630
0.000000
0.000000
28.314468
0.000000
56.685253
0.000000
0.000000
0.000000
0.000000
33.923908
0.396923
0.000000
0.000000
0.000000
0.000000
0.000000
0.000000
0.000000
0.000000
0.000000
0.000000
16.437857
0.000000
0.000000
0.000000
0.000000
72.049187
0.000000
0.000000
0.000000
101.086044
0.000000
141.565338
0.000000
0.000000
0.000000
0.000000
32.651676
0.000000
32.567169
0.000000
0.000000
0.000000
0.000000
0.000000
0.000000
120.271042
0.000000
0.000000
0.000000
0.000000
0.000000
0.000000
0.000000
0.000000
137.142914
90.493904
0.000000
0.000000
0.000000
1.777956
0.000000
0.000000
94.603409
0.000000
0.000000
7.815082
0.000000
39.706108
0.000000
0.000000
0.000000
0.000000
67.494431
0.000000
0.000000
0.000000
0.000000
0.000000
35.461514
0.000000
0.000000
0.000000
0.000000
0.000000
0.000000
0.000000
0.000000
0.000000
0.000000
0.323957
0.000000
135.450760
0.000000
114.629463
0.000000
122.204689
0.000000
0.000000
0.000000
0.000000
50.408371
0.000000
0.000000
0.000000
0.000000
0.000000
0.000000
0.000000
84.517700
123.423080
0.000000
0.000000
26.220509
0.000000
0.000000
0.000000
0.000000
0.000000
118.671463
34.126396
18.010616
16.214691
0.000000
25.595556
0.000000
0.000000
116.856041
0.000000
0.000000
0.000000
0.000000
143.638123
0.000000
0.000000
0.000000
0.000000
114.184250
0.000000
0.000000
0.000000
0.000000
0.000000
24.143267
0.000000
0.000000
0.000000
0.000000
0.000000
0.000000
0.000000
0.000000
0.000000
0.000000
0.000000
0.000000
218.064148
0.000000
59.014572
0.000000
109.570419
0.000000
0.000000
0.000000
0.000000
0.000000
0.000000
73.072281
0.000000
0.000000
0.000000
0.000000
0.000000
102.406273
97.153877
16.004208
0.000000
50.619301
0.000000
0.000000
0.000000
0.000000
0.000000
43.750526
0.239869
104.323563
0.000000
0.000000
0.000000
0.000000
0.000000
45.546577
0.000000
0.000000
44.142387
0.000000
13.992247
0.000000
0.000000
0.000000
0.000000
17.227314
0.000000
0.000000
0.000000
0.000000
0.000000
0.000000
0.000000
48.621895
0.000000
0.000000
0.000000
0.000000
0.000000
0.000000
0.000000
0.000000
30.782194
0.000000
0.000000
0.000000
76.460854
0.000000
82.712433
0.000000
0.000000
0.000000
0.000000
0.000000
0.000000
84.316505
0.000000
0.000000
44.401009
0.000000
0.000000
51.329937
88.888222
0.000000
3.303514
0.000000
0.000000
0.000000
96.375977
0.000000
0.000000
68.773033
19.693678
18.225523
0.000000
0.000000
0.000000
0.000000
0.000000
66.973656
0.000000
0.000000
24.418968
0.000000
61.910999
0.000000
0.000000
0.000000
0.000000
76.273666
0.000000
0.000000
0.000000
0.000000
0.000000
34.302681
0.000000
0.000000
0.000000
0.000000
0.000000
0.000000
0.000000
0.000000
0.000000
0.000000
29.554075
0.000000
0.000000
0.000000
111.420280
0.000000
126.079826
0.000000
0.000000
0.000000
0.000000
35.628773
0.000000
88.109612
0.000000
0.000000
0.000000
0.000000
0.000000
12.617176
80.774536
0.000000
0.000000
0.000000
0.000000
0.000000
2.167650
0.000000
0.000000
127.274544
39.561691
0.000000
0.000000
0.000000
0.000000
0.000000
0.000000
78.495216
0.000000
0.000000
0.000000
11.128980
54.340206
0.000000
0.000000
0.000000
0.000000
84.134705
0.000000
0.000000
0.000000
0.000000
0.000000
32.718998
0.000000
0.000000
0.000000
0.000000
0.000000
0.000000
0.000000
0.000000
0.000000
0.000000
13.622431
0.000000
34.502899
0.000000
120.927773
0.000000
153.187561
0.000000
0.000000
0.000000
0.000000
160.719177
0.000000
46.579613
0.000000
0.000000
35.499138
0.000000
13.372220
108.744179
30.957863
0.000000
0.000000
35.317039
0.000000
0.000000
5.688450
0.000000
0.000000
77.168327
0.000000
39.441818
0.000000
0.000000
4.647062
0.000000
0.000000
102.065468
0.000000
0.000000
0.000000
24.314260
90.667625
0.000000
0.000000
0.000000
0.000000
56.562717
0.000000
0.000000
0.000000
0.000000
0.000000
0.000000
0.000000
0.000000
0.000000
0.000000
0.000000
0.000000
0.000000
0.000000
0.000000
0.000000
62.293991
0.000000
0.000000
0.000000
95.084923
0.000000
156.337097
0.000000
0.000000
0.000000
0.000000
10.261041
0.000000
33.816936
0.000000
0.000000
11.861629
0.000000
0.000000
75.811737
83.877266
0.000000
0.000000
10.751571
0.000000
0.000000
47.718208
0.000000
0.000000
68.289352
80.335075
0.571673
0.000000
63.417740
3.405925
0.000000
0.000000
46.589306
0.000000
0.000000
0.000000
0.000000
6.207168
0.000000
0.000000
0.000000
0.000000
53.637226
61.051651
0.000000
0.000000
0.000000
0.000000
0.000000
0.000000
0.000000
0.000000
0.000000
0.000000
6.974618
0.000000
0.000000
0.000000
0.000000
91.935013
0.000000
0.000000
0.000000
148.015503
0.000000
127.670746
0.000000
0.000000
0.000000
0.000000
0.000000
0.000000
0.000000
0.000000
0.000000
50.277340
0.000000
0.000000
0.000000
153.625381
0.000000
6.306517
0.000000
0.000000
0.000000
27.664471
0.000000
0.000000
141.559677
56.809303
20.909485
0.000000
44.189316
35.236656
0.000000
0.000000
10.617064
0.000000
0.000000
0.000000
0.000000
28.684317
0.000000
0.000000
0.000000
0.000000
59.421444
50.425987
0.000000
0.000000
0.000000
0.000000
0.000000
0.000000
0.000000
0.000000
0.000000
0.000000
0.000000
0.000000
0.000000
0.000000
0.000000
83.851295
0.000000
0.000000
0.000000
148.881592
0.000000
129.796021
0.000000
0.000000
0.000000
0.000000
0.000000
0.000000
18.453808
0.000000
0.000000
15.814117
0.000000
0.000000
0.000000
124.924713
0.000000
0.000000
0.000000
0.000000
0.000000
15.985469
0.000000
0.000000
161.462479
70.643311
0.000000
0.000000
13.157766
54.832508
0.000000
0.000000
26.065323
0.000000
0.000000
0.000000
0.000000
14.262734
0.000000
0.000000
0.000000
0.000000
93.377563
14.103828
0.000000
0.000000
0.000000
0.000000
21.977842
0.000000
0.000000
0.000000
0.000000
0.000000
0.000000
0.000000
0.000000
0.000000
0.000000
55.044323
0.000000
0.000000
0.000000
160.040756
0.000000
179.313354
0.000000
0.000000
0.000000
0.000000
15.545018
0.000000
9.517412
0.000000
0.000000
15.431391
0.000000
13.608798
34.095768
87.335251
0.000000
0.000000
0.000000
0.000000
0.000000
0.000000
0.000000
0.000000
159.738663
72.919273
3.146794
0.000000
0.102460
3.607796
0.000000
0.000000
39.649712
0.000000
0.000000
0.000000
0.000000
34.586330
0.000000
0.000000
0.000000
0.000000
67.180389
1.721861
0.000000
0.000000
0.000000
0.000000
0.000000
0.000000
0.000000
0.000000
0.000000
0.000000
0.000000
0.000000
0.000000
0.000000
0.000000
59.367893
0.000000
0.000000
0.000000
132.379791
0.000000
166.433075
0.000000
0.000000
0.000000
0.000000
33.277752
0.000000
12.942786
0.000000
0.000000
20.625814
0.000000
0.000000
32.859795
85.452026
0.000000
0.000000
0.000000
0.000000
0.000000
0.000000
0.000000
0.000000
118.365814
98.157288
46.694336
0.000000
21.073957
6.015652
0.000000
0.000000
12.663136
0.000000
0.000000
0.000000
0.000000
57.140289
0.000000
0.000000
0.000000
0.000000
57.286793
0.000000
0.000000
0.000000
0.000000
0.000000
0.000000
0.000000
0.000000
0.000000
0.000000
0.000000
0.000000
0.000000
0.000000
0.000000
0.000000
54.134609
0.000000
0.000000
0.000000
119.761414
0.000000
123.925522
0.000000
0.000000
0.000000
0.000000
20.343258
0.000000
35.364769
0.000000
0.000000
0.000000
0.000000
0.000000
0.000000
121.069260
0.000000
0.000000
0.000000
0.000000
0.000000
0.000000
0.000000
0.000000
168.618591
98.120277
0.000000
0.000000
46.863575
0.000000
0.000000
0.000000
25.531404
0.000000
0.000000
0.000000
0.000000
50.123753
0.000000
0.000000
0.000000
0.000000
81.609116
0.000000
0.000000
0.000000
0.000000
0.000000
18.982931
0.000000
0.000000
0.000000
0.000000
0.000000
0.000000
0.000000
0.000000
0.000000
0.000000
47.316231
0.000000
0.000000
0.000000
121.389763
0.000000
126.209473
0.000000
0.000000
0.000000
0.000000
52.375042
0.000000
0.000000
0.000000
0.000000
0.000000
0.000000
0.000000
0.000000
126.181908
0.000000
0.000000
0.000000
0.000000
0.000000
0.000000
0.000000
0.000000
183.151016
91.635918
0.000000
0.000000
0.000000
0.000000
0.000000
0.000000
85.268883
0.000000
0.000000
0.000000
0.000000
22.237722
0.000000
0.000000
0.000000
0.000000
94.145256
0.000000
0.000000
0.000000
0.000000
0.000000
51.797657
0.000000
0.000000
0.000000
0.000000
0.000000
0.000000
0.000000
0.000000
0.000000
0.000000
0.000000
0.000000
141.727036
0.000000
123.066223
0.000000
123.393898
0.000000
0.000000
0.000000
0.000000
45.712250
0.000000
0.000000
0.000000
0.000000
0.000000
0.000000
0.000000
98.757736
106.771454
0.000000
0.000000
35.132324
0.000000
0.000000
0.000000
0.000000
0.000000
108.644981
1.544772
26.526855
17.146488
0.000000
40.354904
0.000000
0.000000
103.301796
0.000000
0.000000
8.531235
0.000000
135.152466
0.000000
0.000000
0.000000
0.000000
112.940155
0.000000
0.000000
0.000000
0.000000
0.000000
10.490498
0.000000
0.000000
0.000000
0.000000
0.000000
0.000000
0.000000
0.000000
0.000000
0.000000
0.000000
0.000000
213.360870
0.000000
48.114628
0.000000
112.939499
0.000000
0.000000
0.000000
0.000000
0.000000
0.000000
80.521126
0.000000
0.000000
0.000000
0.000000
0.000000
101.417542
79.011192
0.000000
0.000000
49.500084
0.000000
0.000000
0.000000
0.000000
0.000000
0.000000
0.000000
106.484962
0.000000
0.000000
0.000000
0.000000
0.000000
15.892084
0.000000
0.000000
5.788253
0.000000
13.613871
0.000000
0.000000
0.000000
0.000000
10.205316
0.000000
0.000000
0.000000
0.000000
0.000000
0.000000
0.000000
41.677238
0.000000
0.000000
0.000000
0.000000
0.000000
0.000000
0.000000
0.000000
0.000000
0.000000
0.000000
0.000000
86.812668
0.000000
77.359192
0.000000
0.000000
0.000000
0.000000
0.000000
0.000000
75.966370
0.000000
0.000000
53.487625
0.000000
0.000000
67.700165
77.830505
0.000000
0.000000
0.000000
0.000000
0.000000
110.234230
0.000000
0.000000
66.792435
20.966633
26.879551
0.000000
37.205536
29.771006
0.000000
0.000000
13.347982
0.000000
0.000000
0.000000
0.000000
30.008883
0.000000
0.000000
0.000000
0.000000
81.607269
11.701265
0.000000
0.000000
0.000000
0.000000
30.544966
0.000000
0.000000
0.000000
0.000000
0.000000
0.000000
0.000000
0.000000
0.000000
0.000000
8.419488
0.000000
0.000000
0.000000
125.436523
0.000000
106.500549
0.000000
0.000000
0.000000
0.000000
60.399185
0.000000
37.136337
0.000000
0.000000
0.000000
0.000000
6.971385
19.486681
100.070862
0.000000
0.000000
0.000000
0.000000
0.000000
16.933905
0.000000
0.000000
161.932739
54.860920
0.000000
0.000000
13.118593
12.270809
0.000000
0.000000
60.408600
0.000000
0.000000
0.000000
20.038326
31.775055
0.000000
0.000000
0.000000
0.000000
78.926537
0.000000
0.000000
0.000000
0.000000
0.000000
21.109037
0.000000
0.000000
0.000000
0.000000
0.000000
0.000000
0.000000
0.000000
0.000000
0.000000
8.860024
0.000000
11.676160
0.000000
113.633942
0.000000
141.925888
0.000000
0.000000
0.000000
0.000000
65.808586
0.000000
40.176502
0.000000
0.000000
35.468102
0.000000
8.133926
68.755577
41.377399
0.000000
0.000000
0.000000
0.000000
0.000000
0.000000
0.000000
0.000000
121.226479
32.323349
0.000000
0.000000
0.000000
2.910851
0.000000
0.000000
71.470642
0.000000
0.000000
0.000000
3.443507
32.488693
0.000000
0.000000
0.000000
0.000000
54.996082
0.000000
0.000000
0.000000
0.000000
0.000000
0.000000
0.000000
0.000000
0.000000
0.000000
0.000000
0.000000
0.000000
0.000000
0.000000
0.000000
48.001167
0.000000
0.000000
0.000000
96.534103
0.000000
169.383575
0.000000
0.000000
0.000000
0.000000
39.268635
0.000000
47.795631
0.000000
0.000000
40.964336
0.000000
0.000000
41.647007
47.313892
0.000000
0.000000
0.000000
0.000000
0.000000
17.328503
0.000000
0.000000
57.468204
59.758503
0.000000
0.000000
19.393518
0.000000
0.000000
0.000000
52.009430
0.000000
0.000000
0.000000
0.000000
11.377799
0.000000
0.000000
0.000000
0.000000
58.259434
35.124710
0.000000
0.000000
0.000000
0.000000
0.000000
0.000000
0.000000
0.000000
0.000000
0.000000
0.000000
0.000000
0.000000
0.000000
0.000000
64.822067
0.000000
0.000000
0.000000
124.762947
0.000000
163.489380
0.000000
0.000000
0.000000
0.000000
0.000000
0.000000
23.438307
0.000000
0.000000
82.916481
0.000000
0.000000
9.059849
68.507439
0.000000
7.176122
0.000000
0.000000
0.000000
36.251793
0.000000
0.000000
70.553909
46.227364
23.865990
0.000000
24.189440
5.053720
0.000000
0.000000
58.032482
0.000000
0.000000
0.000000
0.000000
36.057888
0.000000
0.000000
0.000000
0.000000
52.877781
51.830170
0.000000
0.000000
0.000000
0.000000
0.000000
0.000000
0.000000
0.000000
0.000000
0.000000
0.000000
0.000000
0.000000
0.000000
0.000000
50.555645
0.000000
0.000000
0.000000
132.559830
0.000000
143.524582
0.000000
0.000000
0.000000
0.000000
0.000000
0.000000
22.168066
0.000000
0.000000
61.271946
0.000000
0.000000
26.605854
119.439384
0.000000
12.388573
0.000000
0.000000
0.000000
39.300499
0.000000
0.000000
113.045586
90.496536
0.000000
0.000000
38.058361
18.021919
0.000000
0.000000
26.600916
0.000000
0.000000
0.000000
0.000000
53.754841
0.000000
0.000000
0.000000
0.000000
76.048988
23.729296
0.000000
0.000000
0.000000
0.000000
0.000000
0.000000
0.000000
0.000000
0.000000
0.000000
0.000000
0.000000
0.000000
0.000000
0.000000
53.087540
0.000000
0.000000
0.000000
164.424988
0.000000
143.378311
0.000000
0.000000
0.000000
0.000000
68.909485
0.000000
0.000000
0.000000
0.000000
47.759987
0.000000
0.000000
36.481422
108.209763
0.000000
0.000000
0.000000
0.000000
0.000000
0.000000
0.000000
0.000000
150.500824
100.502106
35.477074
0.000000
21.663668
0.000000
0.000000
0.000000
23.510288
0.000000
0.000000
8.777445
0.000000
48.227142
0.000000
0.000000
0.000000
0.000000
53.484840
0.000000
0.000000
0.000000
0.000000
0.000000
0.000000
0.000000
0.000000
0.000000
0.000000
0.000000
0.000000
0.000000
0.000000
0.000000
0.000000
50.577061
0.000000
0.000000
0.000000
117.289604
0.000000
135.067123
0.000000
0.000000
0.000000
0.000000
44.952442
0.000000
34.243324
0.000000
0.000000
0.000000
0.000000
0.000000
12.562737
93.803909
0.000000
0.000000
0.000000
0.000000
0.000000
0.000000
0.000000
0.000000
163.024048
92.354736
58.411873
0.000000
43.138535
0.000000
0.000000
0.000000
3.831474
0.000000
0.000000
3.855068
0.000000
62.216225
0.000000
0.000000
0.000000
0.000000
88.490486
0.000000
0.000000
0.000000
0.000000
0.000000
19.803263
0.000000
0.000000
0.000000
0.000000
0.000000
0.000000
0.000000
0.000000
0.000000
0.000000
38.897221
0.000000
0.000000
0.000000
118.524261
0.000000
116.880470
0.000000
0.000000
0.000000
0.000000
39.704853
0.000000
31.360395
0.000000
0.000000
0.000000
0.000000
0.000000
0.000000
125.770630
0.000000
0.000000
0.000000
0.000000
0.000000
0.000000
0.000000
0.000000
191.145462
94.745995
0.000000
0.000000
53.010937
0.000000
0.000000
0.000000
3.293161
0.000000
0.000000
0.000000
0.000000
54.829853
0.000000
0.000000
0.000000
0.000000
113.386024
0.000000
0.000000
0.000000
0.000000
0.000000
45.205830
0.000000
0.000000
0.000000
0.000000
0.000000
0.000000
0.000000
0.000000
0.000000
0.000000
7.048437
0.000000
0.000000
0.000000
148.659546
0.000000
138.697266
0.000000
0.000000
0.000000
0.000000
55.151989
0.000000
0.000000
0.000000
0.000000
7.055698
0.000000
11.007827
12.777260
119.508728
0.000000
0.000000
0.000000
0.000000
0.000000
0.000000
0.000000
0.000000
194.727371
69.123901
0.000000
0.000000
0.000000
0.000000
0.000000
0.000000
73.599709
0.000000
0.000000
0.000000
0.000000
19.443769
0.000000
0.000000
0.000000
0.000000
102.321312
0.000000
0.000000
0.000000
0.000000
0.000000
54.834042
0.000000
0.000000
0.000000
0.000000
0.000000
0.000000
0.000000
0.000000
0.000000
0.000000
0.000000
0.000000
130.578003
0.000000
121.597733
0.000000
152.837509
0.000000
0.000000
7.394334
0.000000
48.933128
0.000000
0.000000
0.000000
0.000000
0.000000
0.000000
0.000000
83.606171
67.568466
0.776764
0.000000
1.235228
0.000000
0.000000
0.000000
0.000000
0.000000
94.012657
0.000000
14.018062
16.518770
0.000000
35.775146
0.000000
0.000000
70.155785
0.000000
0.000000
0.000000
0.000000
90.381126
0.000000
0.000000
0.000000
0.000000
86.139809
0.000000
0.000000
0.000000
0.000000
0.000000
0.718967
0.000000
0.000000
0.000000
0.000000
0.000000
0.000000
0.000000
0.000000
0.000000
0.000000
14.912492
0.000000
148.182739
0.000000
38.654613
41.398659
80.709709
0.000000
0.000000
3.194600
0.000000
0.000000
0.000000
59.973671
0.000000
0.000000
2.062700
0.000000
0.000000
84.076889
54.771011
0.000000
0.000000
23.082748
0.000000
0.000000
11.303441
0.000000
0.000000
0.000000
0.000000
69.704773
0.000000
0.000000
0.000000
0.000000
0.000000
3.878302
0.000000
0.000000
0.000000
0.000000
13.553003
0.000000
0.000000
0.000000
0.000000
5.236520
0.000000
0.000000
0.000000
0.000000
0.000000
0.000000
0.000000
0.000000
0.000000
0.000000
0.000000
0.000000
0.000000
0.000000
0.000000
0.000000
33.668888
0.000000
0.000000
0.000000
85.291534
0.000000
83.009270
0.000000
0.000000
0.000000
0.000000
0.000000
0.000000
72.166328
0.000000
0.000000
54.046856
0.000000
0.000000
34.390450
56.708519
0.000000
0.000000
0.000000
0.000000
0.000000
107.349075
0.000000
0.000000
55.186127
18.591206
34.596069
0.000000
62.100803
0.000000
0.000000
0.000000
0.000000
0.000000
0.000000
7.379074
0.000000
36.822056
0.000000
0.000000
0.000000
0.000000
38.524876
0.000000
0.000000
0.000000
0.000000
0.000000
4.104197
0.000000
0.000000
0.000000
0.000000
0.000000
5.936552
0.000000
0.000000
0.000000
0.000000
34.398659
0.000000
0.000000
0.000000
108.098763
0.000000
84.918419
0.000000
0.000000
0.000000
0.000000
34.794159
0.000000
65.567314
0.000000
0.000000
0.000000
0.000000
0.000000
0.000000
123.035065
0.000000
0.000000
0.000000
0.000000
0.000000
41.387943
0.000000
0.000000
165.244339
36.098846
0.000000
0.000000
40.305489
0.000000
0.000000
0.000000
34.987358
0.000000
0.000000
18.273832
0.000000
31.915470
0.000000
0.000000
0.000000
0.000000
64.235458
0.000000
0.000000
0.000000
0.000000
0.000000
9.562759
0.000000
0.000000
0.000000
0.000000
0.000000
0.000000
0.000000
0.000000
0.000000
0.000000
23.367439
0.000000
0.000000
0.000000
103.744957
0.000000
136.232895
0.000000
0.000000
0.000000
0.000000
59.051617
0.000000
33.073967
0.000000
0.000000
32.679531
0.000000
0.000000
61.222565
72.725670
0.000000
0.000000
0.000000
0.000000
0.000000
0.000000
0.000000
0.000000
152.522446
28.992649
0.000000
0.000000
0.000000
30.294760
0.000000
0.000000
62.908962
0.000000
0.000000
28.680073
0.000000
44.000797
0.000000
0.000000
0.000000
0.000000
44.701607
0.000000
0.000000
0.000000
0.000000
0.000000
0.000000
0.000000
0.000000
0.000000
0.000000
0.000000
0.000000
0.000000
0.000000
0.000000
0.000000
36.761318
0.000000
0.000000
0.000000
107.159439
0.000000
170.778656
0.000000
0.000000
0.000000
0.000000
40.776432
0.000000
72.735359
0.000000
0.000000
34.290825
0.000000
11.787513
34.821640
47.575794
0.000000
0.000000
0.000000
0.000000
0.000000
2.445661
0.000000
0.000000
73.161964
49.709488
0.000000
0.000000
0.000000
34.389370
0.000000
0.000000
55.036453
0.000000
0.000000
45.782448
0.000000
9.146270
0.000000
0.000000
0.000000
0.000000
38.265675
0.000000
0.000000
0.000000
0.000000
0.000000
0.000000
0.000000
0.000000
0.000000
0.000000
0.000000
0.000000
0.000000
0.000000
0.000000
0.000000
57.385406
0.000000
0.000000
0.000000
140.840759
0.000000
160.823425
0.000000
0.000000
0.000000
0.000000
0.000000
0.000000
37.195084
0.000000
0.000000
45.738335
0.000000
0.000000
0.000000
52.993710
0.000000
0.000000
0.000000
0.000000
0.000000
6.248248
0.000000
0.000000
76.669159
38.225899
20.269777
0.000000
2.097361
0.000000
0.000000
0.000000
43.238049
0.000000
0.000000
23.059269
0.000000
37.814594
0.000000
0.000000
0.000000
0.000000
35.993214
9.282848
0.000000
0.000000
0.000000
0.000000
0.000000
0.000000
0.000000
0.000000
0.000000
0.000000
0.000000
0.000000
0.000000
0.000000
0.000000
63.776207
0.000000
0.000000
0.000000
109.167793
0.000000
128.386978
0.000000
0.000000
0.000000
0.000000
0.000000
0.000000
59.647381
0.000000
0.000000
15.887116
0.000000
0.000000
17.142035
85.063683
0.000000
0.000000
0.000000
0.000000
0.000000
44.517162
0.000000
0.000000
103.044472
56.752296
13.977318
0.000000
37.705860
0.000000
0.000000
0.000000
28.423267
0.000000
0.000000
31.804510
0.000000
69.022705
0.000000
0.000000
0.000000
0.000000
41.126518
0.000000
0.000000
0.000000
0.000000
0.000000
0.000000
0.000000
0.000000
0.000000
0.000000
0.000000
0.000000
0.000000
0.000000
0.000000
0.000000
62.453712
0.000000
0.000000
0.000000
97.692802
0.000000
117.093498
0.000000
0.000000
0.000000
0.000000
82.489761
0.000000
37.655746
0.000000
0.000000
0.000000
0.000000
0.000000
1.130854
95.868095
0.000000
0.000000
0.000000
0.000000
0.000000
0.000000
0.000000
0.000000
170.477570
82.156380
41.544403
0.000000
39.095116
1.093425
0.000000
0.000000
2.991294
0.000000
0.000000
9.000486
0.000000
48.201530
0.000000
0.000000
0.000000
0.000000
92.020897
0.000000
0.000000
0.000000
0.000000
0.000000
8.561494
0.000000
0.000000
0.000000
0.000000
0.000000
0.000000
0.000000
0.000000
0.000000
0.000000
26.236387
0.000000
0.000000
0.000000
126.134995
0.000000
119.645622
0.000000
0.000000
0.000000
0.000000
45.856991
0.000000
20.801947
0.000000
0.000000
0.000000
0.000000
0.000000
0.000000
97.590149
0.000000
0.000000
0.000000
0.000000
0.000000
0.000000
0.000000
0.000000
195.836823
86.570602
56.927864
0.000000
60.898434
0.000000
0.000000
0.000000
0.000000
0.000000
0.000000
0.000000
0.000000
47.358330
0.000000
0.000000
0.000000
0.000000
119.111382
0.000000
0.000000
0.000000
0.000000
0.000000
32.926235
0.000000
0.000000
0.000000
0.000000
0.000000
0.000000
0.000000
0.000000
0.000000
0.000000
0.000000
0.000000
0.000000
0.000000
151.120605
0.000000
117.650291
0.000000
0.000000
0.000000
0.000000
25.318798
0.000000
7.609703
0.000000
0.000000
0.000000
0.000000
0.000000
0.000000
112.684113
0.000000
0.000000
0.000000
0.000000
0.000000
0.000000
0.000000
0.000000
204.636078
86.694366
0.000000
0.000000
48.074677
0.000000
0.000000
0.000000
0.000000
0.000000
0.000000
0.000000
0.000000
40.577213
0.000000
0.000000
0.000000
0.000000
132.220108
0.000000
0.000000
0.000000
0.000000
0.000000
50.461864
0.000000
0.000000
0.000000
0.000000
0.000000
0.000000
0.000000
0.000000
0.000000
0.000000
0.000000
0.000000
19.941538
0.000000
154.258865
0.000000
144.791367
0.000000
0.000000
0.000000
0.000000
70.818901
0.000000
0.000000
0.000000
0.000000
28.032539
0.000000
31.143009
47.963417
96.664558
0.000000
0.000000
0.000000
0.000000
0.000000
0.000000
0.000000
0.000000
189.363342
47.460251
0.000000
0.000000
0.000000
0.000000
0.000000
0.000000
33.179070
0.000000
0.000000
0.000000
0.000000
27.348713
0.000000
0.000000
0.000000
0.000000
110.742462
0.000000
0.000000
0.000000
0.000000
0.000000
1.439791
0.000000
0.000000
0.000000
0.000000
0.000000
0.000000
0.000000
0.000000
0.000000
0.000000
0.000000
0.000000
77.858528
0.000000
104.373489
0.000000
150.481384
0.000000
0.000000
19.825674
0.000000
78.980225
0.000000
9.448280
0.000000
0.000000
0.000000
0.000000
0.000000
93.664261
60.032192
19.123840
0.000000
0.000000
0.000000
0.000000
0.000000
0.000000
0.000000
60.623013
20.052652
13.727779
16.417057
0.000000
6.329780
0.000000
0.000000
17.193804
0.000000
0.000000
12.636038
0.000000
50.682220
0.000000
0.000000
0.000000
0.000000
73.873589
0.000000
0.000000
0.000000
0.000000
0.000000
0.000000
0.000000
0.000000
0.000000
0.000000
0.000000
0.000000
0.000000
0.000000
0.000000
0.000000
33.707439
0.000000
83.466255
0.000000
20.228828
43.685230
83.753166
0.000000
0.000000
4.858468
0.000000
0.000000
0.000000
57.925301
0.000000
0.000000
6.162838
0.000000
0.000000
61.473579
39.719372
0.000000
0.000000
0.000000
0.000000
0.000000
14.442838
0.000000
0.000000
0.000000
0.000000
57.568333
0.000000
0.000000
0.000000
0.000000
0.000000
14.900368
0.000000
0.000000
8.708500
0.000000
13.698992
0.000000
0.000000
0.000000
0.000000
36.510403
0.000000
0.000000
0.000000
0.000000
0.000000
0.000000
0.000000
0.000000
0.000000
0.000000
0.000000
0.000000
0.000000
0.000000
0.000000
0.000000
20.770180
0.000000
0.000000
0.000000
95.863571
0.000000
100.482704
0.000000
0.000000
3.033651
0.000000
0.000000
0.000000
67.101326
0.000000
0.000000
58.974255
0.000000
12.953806
16.270565
30.379639
0.000000
0.000000
0.000000
0.000000
0.000000
66.743645
0.000000
0.000000
62.594833
5.320827
49.221119
0.000000
14.663432
0.000000
0.000000
0.000000
0.000000
0.000000
0.000000
0.000000
0.000000
33.119812
0.000000
0.000000
0.000000
0.000000
58.989109
12.851448
0.000000
0.000000
0.000000
0.000000
4.998111
0.000000
0.000000
0.000000
0.000000
0.000000
0.000000
0.000000
0.000000
0.000000
0.000000
31.104912
0.000000
0.000000
0.000000
126.212708
0.000000
120.665794
0.000000
0.000000
0.000000
0.000000
0.000000
0.000000
44.694756
0.000000
0.000000
27.389988
0.000000
0.000000
0.000000
101.203682
0.000000
0.000000
0.000000
0.000000
0.000000
50.638321
0.000000
0.000000
134.447891
37.473625
0.000000
0.000000
24.329489
0.000000
0.000000
0.000000
25.034414
0.000000
0.000000
0.000000
0.000000
32.665752
0.000000
0.000000
0.000000
0.000000
87.586609
0.000000
0.000000
0.000000
0.000000
0.000000
25.419950
0.000000
0.000000
0.000000
0.000000
0.000000
0.000000
0.000000
0.000000
0.000000
0.000000
28.600090
0.000000
0.000000
0.000000
136.103683
0.000000
131.627655
0.000000
0.000000
0.000000
0.000000
46.920212
0.000000
9.396253
0.000000
0.000000
11.656448
0.000000
0.000000
21.624678
89.907471
0.000000
0.000000
0.000000
0.000000
0.000000
0.000000
0.000000
0.000000
148.173523
59.419098
0.000000
0.000000
14.079378
8.069759
0.000000
0.000000
51.785263
0.000000
0.000000
0.000000
0.000000
29.278542
0.000000
0.000000
0.000000
0.000000
101.287704
24.688354
0.000000
0.000000
0.000000
0.000000
4.361082
0.000000
0.000000
0.000000
0.000000
0.000000
0.000000
0.000000
0.000000
0.000000
0.000000
43.940742
0.000000
0.000000
0.000000
147.011337
0.000000
151.991898
0.000000
0.000000
0.000000
0.000000
33.932972
0.000000
31.104647
0.000000
0.000000
48.749329
0.000000
7.093777
39.027767
74.098434
0.000000
0.000000
0.000000
0.000000
0.000000
0.000000
0.000000
0.000000
102.733253
40.347801
0.000000
0.000000
40.355953
8.179621
0.000000
0.000000
64.670715
0.000000
0.000000
0.000000
0.000000
27.181324
0.000000
15.729093
0.000000
0.000000
71.293030
21.944151
0.000000
0.000000
0.000000
0.000000
0.000000
0.000000
0.000000
0.000000
0.000000
0.000000
0.572388
0.000000
0.000000
0.000000
0.000000
66.304665
0.000000
0.000000
0.000000
142.403717
0.000000
135.923080
0.000000
0.000000
2.328676
0.000000
10.634528
0.000000
0.000000
0.000000
0.000000
68.080856
0.000000
0.000000
10.177261
94.963257
2.343290
0.000000
0.000000
0.000000
0.000000
0.000000
0.000000
0.000000
99.480446
59.482704
50.264130
0.000000
21.791578
0.000000
0.000000
0.000000
39.738548
0.000000
0.000000
0.000000
0.000000
40.436287
0.000000
0.000000
0.000000
0.000000
57.148342
39.497250
0.000000
0.000000
0.000000
0.000000
0.000000
0.000000
0.000000
0.000000
0.000000
0.000000
0.000000
0.000000
0.000000
0.000000
0.000000
64.406387
0.000000
0.000000
0.000000
146.616562
0.000000
130.333679
0.000000
0.000000
0.000000
0.000000
0.000000
0.000000
27.232084
0.000000
0.000000
63.034714
0.000000
0.000000
23.466103
87.045143
0.000000
0.000000
0.000000
0.000000
0.000000
46.709938
0.000000
0.000000
128.025146
80.507362
33.957260
0.000000
30.915373
16.572803
0.000000
0.000000
27.559683
0.000000
0.000000
0.000000
0.000000
52.837036
0.000000
0.000000
0.000000
0.000000
84.179085
3.398701
0.000000
0.000000
0.000000
0.000000
0.000000
0.000000
0.000000
0.000000
0.000000
0.000000
0.000000
0.000000
0.000000
0.000000
0.000000
35.409939
0.000000
0.000000
0.000000
130.873276
0.000000
133.803986
0.000000
0.000000
0.000000
0.000000
39.977207
0.000000
21.842178
0.000000
0.000000
0.000000
0.000000
0.000000
0.000000
110.343887
0.000000
0.000000
0.000000
0.000000
0.000000
0.000000
0.000000
0.000000
181.328690
100.072121
30.782375
0.000000
44.244400
2.589366
0.000000
0.000000
0.000000
0.000000
0.000000
0.000000
0.000000
51.047783
0.000000
0.000000
0.000000
0.000000
96.826065
0.000000
0.000000
0.000000
0.000000
0.000000
15.464024
0.000000
0.000000
0.000000
0.000000
0.000000
0.000000
0.000000
0.000000
0.000000
0.000000
0.149817
0.000000
0.000000
0.000000
135.766785
0.000000
116.245613
0.000000
0.000000
0.000000
0.000000
63.401867
0.000000
1.943438
0.000000
0.000000
0.000000
0.000000
0.000000
0.000000
109.258316
0.000000
0.000000
0.000000
0.000000
0.000000
0.000000
0.000000
0.000000
201.735886
99.337852
42.563259
0.000000
53.405491
0.827075
0.000000
0.000000
0.000000
0.000000
0.000000
0.000000
0.000000
45.497841
0.000000
0.000000
0.000000
0.000000
112.461945
0.000000
0.000000
0.000000
0.000000
0.000000
30.269566
0.000000
0.000000
0.000000
0.000000
0.000000
0.000000
0.000000
0.000000
0.000000
0.000000
0.000000
0.000000
0.000000
0.000000
154.989578
0.000000
115.975388
0.000000
0.000000
0.000000
0.000000
33.487373
0.000000
0.000000
0.000000
0.000000
0.000000
0.000000
0.000000
0.000000
108.778183
0.000000
0.000000
0.000000
0.000000
0.000000
0.000000
0.000000
0.000000
207.215179
88.438797
0.000000
0.000000
39.805092
6.602641
0.000000
0.000000
24.742931
0.000000
0.000000
0.000000
0.000000
31.007389
0.000000
0.000000
0.000000
0.000000
120.798325
0.000000
0.000000
0.000000
0.000000
0.000000
48.021786
0.000000
0.000000
0.000000
0.000000
0.000000
0.000000
0.000000
0.000000
0.000000
0.000000
0.000000
0.000000
26.634295
0.000000
152.008545
0.000000
129.671143
0.000000
0.000000
0.000000
0.000000
42.379391
0.000000
0.000000
0.000000
0.000000
0.000000
0.000000
25.612310
56.014671
83.509117
0.000000
0.000000
0.000000
0.000000
0.000000
0.000000
0.000000
0.000000
181.183762
51.403942
0.000000
0.000000
5.361738
9.943181
0.000000
0.000000
48.740559
0.000000
0.000000
19.520071
0.000000
6.326419
0.000000
0.000000
0.000000
0.000000
88.555344
0.000000
0.000000
0.000000
0.000000
0.000000
0.000000
0.000000
0.000000
0.000000
0.000000
0.000000
0.000000
0.000000
0.000000
0.000000
0.000000
0.000000
0.000000
63.559311
0.000000
50.915859
0.000000
116.774231
0.000000
0.000000
0.000000
0.000000
50.209801
0.000000
34.556023
0.000000
0.000000
0.000000
0.000000
0.000000
110.792557
41.753357
0.000000
0.000000
0.000000
0.000000
0.000000
0.000000
0.000000
0.000000
23.905399
6.874918
17.351645
18.163673
18.898394
20.798239
0.000000
0.000000
25.510637
0.000000
0.000000
18.401134
0.000000
50.234661
0.000000
0.000000
0.000000
0.000000
25.230238
0.000000
0.000000
0.000000
0.000000
0.000000
0.000000
0.000000
0.000000
0.000000
0.000000
0.000000
26.538809
0.000000
0.000000
0.000000
0.000000
0.000000
0.000000
53.427074
0.000000
25.811754
4.199950
89.374649
0.000000
0.000000
0.000000
0.000000
0.000000
1.761457
53.074223
0.000000
0.000000
0.000000
0.000000
0.000000
43.715557
62.735565
0.000000
0.000000
2.908626
0.000000
0.000000
0.943536
0.000000
0.000000
0.000000
0.000000
0.000000
0.000000
0.000000
0.000000
0.000000
0.000000
10.850881
0.000000
0.000000
42.089813
0.000000
0.000000
0.000000
0.000000
0.000000
0.000000
41.183140
0.000000
0.000000
0.000000
0.000000
0.000000
0.000000
0.000000
0.000000
0.000000
0.000000
0.000000
0.000000
0.000000
0.000000
0.000000
0.000000
3.357410
0.000000
0.000000
0.000000
95.618134
0.000000
115.535805
0.000000
0.000000
0.000000
0.000000
0.000000
0.000000
54.612972
0.000000
0.000000
51.686546
0.000000
38.287762
2.260340
0.000000
0.000000
0.000000
0.000000
0.000000
0.000000
26.981045
0.000000
0.000000
13.968682
0.000000
38.894112
0.000000
18.776518
0.000000
0.000000
0.000000
0.000000
0.000000
0.000000
23.470364
0.000000
3.076713
0.000000
0.000000
0.000000
0.000000
61.007683
13.185406
0.000000
0.000000
0.000000
0.000000
0.000000
0.000000
0.000000
0.000000
0.000000
0.000000
0.000000
0.000000
0.000000
0.000000
0.000000
10.653478
0.000000
0.000000
0.000000
130.906464
0.000000
132.650192
0.000000
0.000000
0.000000
0.000000
0.000000
0.000000
34.903221
0.000000
0.000000
34.826317
0.000000
0.000000
0.000000
62.334572
0.000000
0.000000
0.000000
0.000000
0.000000
38.869370
0.000000
0.000000
102.453804
22.243364
0.000000
0.000000
51.791958
13.318690
0.000000
0.000000
7.651620
0.000000
0.000000
24.770452
0.000000
38.114868
0.000000
0.000000
0.000000
0.000000
75.816109
18.634626
0.000000
0.000000
0.000000
0.000000
2.193155
0.000000
0.000000
0.000000
0.000000
0.000000
0.000000
0.000000
0.000000
0.000000
0.000000
0.000000
0.000000
0.000000
0.000000
126.718231
0.000000
124.020401
0.000000
0.000000
0.000000
0.000000
17.713242
0.000000
12.955886
0.000000
0.000000
0.000000
0.000000
0.000000
0.000000
87.512779
0.000000
0.000000
0.000000
0.000000
0.000000
0.000000
0.000000
0.000000
142.136917
32.920498
0.000000
0.000000
19.008255
7.386618
0.000000
0.000000
29.804932
0.000000
0.000000
48.184044
0.000000
51.268604
0.000000
0.000000
0.000000
0.000000
93.001541
3.940434
0.000000
0.000000
0.000000
0.000000
0.000000
0.000000
0.000000
0.000000
0.000000
0.000000
0.000000
0.000000
0.000000
0.000000
0.000000
24.318859
0.000000
0.000000
0.000000
116.371422
0.000000
153.718292
0.000000
0.000000
0.000000
0.000000
66.173439
0.000000
14.309496
0.000000
0.000000
31.170767
0.000000
4.830447
42.838482
82.596992
0.000000
0.000000
0.000000
0.000000
0.000000
0.000000
0.000000
0.000000
102.794327
11.886826
0.000000
0.000000
20.123810
1.399212
0.000000
0.000000
62.977543
0.000000
0.000000
40.101734
0.000000
54.773914
0.000000
0.000000
0.000000
0.000000
34.475166
21.395367
0.000000
0.000000
0.000000
0.000000
0.000000
0.000000
0.000000
0.000000
0.000000
0.000000
0.000000
0.000000
0.000000
0.000000
0.000000
71.416473
0.000000
0.000000
0.000000
83.034813
0.000000
133.800125
0.000000
0.000000
0.000000
0.000000
71.105446
0.000000
3.890101
0.000000
0.000000
53.868752
0.000000
0.000000
4.249978
89.807838
0.000000
0.000000
12.887892
0.000000
0.000000
5.099146
0.000000
0.000000
66.693825
43.836102
56.743050
0.000000
21.535460
28.385138
0.000000
0.000000
56.421318
0.000000
0.000000
21.405296
0.000000
50.659710
0.000000
0.000000
0.000000
0.000000
25.829479
47.060101
0.000000
0.000000
0.000000
0.000000
0.000000
0.000000
0.000000
0.000000
0.000000
0.000000
0.000000
0.000000
0.000000
0.000000
0.000000
53.521694
0.000000
0.000000
0.000000
92.924828
0.000000
139.423370
0.000000
0.000000
0.000000
0.000000
7.828780
0.000000
27.276594
0.000000
0.000000
49.058632
0.000000
0.000000
16.865900
105.131042
0.000000
0.000000
6.437169
0.000000
0.000000
57.011501
0.000000
0.000000
98.965767
52.824982
52.292255
0.000000
57.900200
77.669304
0.000000
0.000000
0.000000
0.000000
0.000000
26.917763
0.000000
25.504641
0.000000
0.000000
0.000000
0.000000
59.770153
45.790813
0.000000
0.000000
0.000000
0.000000
0.000000
0.000000
0.000000
0.000000
0.000000
0.000000
14.349238
0.000000
0.000000
0.000000
0.000000
32.070858
0.000000
0.000000
0.000000
129.713150
0.000000
98.323288
4.944356
0.000000
0.000000
0.000000
9.112172
0.000000
43.534161
0.000000
0.000000
0.000000
0.000000
0.000000
0.000000
135.105072
0.000000
0.000000
0.000000
0.000000
0.000000
10.486730
0.000000
0.000000
180.656296
84.330345
0.000000
0.000000
81.249939
107.482552
0.000000
0.000000
0.000000
0.000000
29.144604
11.379751
0.000000
23.159388
0.000000
0.000000
0.000000
0.000000
94.569519
52.604664
0.000000
0.000000
0.000000
0.000000
16.750586
0.000000
0.000000
0.000000
0.000000
0.000000
1.508277
0.000000
0.000000
0.000000
0.000000
0.000000
0.000000
0.000000
0.000000
136.150772
0.000000
90.702728
0.000000
0.000000
0.000000
0.000000
41.798088
0.000000
0.000000
0.000000
0.000000
0.000000
0.000000
16.782354
0.000000
118.915649
0.000000
0.000000
0.000000
0.000000
0.000000
0.000000
0.000000
0.000000
233.177628
73.770409
1.769649
0.000000
67.877197
81.951035
0.000000
0.000000
0.000000
0.000000
10.289472
0.000000
0.000000
23.999697
0.000000
0.000000
0.000000
0.000000
133.309570
31.313572
0.000000
0.000000
0.000000
0.000000
23.641434
0.000000
0.000000
0.000000
0.000000
0.000000
0.000000
0.000000
0.000000
0.000000
0.000000
0.000000
0.000000
0.000000
0.000000
151.302963
0.000000
112.600533
0.000000
0.000000
0.000000
0.000000
15.233178
0.000000
0.000000
0.000000
0.000000
0.000000
0.000000
5.562088
0.000000
101.277931
0.000000
0.000000
0.000000
0.000000
0.000000
0.000000
0.000000
0.000000
217.393005
70.101250
0.000000
0.000000
63.872993
6.066426
0.000000
0.000000
33.943283
0.000000
0.000000
33.943542
0.000000
20.516869
0.000000
0.000000
0.000000
0.000000
113.402870
21.768227
0.000000
0.000000
0.000000
0.000000
28.753632
0.000000
0.000000
0.000000
0.000000
0.000000
2.297481
0.000000
0.000000
0.000000
0.000000
0.000000
0.000000
22.634558
0.000000
140.750748
6.528252
110.303703
0.000000
0.000000
0.000000
0.000000
12.508963
0.000000
0.000000
0.000000
0.000000
3.685773
0.000000
3.656688
36.369137
91.578468
0.000000
0.000000
0.000000
0.000000
0.000000
0.000000
0.000000
0.000000
164.173798
51.349693
0.000000
0.000000
59.142601
0.000000
0.000000
0.000000
38.060822
0.000000
0.000000
65.890579
0.000000
29.928778
0.000000
0.000000
0.000000
0.000000
81.129936
0.000000
0.000000
0.000000
0.000000
0.000000
0.000000
0.000000
0.000000
0.000000
0.000000
0.000000
1.137740
0.000000
0.000000
0.000000
0.000000
0.000000
0.000000
35.585419
0.000000
56.745693
22.709436
99.424637
0.000000
0.000000
0.000000
0.000000
0.000000
0.000000
34.170391
0.000000
0.000000
12.134185
0.000000
0.000000
51.620182
75.597260
1.687233
0.000000
0.904034
0.000000
0.000000
0.000000
0.000000
0.000000
43.155094
0.000000
0.000000
14.488069
39.161831
0.000000
0.000000
0.000000
15.899870
0.000000
0.000000
48.002655
0.000000
35.079956
0.000000
0.000000
0.000000
0.000000
19.257246
0.000000
0.000000
0.000000
0.000000
0.000000
0.000000
0.000000
0.000000
0.000000
0.000000
0.000000
13.977127
0.000000
0.000000
0.000000
0.000000
13.727335
0.000000
0.000000
0.000000
27.548239
4.988090
76.335175
0.000000
0.000000
0.000000
0.000000
0.000000
23.504293
34.930492
0.000000
0.000000
13.986100
0.000000
0.000000
0.000000
80.514290
0.000000
0.000000
9.201499
0.000000
0.000000
0.000000
0.000000
0.000000
0.000000
0.000000
