0.000000
0.000000
0.000000
0.000000
0.000000
0.000000
54.732628
0.000000
0.000000
0.000000
0.000000
0.000000
0.000000
0.000000
0.000000
0.000000
0.000000
46.639339
0.000000
0.000000
47.482845
0.000000
106.142822
0.000000
0.000000
0.000000
0.000000
0.000000
0.000000
0.000000
160.728455
0.000000
0.000000
0.000000
0.000000
0.000000
0.000000
0.000000
0.000000
0.000000
0.000000
0.000000
0.000000
75.396324
0.000000
0.000000
0.000000
0.000000
0.000000
0.000000
0.000000
40.995827
56.486465
0.000000
0.000000
0.000000
0.000000
0.000000
0.000000
0.000000
22.572206
217.447281
0.000000
0.000000
0.000000
18.753078
0.000000
0.000000
0.000000
0.000000
0.000000
0.000000
0.000000
0.000000
0.000000
0.000000
0.000000
0.000000
0.000000
0.000000
0.000000
0.000000
0.000000
0.000000
31.120226
0.000000
0.000000
40.089256
0.000000
0.000000
97.965599
5.149158
0.000000
0.000000
0.000000
0.000000
0.000000
0.000000
0.000000
0.000000
42.795448
0.000000
33.216259
0.000000
0.642731
0.000000
0.000000
0.000000
12.189260
0.000000
0.000000
0.000000
0.000000
0.000000
120.310074
0.000000
0.000000
0.000000
0.000000
7.687157
82.044495
0.000000
49.251369
0.000000
0.000000
0.000000
0.000000
0.000000
0.000000
0.000000
0.000000
0.000000
0.000000
0.000000
64.619705
37.278194
0.000000
0.000000
0.000000
0.000000
0.000000
0.000000
0.000000
0.000000
0.000000
70.281219
35.387241
0.000000
130.868530
0.000000
50.665928
0.000000
4.733328
0.000000
0.000000
0.000000
0.000000
22.768196
140.511505
0.000000
0.000000
43.611511
0.000000
0.000000
0.000000
0.000000
0.000000
0.000000
0.000000
0.000000
0.000000
52.944038
0.000000
0.000000
0.000000
15.443446
0.000000
0.000000
28.797220
106.682671
86.902237
0.000000
0.000000
0.000000
0.000000
0.000000
0.000000
0.000000
0.000000
192.703339
0.000000
0.000000
0.000000
87.478867
0.000000
0.000000
0.000000
0.000000
0.000000
0.000000
0.000000
0.000000
0.000000
0.000000
0.000000
6.501607
0.000000
0.000000
0.000000
0.000000
0.000000
9.795477
158.261414
0.000000
0.000000
46.782444
0.000000
0.000000
38.401821
98.570396
0.000000
0.000000
0.000000
0.000000
0.000000
0.000000
0.000000
0.000000
0.000000
0.000000
0.000000
0.000000
27.704704
0.000000
0.000000
0.000000
8.496018
0.000000
0.000000
0.000000
0.000000
0.000000
179.528992
0.000000
0.000000
0.000000
0.000000
44.913780
0.000000
0.000000
116.345428
0.000000
0.000000
0.000000
0.000000
0.000000
0.000000
0.000000
0.000000
0.000000
0.000000
0.000000
100.988205
0.000000
0.000000
0.000000
0.000000
0.000000
0.000000
0.000000
0.000000
0.000000
0.000000
61.778839
41.544594
0.000000
137.788834
0.000000
28.340382
0.000000
24.711592
0.000000
0.000000
0.000000
0.000000
37.311268
94.763451
0.000000
0.000000
48.268414
0.000000
0.000000
0.000000
0.000000
32.455799
0.000000
0.000000
0.000000
0.000000
10.226013
0.000000
0.000000
0.000000
0.000000
0.000000
0.000000
0.000000
96.073311
75.944809
0.000000
0.000000
0.000000
1.231372
0.000000
0.000000
10.379270
0.000000
224.425598
0.000000
0.000000
0.000000
99.697342
0.000000
0.000000
0.000000
0.000000
0.000000
0.000000
0.000000
0.000000
0.000000
0.000000
0.000000
0.000000
0.000000
0.000000
0.000000
0.000000
0.000000
0.000000
161.973465
0.000000
0.000000
3.005245
0.000000
0.000000
38.582817
132.692352
0.000000
0.000000
0.000000
0.000000
0.000000
0.000000
60.184666
0.000000
0.000000
0.000000
84.947060
0.000000
78.713020
0.000000
0.000000
0.000000
0.000000
0.000000
0.000000
0.000000
0.000000
0.000000
79.377663
0.000000
0.000000
0.000000
0.000000
19.204023
0.000000
0.000000
109.589989
0.000000
0.000000
0.000000
0.000000
9.294185
0.000000
0.000000
0.000000
0.000000
0.000000
0.000000
60.950390
0.000000
0.000000
0.000000
0.000000
0.000000
0.000000
0.000000
0.000000
0.000000
53.506882
56.285343
15.606899
0.000000
96.430534
0.000000
75.151245
0.000000
81.844681
0.000000
0.000000
0.000000
0.000000
26.102665
154.111420
0.000000
0.000000
67.778236
0.000000
0.000000
0.000000
0.000000
0.000000
0.000000
0.000000
0.000000
0.000000
52.025280
0.000000
0.000000
0.000000
0.000000
0.000000
0.000000
102.679268
249.451874
106.989746
0.000000
0.000000
0.000000
45.837025
0.000000
0.000000
0.000000
0.000000
194.002625
0.000000
0.000000
0.000000
14.812845
0.000000
0.000000
0.000000
0.000000
0.000000
0.000000
0.000000
0.000000
0.000000
0.000000
0.000000
67.667198
0.000000
0.000000
0.000000
0.000000
0.000000
0.000000
67.628952
15.191833
0.000000
81.828339
0.000000
0.000000
61.685188
64.458084
0.000000
0.000000
0.000000
0.000000
0.000000
0.000000
0.000000
0.000000
0.000000
0.000000
21.861605
0.000000
29.995230
0.000000
0.000000
0.000000
0.000000
0.000000
0.000000
0.000000
0.000000
0.000000
103.816299
0.000000
0.000000
0.000000
0.000000
0.000000
0.000000
0.000000
0.000000
0.000000
0.000000
0.000000
20.145931
102.461494
0.000000
0.000000
0.000000
0.000000
0.000000
0.000000
59.505703
0.000000
0.000000
0.000000
0.000000
0.000000
0.000000
0.000000
0.000000
0.000000
0.000000
34.452312
0.000000
0.000000
68.557076
0.000000
132.174850
0.000000
0.000000
0.000000
0.000000
0.000000
0.000000
0.000000
200.104248
0.000000
0.000000
74.929604
0.000000
0.000000
0.000000
0.000000
0.000000
0.000000
0.000000
0.000000
0.000000
114.083679
0.000000
0.000000
0.000000
0.000000
0.000000
0.000000
0.000000
12.730854
55.101971
0.000000
0.000000
0.000000
0.000000
0.000000
0.000000
0.000000
60.813915
233.534332
0.000000
0.000000
0.000000
22.299074
0.000000
0.000000
0.000000
0.000000
0.000000
0.000000
0.000000
0.000000
0.000000
0.000000
0.000000
0.000000
0.000000
0.000000
0.000000
0.000000
0.000000
0.000000
27.125242
0.000000
6.998270
62.718163
0.000000
2.114926
168.216827
0.000000
0.000000
0.000000
0.000000
0.000000
0.000000
0.000000
0.000000
0.000000
0.000000
0.000000
34.433079
0.000000
0.000000
0.000000
0.000000
0.000000
19.691637
0.000000
0.000000
0.000000
0.000000
0.000000
135.008621
0.000000
0.000000
0.000000
0.000000
0.000000
84.279099
0.000000
46.437061
0.000000
0.000000
0.000000
0.000000
0.000000
0.000000
0.000000
0.000000
0.000000
0.000000
20.457609
61.462021
86.206879
0.000000
0.000000
0.000000
0.000000
0.000000
0.000000
0.000000
0.000000
0.000000
80.844894
29.624619
0.000000
214.954529
0.000000
15.270461
0.000000
0.000000
0.000000
0.000000
0.000000
0.000000
0.000000
186.385376
0.000000
0.000000
51.004616
0.000000
0.000000
0.000000
0.000000
0.000000
0.000000
0.000000
0.000000
0.000000
126.170921
0.000000
44.798004
0.000000
0.000000
0.000000
0.000000
0.000000
145.438782
69.644257
0.000000
0.000000
0.000000
0.000000
0.000000
0.000000
0.000000
9.479239
187.579071
0.000000
0.000000
0.000000
5.111685
0.000000
0.000000
0.000000
0.000000
0.000000
0.000000
0.000000
0.000000
0.000000
0.000000
0.000000
0.000000
0.000000
0.000000
0.000000
0.000000
0.000000
0.000000
107.684296
0.000000
0.000000
55.138615
0.000000
30.786253
119.974075
26.915174
0.000000
0.000000
0.000000
0.000000
0.000000
0.000000
0.000000
0.000000
0.000000
0.000000
11.972692
36.060104
38.636108
0.000000
0.000000
0.000000
40.594490
0.000000
0.000000
0.000000
0.000000
0.000000
269.686890
3.689658
0.000000
0.000000
0.000000
0.000000
0.000000
0.000000
0.000000
0.000000
0.000000
0.000000
0.000000
0.000000
0.000000
0.000000
0.000000
0.000000
0.000000
4.213173
53.267056
0.000000
0.000000
0.000000
0.000000
0.000000
0.000000
0.000000
0.000000
0.000000
14.130948
94.380684
55.652302
0.000000
221.635834
0.000000
0.000000
0.000000
0.000000
0.000000
0.000000
0.000000
0.000000
17.169016
211.934784
0.000000
0.000000
90.124390
0.000000
0.000000
0.000000
0.000000
0.000000
0.000000
0.000000
0.000000
0.000000
63.435528
0.000000
0.000000
0.000000
8.767584
0.000000
0.000000
0.000000
69.161865
94.689262
0.000000
0.000000
0.000000
0.000000
0.000000
0.000000
0.000000
0.000000
220.494522
0.000000
0.000000
0.000000
64.327911
0.000000
0.000000
0.000000
0.000000
0.000000
0.000000
0.000000
0.000000
0.000000
0.000000
0.000000
61.764278
0.000000
0.000000
0.000000
0.000000
0.000000
0.000000
129.202408
8.359784
16.679575
17.496626
0.000000
0.000000
112.319550
0.000000
0.000000
0.000000
0.000000
0.000000
0.000000
0.000000
0.000000
0.000000
0.000000
0.000000
66.830711
66.105225
74.528572
0.000000
0.000000
0.000000
0.000000
0.000000
0.000000
0.000000
0.000000
0.000000
164.145996
0.000000
0.000000
0.000000
0.000000
0.000000
0.000000
0.000000
2.021602
0.000000
0.000000
0.000000
0.000000
1.982532
0.000000
0.000000
0.000000
0.000000
0.000000
8.847546
50.304695
0.000000
0.000000
0.000000
0.000000
0.000000
0.000000
0.000000
0.000000
0.000000
167.099609
33.500309
25.941587
0.000000
134.675278
0.000000
70.267639
0.000000
119.465446
0.000000
0.000000
0.000000
0.000000
16.151131
197.027084
0.000000
0.000000
126.267723
0.000000
0.000000
0.000000
0.000000
0.000000
0.000000
0.000000
0.000000
0.000000
84.304840
0.000000
0.000000
0.000000
0.793144
0.000000
0.000000
77.521179
245.171906
132.889236
0.000000
0.000000
0.000000
0.000000
0.000000
0.000000
0.000000
0.000000
197.023071
0.000000
0.000000
0.000000
0.000000
0.000000
0.000000
0.000000
0.000000
0.000000
0.000000
0.000000
0.000000
0.000000
0.000000
0.000000
103.693306
0.000000
0.000000
0.000000
0.000000
0.000000
0.000000
30.313570
29.332497
0.000000
101.742752
0.000000
0.000000
135.067703
0.000000
0.000000
0.000000
0.000000
0.000000
0.000000
0.000000
0.000000
0.000000
0.000000
0.000000
13.509189
63.842865
58.591572
0.000000
0.000000
0.000000
0.000000
0.000000
0.000000
0.000000
0.000000
0.000000
150.656494
0.000000
0.000000
0.000000
0.000000
0.000000
0.000000
0.000000
6.092653
0.000000
0.000000
0.000000
0.000000
140.364944
0.000000
0.000000
0.000000
0.000000
0.000000
0.000000
0.000000
0.000000
0.000000
0.000000
0.000000
39.355667
0.000000
0.000000
0.000000
0.000000
0.000000
6.683960
0.000000
0.000000
61.570198
0.000000
97.777267
0.000000
0.000000
0.000000
0.000000
0.000000
0.000000
0.000000
142.884689
0.000000
0.000000
107.743347
0.000000
0.000000
0.000000
0.000000
0.000000
0.000000
0.000000
0.000000
0.000000
112.735680
0.000000
0.000000
0.000000
0.000000
0.000000
0.000000
0.000000
0.000000
74.680862
0.000000
0.000000
0.000000
0.000000
0.000000
0.000000
0.000000
90.264740
211.525208
0.000000
0.000000
0.000000
0.000000
0.000000
0.000000
0.000000
0.000000
0.000000
0.000000
0.000000
0.000000
0.000000
0.000000
0.000000
0.000000
0.000000
0.000000
0.000000
0.000000
0.000000
0.000000
22.891386
0.000000
0.000000
19.093313
0.000000
0.000000
92.899147
0.000000
0.000000
0.000000
0.000000
0.000000
0.000000
0.000000
0.000000
0.000000
0.000000
0.000000
66.938499
0.000000
0.000000
0.000000
0.000000
0.000000
0.000000
0.000000
0.000000
0.000000
0.000000
0.000000
114.157310
0.000000
0.000000
0.000000
0.000000
0.000000
100.870567
0.000000
59.833603
0.000000
0.000000
0.000000
0.000000
0.000000
0.000000
0.000000
0.000000
0.000000
0.000000
0.000000
0.000000
23.987093
0.000000
0.000000
0.000000
56.253941
0.000000
0.000000
0.000000
0.000000
0.000000
29.546721
0.000000
0.000000
249.330109
0.000000
0.000000
0.000000
0.000000
0.000000
0.000000
0.000000
0.000000
0.000000
155.584946
0.000000
0.000000
16.336969
0.000000
0.000000
0.000000
0.000000
0.000000
0.000000
0.000000
0.000000
0.000000
213.590103
0.000000
34.149158
0.000000
0.000000
0.000000
0.000000
0.000000
110.777718
37.973804
0.000000
0.000000
0.000000
0.000000
0.000000
0.000000
0.000000
0.000000
156.399719
0.000000
0.000000
0.000000
0.000000
0.000000
0.000000
0.000000
0.000000
0.000000
0.000000
0.000000
0.000000
0.000000
0.000000
0.000000
0.000000
0.000000
0.000000
0.000000
0.000000
0.000000
0.000000
0.000000
0.000000
0.000000
0.000000
0.000000
0.000000
119.124664
70.078102
0.000000
0.000000
0.000000
0.000000
0.000000
0.000000
0.000000
0.000000
0.000000
0.000000
18.715126
94.810982
0.000000
0.000000
0.000000
0.000000
0.000000
0.000000
0.000000
28.859518
0.000000
0.000000
243.509033
0.000000
0.000000
0.000000
0.000000
0.000000
0.000000
0.000000
0.000000
0.000000
0.000000
0.000000
0.000000
0.000000
0.000000
0.000000
0.000000
0.000000
0.000000
77.199585
0.000000
0.000000
0.000000
0.000000
0.000000
0.000000
0.000000
0.000000
0.000000
0.000000
90.790451
0.000000
17.607626
0.000000
276.325867
0.000000
0.000000
0.000000
0.000000
0.000000
0.000000
0.000000
0.000000
0.000000
219.375488
0.000000
0.000000
40.734364
0.000000
0.000000
0.000000
0.000000
0.000000
0.000000
0.000000
0.000000
0.000000
144.496490
0.000000
0.000000
0.000000
29.444225
0.000000
0.000000
0.000000
31.143303
220.987717
0.000000
0.000000
0.000000
0.000000
0.000000
0.000000
0.000000
0.000000
130.448837
0.000000
0.000000
0.000000
0.000000
0.000000
0.000000
0.000000
0.000000
0.000000
0.000000
0.000000
0.000000
0.000000
0.000000
0.000000
0.000000
0.000000
0.000000
0.000000
0.000000
0.000000
0.000000
0.000000
42.878460
65.167221
44.104626
0.000000
0.000000
83.163635
0.000000
0.000000
0.000000
0.000000
0.000000
0.000000
0.000000
0.000000
0.000000
26.078970
0.000000
0.000000
0.000000
115.436172
0.000000
0.000000
0.000000
0.000000
0.000000
0.000000
0.000000
0.000000
0.000000
95.701530
0.000000
0.000000
0.000000
0.000000
130.766174
0.000000
0.000000
83.396675
0.000000
0.000000
0.000000
0.000000
119.776505
0.000000
0.000000
0.000000
0.000000
0.000000
2.995259
0.000000
0.000000
0.000000
0.000000
0.000000
0.000000
0.000000
0.000000
0.000000
0.000000
109.214767
0.000000
19.330311
0.000000
184.840530
0.000000
105.789566
0.000000
125.014366
0.000000
0.000000
0.000000
0.000000
0.815579
183.237137
0.000000
0.000000
109.532478
0.000000
0.000000
0.000000
0.000000
0.000000
0.000000
0.000000
0.000000
0.000000
5.166168
0.000000
0.000000
0.000000
133.932632
0.000000
0.000000
84.950432
191.573120
135.079727
0.000000
0.000000
0.000000
0.000000
0.000000
0.000000
0.000000
3.410635
104.524925
0.000000
0.000000
0.000000
0.000000
0.000000
0.000000
0.000000
0.000000
0.000000
0.000000
0.000000
0.000000
0.000000
0.000000
0.000000
52.447254
0.000000
0.000000
0.000000
0.000000
0.000000
0.000000
0.000000
48.196758
1.887803
146.725739
40.001225
0.000000
60.831974
0.000000
0.000000
0.000000
0.000000
0.000000
0.000000
0.000000
0.000000
0.000000
0.000000
0.000000
0.000000
3.407549
144.110916
0.000000
0.000000
0.000000
0.000000
0.000000
0.000000
51.963245
0.000000
0.000000
93.779793
0.000000
0.000000
0.000000
0.000000
0.000000
0.000000
0.000000
6.128351
0.000000
0.000000
0.000000
0.000000
205.490433
0.000000
0.000000
0.000000
0.000000
0.000000
0.000000
0.000000
0.000000
0.000000
0.000000
0.000000
38.458973
0.000000
0.000000
0.000000
0.000000
43.605549
0.000000
0.000000
0.000000
59.230473
0.000000
92.471497
0.000000
0.000000
0.000000
0.000000
0.000000
0.000000
0.000000
171.558655
0.000000
0.000000
58.705067
0.000000
0.000000
0.000000
0.000000
0.000000
0.000000
0.000000
0.000000
0.000000
143.978271
0.000000
0.000000
0.000000
0.000000
0.000000
0.000000
0.000000
6.463398
98.378159
0.000000
0.000000
0.000000
44.567146
0.000000
0.000000
0.000000
112.783867
208.303009
0.000000
0.000000
0.000000
0.000000
0.000000
0.000000
0.000000
0.000000
0.000000
0.000000
0.000000
0.000000
0.000000
0.000000
0.000000
0.000000
0.000000
0.000000
0.000000
0.000000
0.000000
0.000000
41.413177
0.000000
0.000000
48.240211
0.000000
0.000000
115.057091
0.000000
0.000000
0.000000
0.000000
0.000000
0.000000
0.000000
0.000000
0.000000
0.000000
0.000000
94.248894
0.000000
21.884594
0.000000
0.000000
0.000000
0.000000
0.000000
0.000000
0.000000
0.000000
0.000000
105.002037
0.000000
0.000000
0.000000
0.000000
41.327518
68.908005
0.000000
76.526878
0.000000
0.000000
0.000000
0.000000
0.000000
0.000000
0.000000
0.000000
0.000000
0.000000
0.000000
0.000000
0.000000
0.000000
0.000000
0.000000
11.901272
0.000000
0.000000
0.000000
0.000000
0.000000
0.000000
0.000000
0.000000
297.308105
0.000000
0.000000
0.000000
0.000000
0.000000
0.000000
0.000000
0.000000
0.000000
153.925888
0.000000
0.000000
68.912666
0.000000
0.000000
0.000000
0.000000
0.000000
0.000000
0.000000
0.000000
0.000000
255.077682
0.000000
0.000000
0.000000
0.000000
0.000000
0.000000
23.002632
193.566956
0.000000
0.000000
0.000000
0.000000
0.000000
0.000000
0.000000
0.000000
0.000000
169.284332
0.000000
0.000000
0.000000
0.000000
0.000000
0.000000
0.000000
0.000000
0.000000
0.000000
0.000000
0.000000
0.000000
0.000000
0.000000
0.000000
0.000000
0.000000
0.000000
0.000000
0.000000
0.000000
17.411516
0.000000
0.000000
0.000000
40.049423
0.000000
108.300430
0.000000
0.000000
0.000000
0.000000
0.000000
7.250947
0.000000
0.000000
0.000000
0.000000
0.000000
34.910122
93.461288
7.181508
0.000000
0.000000
0.000000
0.000000
0.000000
0.000000
43.093685
0.000000
0.000000
188.126495
0.000000
0.000000
0.000000
0.000000
0.000000
0.000000
0.000000
0.000000
0.000000
0.000000
0.000000
0.000000
0.000000
0.000000
0.000000
0.000000
0.000000
0.000000
53.128548
0.000000
0.000000
0.000000
0.000000
0.000000
0.000000
0.000000
0.000000
0.000000
0.000000
110.296890
0.000000
28.169191
0.000000
293.291077
0.000000
26.846531
0.000000
0.000000
0.000000
0.000000
0.000000
0.000000
0.000000
189.961380
0.000000
0.000000
6.263364
0.000000
0.000000
0.000000
0.000000
0.000000
0.000000
0.000000
0.000000
0.000000
199.074738
0.000000
24.390686
0.000000
0.000000
0.000000
0.000000
0.000000
0.000000
235.492386
0.000000
0.000000
0.000000
0.000000
0.000000
0.000000
0.000000
0.000000
163.765259
0.000000
0.000000
0.000000
0.000000
0.000000
0.000000
0.000000
0.000000
0.000000
6.583738
0.000000
0.000000
0.000000
0.000000
0.000000
0.000000
0.000000
0.000000
0.000000
0.000000
0.000000
0.000000
0.000000
0.000000
121.805252
68.829163
0.000000
0.000000
103.152191
0.000000
0.000000
0.000000
0.000000
0.000000
0.000000
0.000000
0.000000
0.000000
28.834105
0.000000
0.000000
0.000000
104.667961
0.000000
0.000000
0.000000
0.000000
0.000000
0.000000
0.000000
0.000000
0.000000
34.941486
0.000000
0.000000
0.000000
0.000000
181.062531
0.000000
0.000000
76.176140
0.000000
0.000000
0.000000
0.000000
114.154076
0.000000
0.000000
0.000000
0.000000
0.000000
0.000000
0.000000
0.000000
0.000000
0.000000
0.000000
0.000000
0.000000
0.000000
0.000000
0.000000
85.192932
0.000000
0.000000
0.000000
175.513855
0.000000
157.260468
0.000000
139.988174
0.000000
0.000000
0.000000
0.000000
13.628786
154.997437
0.000000
0.000000
59.736900
0.000000
0.000000
0.000000
0.000000
0.000000
0.000000
0.000000
0.000000
0.000000
0.000000
0.000000
0.000000
0.000000
130.708160
0.000000
0.000000
95.814278
167.220703
100.249382
0.000000
0.000000
0.000000
0.000000
0.000000
0.000000
0.000000
18.505257
81.579247
0.000000
0.000000
0.000000
0.000000
0.000000
0.000000
0.000000
0.000000
0.000000
0.000000
0.000000
0.000000
0.000000
0.000000
0.000000
37.166142
0.000000
0.000000
0.000000
0.000000
0.000000
32.073647
0.000000
31.337118
20.868128
188.102203
54.370663
0.000000
44.079121
0.000000
0.000000
0.000000
0.000000
0.000000
0.000000
0.000000
0.000000
0.000000
0.000000
0.000000
0.000000
22.207811
155.442017
0.000000
0.000000
0.000000
0.000000
0.000000
0.000000
42.814919
0.000000
0.000000
62.673111
0.000000
0.000000
0.000000
0.000000
0.000000
0.000000
0.000000
0.000000
0.000000
0.000000
0.000000
0.000000
179.299973
