0.000000
0.000000
32.875149
0.000000
0.000000
0.000000
0.000000
0.000000
0.000000
0.000000
0.000000
33.301796
0.000000
0.000000
0.000000
0.000000
91.131332
0.000000
0.000000
0.000000
0.000000
0.000000
25.315979
0.000000
0.000000
0.000000
0.000000
0.000000
0.000000
0.000000
0.000000
0.000000
0.000000
0.000000
0.000000
0.000000
0.000000
88.940048
0.000000
118.078804
0.000000
0.000000
0.000000
0.000000
0.000000
0.000000
13.327557
0.000000
0.000000
12.408255
0.000000
4.785224
0.000000
93.481560
0.000000
0.000000
0.000000
0.000000
0.000000
0.000000
0.000000
0.000000
48.474628
0.000000
0.000000
0.000000
31.265205
0.000000
0.000000
0.000000
0.000000
0.000000
0.000000
0.000000
0.000000
32.521992
0.000000
0.000000
0.000000
0.000000
90.754074
0.000000
0.000000
0.000000
0.000000
0.000000
25.273125
0.000000
0.000000
0.000000
0.000000
0.000000
0.000000
0.000000
0.000000
0.000000
0.000000
0.000000
0.000000
0.000000
0.000000
90.479652
0.000000
119.046303
0.000000
0.000000
0.000000
0.000000
0.000000
0.000000
12.104926
0.000000
0.000000
11.337768
0.000000
6.994588
0.000000
92.510696
0.000000
0.000000
0.000000
0.000000
0.000000
0.000000
0.000000
0.000000
48.819363
0.000000
0.000000
0.000000
31.479025
0.000000
0.000000
0.000000
34.764374
0.000000
0.000000
0.000000
0.000000
36.195141
0.000000
0.000000
0.000000
0.000000
91.618637
0.000000
0.000000
0.000000
0.000000
0.000000
40.035324
0.000000
0.000000
0.000000
0.000000
0.000000
0.000000
0.000000
0.000000
0.000000
0.000000
0.000000
0.000000
0.000000
0.000000
94.788521
0.000000
117.528229
0.000000
0.000000
0.000000
0.000000
0.000000
0.000000
15.075222
0.000000
0.000000
7.891570
0.000000
6.862725
0.000000
90.062485
0.000000
0.000000
0.000000
0.000000
0.000000
0.000000
0.000000
0.000000
58.131687
0.000000
0.000000
0.000000
0.000000
0.000000
0.000000
0.000000
20.539778
0.000000
0.000000
0.000000
0.000000
48.658218
0.000000
0.000000
0.000000
0.000000
87.173523
0.000000
0.000000
0.000000
0.000000
0.000000
54.078175
0.000000
0.000000
0.000000
0.000000
0.000000
0.000000
0.000000
0.000000
0.000000
0.000000
0.000000
0.000000
36.391380
0.000000
86.430687
0.000000
112.358704
0.000000
0.000000
0.000000
0.000000
66.757172
0.000000
27.004839
0.000000
0.000000
27.241329
0.000000
70.412689
90.010818
25.727238
0.000000
0.000000
31.009516
0.000000
0.000000
0.000000
0.000000
0.000000
0.000000
0.000000
10.908297
0.000000
0.000000
1.389032
0.000000
0.000000
48.001900
0.000000
0.000000
12.595078
15.606074
38.756672
0.000000
0.000000
0.000000
0.000000
43.812180
0.000000
0.000000
0.000000
0.000000
0.000000
0.000000
7.090228
0.000000
0.000000
0.000000
0.000000
0.000000
0.000000
0.000000
0.000000
0.000000
13.752406
0.000000
0.000000
0.000000
46.442726
0.000000
97.120674
0.000000
0.000000
0.000000
0.000000
4.980587
0.000000
46.757187
0.000000
0.000000
20.809412
0.000000
0.000000
40.641357
56.876598
0.000000
0.000000
4.818681
0.000000
0.000000
10.877643
0.000000
0.000000
18.507235
30.711075
0.000000
0.000000
0.000000
0.000000
0.000000
0.000000
14.868526
0.000000
0.000000
40.436546
0.000000
41.290718
0.000000
0.000000
0.000000
0.000000
25.672676
0.000000
0.000000
0.000000
0.000000
0.000000
2.874521
1.684973
0.000000
0.000000
0.000000
0.000000
0.000000
0.000000
7.710984
0.000000
0.000000
0.587420
0.000000
0.000000
0.000000
49.259056
0.000000
77.869499
0.000000
0.000000
0.000000
0.000000
0.000000
0.000000
62.618046
0.000000
0.000000
57.125793
0.000000
0.000000
0.000000
75.202995
0.000000
0.000000
3.843725
0.000000
0.000000
0.000000
0.000000
0.000000
3.906184
0.000000
0.000000
0.000000
0.000000
0.000000
0.000000
0.000000
10.627768
0.000000
0.000000
34.023041
0.000000
50.992702
0.000000
0.000000
0.000000
0.000000
25.062626
0.000000
0.000000
0.000000
0.000000
0.000000
7.222740
0.000000
0.000000
0.000000
0.000000
0.000000
0.000000
0.000000
8.933691
0.000000
0.000000
8.902163
0.000000
0.000000
0.000000
38.742500
0.000000
68.991852
0.000000
0.000000
0.000000
0.000000
10.988401
0.000000
55.791069
0.000000
0.000000
28.816599
0.000000
0.000000
0.000000
70.295876
0.000000
0.000000
3.538549
0.000000
0.000000
0.000000
0.000000
0.000000
18.469654
0.000000
0.000000
0.000000
0.000000
0.000000
0.000000
0.000000
48.204365
0.000000
0.000000
16.087452
0.000000
39.174835
0.000000
0.000000
0.000000
0.000000
42.253590
0.000000
0.000000
0.000000
0.000000
0.000000
28.673615
0.000000
0.000000
0.000000
0.000000
0.000000
0.000000
0.000000
0.000000
0.000000
0.000000
0.000000
0.000000
83.966942
0.000000
50.198982
0.000000
72.744453
0.000000
0.000000
0.000000
0.000000
17.897846
0.000000
51.245193
0.000000
0.000000
33.623604
0.000000
0.000000
24.703691
72.494316
0.000000
0.000000
3.617821
0.000000
0.000000
0.000000
0.000000
0.000000
11.489066
0.000000
19.781612
0.000000
0.000000
0.000000
0.000000
0.000000
64.734856
0.000000
0.000000
0.000000
0.000000
59.227913
0.000000
0.000000
0.000000
0.000000
37.736969
0.000000
0.000000
0.000000
0.000000
0.000000
0.000000
0.000000
0.000000
0.000000
0.000000
0.000000
0.000000
0.000000
0.000000
0.000000
0.000000
0.000000
0.000000
46.078156
0.000000
49.092941
0.000000
101.655052
0.000000
0.000000
0.000000
0.000000
17.772148
0.000000
85.278587
0.000000
0.000000
62.432106
0.000000
0.000000
50.867786
63.658272
0.000000
0.000000
4.163459
0.000000
0.000000
43.321823
0.000000
0.000000
21.099321
10.807661
14.256495
0.000000
21.834915
0.000000
0.000000
0.000000
11.270754
0.000000
0.000000
0.000000
0.000000
33.148750
0.000000
0.000000
0.000000
0.000000
59.871006
0.000000
0.000000
0.000000
0.000000
0.000000
12.000935
0.000000
0.000000
0.000000
0.000000
0.000000
0.000000
0.000000
0.000000
0.000000
0.000000
0.000000
0.000000
0.000000
0.000000
84.615715
0.000000
110.857346
0.000000
0.000000
0.000000
0.000000
0.000000
0.000000
66.762627
0.000000
0.000000
1.042754
0.000000
0.000000
0.000000
92.279724
0.000000
0.000000
0.000000
0.000000
0.000000
5.955039
0.000000
0.000000
71.267029
0.000000
0.000000
0.000000
28.728933
0.000000
0.000000
0.000000
0.000000
0.000000
0.000000
0.000000
0.000000
35.477364
0.000000
0.000000
0.000000
0.000000
80.117813
0.000000
0.000000
0.000000
0.000000
0.000000
20.173035
0.000000
0.000000
0.000000
0.000000
0.000000
0.000000
0.000000
0.000000
0.000000
0.000000
0.000000
0.000000
0.000000
0.000000
90.024620
0.000000
110.434639
0.000000
0.000000
0.000000
0.000000
0.000000
0.000000
19.476637
0.000000
0.000000
2.774137
0.000000
0.000000
0.000000
94.663170
0.000000
0.000000
0.000000
0.000000
0.000000
0.000000
0.000000
0.000000
72.555420
0.000000
0.000000
0.000000
33.489113
0.000000
0.000000
0.000000
0.000000
0.000000
0.000000
0.000000
0.000000
37.452545
0.000000
0.000000
0.000000
0.000000
89.018700
0.000000
0.000000
0.000000
0.000000
0.000000
23.982992
0.000000
0.000000
0.000000
0.000000
0.000000
0.000000
0.000000
0.000000
0.000000
0.000000
0.000000
0.000000
0.000000
0.000000
90.287796
0.000000
113.886032
0.000000
0.000000
0.000000
0.000000
0.000000
0.000000
11.401829
0.000000
0.000000
3.816429
0.000000
4.122127
0.000000
92.519234
0.000000
0.000000
0.000000
0.000000
0.000000
0.000000
0.000000
0.000000
66.244926
0.000000
0.000000
0.000000
34.852474
0.000000
0.000000
0.000000
0.000000
0.000000
0.000000
0.000000
0.000000
35.255859
0.000000
0.000000
0.000000
0.000000
93.904976
0.000000
0.000000
0.000000
0.000000
0.000000
27.657215
0.000000
0.000000
0.000000
0.000000
0.000000
0.000000
0.000000
0.000000
0.000000
0.000000
0.000000
0.000000
0.000000
0.000000
88.988014
0.000000
119.027390
0.000000
0.000000
0.000000
0.000000
0.000000
0.000000
15.119948
0.000000
0.000000
14.351138
0.000000
4.753353
0.000000
94.422226
0.000000
0.000000
0.000000
0.000000
0.000000
0.000000
0.000000
0.000000
45.928753
0.000000
0.000000
0.000000
32.480305
0.000000
0.000000
0.000000
0.000000
0.000000
0.000000
0.000000
0.000000
34.178318
0.000000
0.000000
0.000000
0.000000
92.804924
0.000000
0.000000
0.000000
0.000000
0.000000
28.862312
0.000000
0.000000
0.000000
0.000000
0.000000
0.000000
0.000000
0.000000
0.000000
0.000000
0.000000
0.000000
0.000000
0.000000
90.364639
0.000000
119.040985
0.000000
0.000000
0.000000
0.000000
0.000000
0.000000
9.651794
0.000000
0.000000
11.973563
0.000000
10.126220
0.000000
92.359192
0.000000
0.000000
0.000000
0.000000
0.000000
0.000000
0.000000
0.000000
47.723518
0.000000
0.000000
0.000000
27.669764
2.858789
0.000000
0.000000
22.417406
0.000000
0.000000
0.000000
0.000000
28.216656
0.000000
0.000000
0.000000
0.000000
86.800278
0.000000
0.000000
0.000000
0.000000
0.000000
35.814960
0.000000
0.000000
0.000000
0.000000
0.000000
4.753574
0.000000
0.000000
0.000000
0.000000
0.000000
0.000000
0.000000
0.000000
100.455551
0.000000
123.312378
0.000000
0.000000
0.000000
0.000000
0.000000
0.000000
4.640087
0.000000
0.000000
9.371440
0.000000
32.404636
0.000000
87.541397
0.000000
0.000000
0.000000
0.000000
0.000000
0.000000
0.000000
0.000000
60.506554
0.000000
0.000000
0.000000
18.992199
20.650007
0.000000
0.000000
30.373672
0.000000
0.000000
12.142929
0.000000
31.944925
0.000000
8.302589
0.000000
0.000000
71.239067
0.000000
0.000000
0.000000
0.000000
0.000000
29.374258
0.000000
0.000000
0.000000
0.000000
0.000000
0.000000
0.000000
0.000000
0.000000
0.000000
0.000000
0.000000
8.649589
0.000000
94.508041
0.000000
113.254227
0.000000
0.000000
2.971695
0.000000
48.657635
0.000000
8.447130
0.000000
0.000000
25.848946
0.000000
64.114838
57.243088
32.883385
0.000000
0.000000
10.280108
0.000000
0.000000
0.000000
0.000000
0.000000
37.487801
0.000000
0.000000
0.000000
21.876425
46.654484
0.000000
0.000000
61.167931
0.000000
0.000000
22.475748
0.000000
34.438377
0.000000
3.106544
0.000000
0.000000
27.068947
0.000000
0.000000
0.000000
0.000000
0.000000
0.000000
0.000000
0.000000
0.000000
0.000000
0.000000
0.000000
0.000000
0.000000
0.000000
0.000000
14.163976
0.000000
0.000000
0.000000
92.859879
0.000000
60.130421
0.000000
0.000000
0.000000
0.000000
0.000000
0.000000
30.387484
0.000000
0.000000
4.239186
0.000000
30.265160
0.000000
19.627705
0.000000
0.000000
0.000000
0.000000
0.000000
0.000000
0.000000
0.000000
54.713459
4.631884
0.000000
0.000000
24.669947
35.179161
0.000000
0.000000
39.030872
0.000000
0.000000
6.008343
0.000000
53.370823
0.000000
0.000000
0.000000
0.000000
54.202160
0.000000
0.000000
0.000000
0.000000
0.000000
24.906311
0.000000
0.000000
0.000000
0.000000
0.000000
13.729663
0.000000
0.000000
0.000000
0.000000
1.154371
0.000000
0.000000
0.000000
122.047310
0.000000
46.583714
0.000000
0.000000
0.117586
0.000000
0.000000
0.000000
18.147184
0.000000
0.000000
0.000000
0.000000
7.607722
0.000000
57.109818
0.000000
0.000000
0.000000
0.000000
0.000000
0.000000
0.000000
0.000000
67.117294
12.019649
0.000000
0.000000
45.126286
30.616465
0.000000
0.000000
25.186144
0.000000
0.000000
22.430977
0.000000
32.092239
0.000000
0.000000
0.000000
0.000000
70.547577
0.000000
0.000000
0.000000
0.000000
0.000000
72.872467
0.000000
0.000000
0.000000
0.000000
0.000000
16.557446
0.000000
0.000000
0.000000
0.000000
0.000000
0.000000
0.000000
0.000000
130.650375
0.000000
57.501736
0.000000
0.000000
8.224349
0.000000
0.000000
0.000000
0.000000
0.000000
0.000000
0.000000
0.000000
43.215786
0.000000
70.550697
0.000000
0.000000
0.000000
0.000000
0.000000
0.000000
0.000000
0.000000
86.569778
0.000000
0.000000
0.000000
0.000000
23.831972
0.000000
0.000000
51.714516
0.000000
0.000000
22.596312
0.000000
14.275899
0.000000
29.327950
0.000000
0.000000
54.700962
0.000000
0.000000
0.000000
0.000000
0.000000
58.083954
0.000000
0.000000
0.000000
0.000000
0.000000
0.000000
0.000000
0.000000
0.000000
0.000000
0.000000
0.000000
23.357489
0.000000
85.314110
0.000000
63.950863
0.000000
0.000000
12.776574
0.000000
9.990235
0.000000
13.635434
0.000000
0.000000
8.870895
0.000000
34.673248
0.000000
46.685131
0.000000
0.000000
0.000000
0.000000
0.000000
0.000000
0.000000
0.000000
61.035374
0.000000
0.000000
0.000000
0.000000
13.263119
0.000000
0.000000
50.357651
0.000000
0.000000
9.544592
0.000000
19.472523
0.000000
28.159666
0.000000
0.000000
50.263836
12.652945
0.000000
0.000000
0.000000
0.000000
2.718611
0.000000
0.000000
0.000000
0.000000
0.000000
0.000000
0.000000
0.000000
0.000000
0.000000
0.000000
0.000000
10.765450
0.000000
52.474098
0.000000
92.693054
0.000000
0.000000
0.000000
0.000000
0.000000
0.000000
59.779144
0.000000
0.000000
51.038078
0.000000
0.000000
11.318789
31.435663
0.000000
0.000000
0.000000
0.000000
0.000000
45.026920
0.000000
0.000000
25.737974
0.000000
0.425595
0.000000
22.512911
1.815318
0.000000
0.000000
0.622111
0.000000
0.000000
0.000000
0.000000
22.839323
0.000000
0.000000
0.000000
0.000000
60.963627
2.326677
0.000000
0.000000
0.000000
0.000000
11.543233
0.000000
0.000000
0.000000
0.000000
0.000000
0.000000
0.000000
0.000000
0.000000
0.000000
0.000000
0.000000
0.000000
0.000000
91.902527
0.000000
106.257378
0.000000
0.000000
0.000000
0.000000
0.000000
0.000000
55.301918
0.000000
0.000000
9.071114
0.000000
0.000000
0.000000
85.629982
0.000000
0.000000
0.000000
0.000000
0.000000
17.622372
0.000000
0.000000
77.424660
6.018966
0.000000
0.000000
27.180162
0.000000
0.000000
0.000000
0.000000
0.000000
0.000000
0.000000
0.000000
33.318123
0.000000
0.000000
0.000000
0.000000
84.596771
0.000000
0.000000
0.000000
0.000000
0.000000
22.175653
0.000000
0.000000
0.000000
0.000000
0.000000
0.000000
0.000000
0.000000
0.000000
0.000000
0.000000
0.000000
0.000000
0.000000
92.892715
0.000000
113.058289
0.000000
0.000000
0.000000
0.000000
0.000000
0.000000
17.094404
0.000000
0.000000
4.116361
0.000000
0.000000
0.000000
92.762375
0.000000
0.000000
0.000000
0.000000
0.000000
0.000000
0.000000
0.000000
82.289246
3.632170
0.000000
0.000000
32.094112
0.000000
0.000000
0.000000
0.000000
0.000000
0.000000
0.000000
0.000000
37.458443
0.000000
0.000000
0.000000
0.000000
91.296394
0.000000
0.000000
0.000000
0.000000
0.000000
25.804569
0.000000
0.000000
0.000000
0.000000
0.000000
0.000000
0.000000
0.000000
0.000000
0.000000
0.000000
0.000000
0.000000
0.000000
92.518242
0.000000
115.363152
0.000000
0.000000
0.000000
0.000000
0.000000
0.000000
7.793981
0.000000
0.000000
7.450035
0.000000
5.450936
0.000000
93.176964
0.000000
0.000000
0.000000
0.000000
0.000000
0.000000
0.000000
0.000000
62.943123
0.000000
0.000000
0.000000
31.018393
0.000000
0.000000
0.000000
0.000000
0.000000
0.000000
0.000000
0.000000
35.591423
0.000000
0.000000
0.000000
0.000000
89.763634
0.000000
0.000000
0.000000
0.000000
0.000000
27.020918
0.000000
0.000000
0.000000
0.000000
0.000000
0.000000
0.000000
0.000000
0.000000
0.000000
0.000000
0.000000
0.000000
0.000000
90.981567
0.000000
117.501518
0.000000
0.000000
0.000000
0.000000
0.000000
0.000000
14.568695
0.000000
0.000000
10.509047
0.000000
3.548988
0.000000
95.112099
0.000000
0.000000
0.000000
0.000000
0.000000
0.000000
0.000000
0.000000
40.469261
0.000000
0.000000
0.000000
28.190685
0.000000
0.000000
0.000000
0.000000
0.000000
0.000000
0.000000
0.000000
32.841885
0.000000
0.000000
0.000000
0.000000
85.510300
0.000000
0.000000
0.000000
0.000000
0.000000
27.596573
0.000000
0.000000
0.000000
0.000000
0.000000
12.066917
0.000000
0.000000
0.000000
0.000000
0.000000
0.000000
0.000000
0.000000
91.924561
0.000000
122.581741
0.000000
0.000000
0.000000
0.000000
0.000000
0.000000
0.000000
0.000000
0.000000
0.722263
0.000000
8.423907
0.000000
98.919670
0.000000
0.000000
0.000000
0.000000
0.000000
0.000000
0.000000
0.000000
43.347469
0.000000
0.000000
0.000000
30.886829
0.000000
0.000000
0.000000
16.638176
0.000000
0.000000
5.809751
0.000000
32.822594
0.000000
0.000000
0.000000
0.000000
66.439621
0.000000
0.000000
0.000000
0.000000
0.000000
23.271313
0.000000
0.000000
0.000000
0.000000
0.000000
32.208584
0.000000
0.000000
0.000000
0.000000
0.000000
0.000000
0.000000
0.000000
88.333923
0.000000
119.272934
0.000000
0.000000
0.000000
0.000000
0.000000
0.000000
0.000000
0.000000
0.000000
19.333941
0.000000
36.607552
0.000000
104.212234
0.000000
0.000000
0.000000
0.000000
0.000000
0.000000
0.000000
0.000000
45.329899
0.000000
0.000000
0.000000
23.168524
0.000000
0.000000
0.000000
13.919765
0.000000
0.000000
9.553971
0.000000
24.723497
0.000000
21.172991
0.000000
0.000000
71.137886
3.834816
0.000000
0.000000
0.000000
0.000000
20.330179
0.000000
0.000000
0.000000
0.000000
0.000000
21.680857
0.000000
0.000000
0.000000
0.000000
23.743214
0.000000
0.000000
0.000000
69.190392
0.956911
108.635605
0.000000
0.000000
32.261116
0.000000
14.510480
0.000000
0.000000
0.000000
0.000000
33.402988
0.000000
37.016529
13.491367
57.758484
0.000000
0.000000
0.000000
0.000000
0.000000
0.000000
0.000000
0.000000
27.583313
0.000000
0.000000
0.000000
0.000000
24.747480
0.000000
0.000000
47.550148
0.000000
0.000000
0.000000
0.000000
19.332558
0.000000
14.953965
0.000000
0.000000
33.943901
0.000000
0.000000
0.000000
0.000000
0.000000
0.000000
0.000000
0.000000
0.000000
0.000000
0.000000
8.673923
0.000000
0.000000
0.000000
0.000000
21.873436
0.000000
0.000000
0.000000
52.963654
0.000000
47.144321
0.000000
0.000000
13.505644
0.000000
0.000000
0.000000
16.247458
0.000000
0.000000
9.309129
0.000000
0.000000
0.000000
86.156776
14.449532
0.000000
0.000000
0.000000
0.000000
3.110795
0.000000
0.000000
39.623405
37.791523
13.418465
0.000000
40.390503
19.775171
0.000000
0.000000
33.252846
0.000000
0.000000
0.000000
0.000000
39.972137
0.000000
14.458704
0.000000
0.000000
38.505047
0.000000
0.000000
0.000000
0.000000
0.000000
0.000000
0.000000
0.000000
0.000000
0.000000
0.000000
68.155365
0.000000
0.000000
0.000000
0.000000
0.000000
0.000000
0.000000
0.000000
35.307617
0.000000
4.326325
12.254704
0.000000
19.430231
0.000000
0.000000
0.000000
0.000000
0.000000
0.000000
0.000000
0.000000
0.000000
0.000000
134.967651
6.218580
0.000000
0.000000
0.000000
0.000000
2.524943
0.000000
0.000000
31.563223
41.503387
0.000000
0.000000
55.961838
23.511341
0.000000
0.000000
1.801414
0.000000
0.000000
0.000000
0.000000
13.441607
0.000000
37.516621
0.000000
0.000000
48.399006
0.000000
0.000000
0.000000
0.000000
0.000000
33.835320
0.000000
0.000000
0.000000
0.000000
0.000000
115.667595
0.000000
0.000000
0.000000
0.000000
0.000000
0.000000
29.288847
0.000000
50.776596
0.000000
8.905815
20.160473
0.000000
20.030300
0.000000
0.000000
0.000000
0.000000
0.000000
0.000000
0.000000
0.000000
9.887286
0.000000
150.060287
3.873520
0.000000
0.000000
0.000000
0.000000
0.000000
0.000000
0.000000
41.792229
24.728371
0.000000
0.000000
13.988196
19.110214
0.000000
0.000000
58.884624
0.000000
0.000000
0.000000
0.000000
38.688034
0.000000
25.902700
0.000000
0.000000
36.108128
0.000000
0.000000
0.000000
0.000000
0.000000
13.809984
0.000000
0.000000
0.000000
0.000000
0.000000
83.758080
0.000000
0.000000
0.000000
0.000000
0.000000
0.000000
50.587772
0.000000
43.214943
4.144231
9.041945
0.000000
0.000000
24.034229
0.000000
2.644631
0.000000
0.000000
0.000000
0.000000
59.158215
0.000000
0.000000
29.296350
103.736229
4.031158
13.861078
0.000000
0.000000
0.000000
0.000000
0.000000
0.000000
70.475311
6.404464
0.000000
0.000000
21.597626
4.088751
0.000000
0.000000
44.482056
0.000000
0.000000
19.615049
0.000000
36.372375
0.000000
3.394636
0.000000
0.000000
27.377617
27.646677
0.000000
0.000000
0.000000
0.000000
0.000000
0.000000
0.000000
0.000000
0.000000
0.000000
8.381321
0.000000
0.000000
0.000000
0.000000
17.172022
0.000000
0.000000
0.000000
68.135628
1.454528
86.126808
0.000000
0.000000
16.063326
0.000000
0.000000
2.507970
18.241438
0.000000
0.000000
60.783028
0.000000
0.000000
8.976861
68.289536
11.826328
0.000000
0.000000
0.000000
0.000000
10.842043
0.000000
0.000000
22.525654
0.000000
0.000000
0.000000
24.799915
8.412640
0.000000
0.000000
0.000000
0.000000
0.000000
0.000000
0.000000
19.045355
0.000000
0.000000
0.000000
0.000000
46.000252
12.768191
0.000000
0.000000
0.000000
0.000000
0.000000
0.000000
0.000000
0.000000
0.000000
0.000000
15.828446
0.000000
0.000000
0.000000
0.000000
8.587560
0.000000
0.000000
0.000000
90.019157
0.000000
97.628227
0.000000
0.000000
0.000000
0.000000
0.000000
0.000000
16.072920
0.000000
0.000000
22.402527
0.000000
0.000000
0.000000
87.833435
0.000000
0.000000
0.000000
0.000000
0.000000
16.800392
0.000000
0.000000
71.536118
12.560372
0.000000
0.000000
31.247961
4.277614
0.000000
0.000000
0.000000
0.000000
0.000000
0.000000
0.000000
30.723501
0.000000
0.000000
0.000000
0.000000
78.173676
0.000000
0.000000
0.000000
0.000000
0.000000
19.936605
0.000000
0.000000
0.000000
0.000000
0.000000
0.000000
0.000000
0.000000
0.000000
0.000000
0.000000
0.000000
0.000000
0.000000
92.025299
0.000000
105.744370
0.000000
0.000000
0.000000
0.000000
0.000000
0.000000
12.996205
0.000000
0.000000
0.000000
0.000000
0.000000
0.000000
94.345360
0.000000
0.000000
0.000000
0.000000
0.000000
0.000000
0.000000
0.000000
89.923775
23.717966
0.000000
0.000000
32.575542
0.000000
0.000000
0.000000
0.000000
0.000000
0.000000
0.000000
0.000000
37.641167
0.000000
0.000000
0.000000
0.000000
89.218117
0.000000
0.000000
0.000000
0.000000
0.000000
25.935410
0.000000
0.000000
0.000000
0.000000
0.000000
0.000000
0.000000
0.000000
0.000000
0.000000
0.000000
0.000000
0.000000
0.000000
91.777786
0.000000
108.777367
0.000000
0.000000
0.000000
0.000000
0.000000
0.000000
12.849609
0.000000
0.000000
2.313682
0.000000
2.084458
0.000000
93.016960
0.000000
0.000000
0.000000
0.000000
0.000000
0.000000
0.000000
0.000000
71.100380
0.000000
0.000000
0.000000
31.650167
0.000000
0.000000
0.000000
0.000000
0.000000
0.000000
0.000000
0.000000
35.554798
0.000000
0.000000
0.000000
0.000000
89.466461
0.000000
0.000000
0.000000
0.000000
0.000000
25.717093
0.000000
0.000000
0.000000
0.000000
0.000000
0.000000
0.000000
0.000000
0.000000
0.000000
0.000000
0.000000
0.000000
0.000000
89.211098
0.000000
117.508209
0.000000
0.000000
0.000000
0.000000
0.000000
0.000000
11.815084
0.000000
0.000000
7.670216
0.000000
4.110832
0.000000
95.465240
0.000000
0.000000
0.000000
0.000000
0.000000
0.000000
0.000000
0.000000
41.057240
0.000000
0.000000
0.000000
29.816956
0.000000
0.000000
0.000000
0.000000
0.000000
0.000000
0.000000
0.000000
34.563156
0.000000
0.000000
0.000000
0.000000
81.503609
0.000000
0.000000
0.000000
0.000000
0.000000
24.928095
0.000000
0.000000
0.000000
0.000000
0.000000
0.000000
0.000000
0.000000
0.000000
0.000000
0.000000
0.000000
0.000000
0.000000
85.043434
0.000000
118.184265
0.000000
0.000000
0.000000
0.000000
0.000000
0.000000
9.431314
0.000000
0.000000
2.274237
0.000000
2.915816
0.000000
102.158989
0.000000
0.000000
0.000000
0.000000
0.000000
0.000000
0.000000
0.000000
40.306049
0.000000
0.000000
0.000000
20.956854
0.000000
0.000000
0.000000
53.126518
0.000000
0.000000
27.550617
0.000000
37.762318
0.000000
0.000000
0.000000
0.000000
65.932350
0.000000
0.000000
0.000000
0.000000
0.000000
28.872274
0.000000
0.000000
0.000000
0.000000
0.000000
12.014869
0.000000
0.000000
0.000000
0.000000
0.000000
0.000000
0.000000
0.000000
71.776726
0.000000
108.406456
0.000000
0.000000
0.000000
0.000000
0.000000
0.000000
28.744040
0.000000
0.000000
8.103056
0.000000
4.081036
0.000000
106.999313
0.000000
0.000000
0.000000
0.000000
0.000000
0.000000
0.000000
0.000000
34.431946
0.000000
0.000000
0.000000
0.000000
0.000000
0.000000
0.000000
20.135386
0.000000
0.000000
40.990982
0.000000
62.158714
0.000000
0.000000
0.000000
0.000000
58.473251
0.000000
0.000000
0.000000
0.000000
0.000000
56.923191
0.000000
0.000000
0.000000
0.000000
0.000000
9.552846
0.000000
1.409639
0.000000
0.000000
14.461413
0.000000
29.109575
0.000000
52.262062
0.000000
97.309578
0.000000
0.000000
0.000000
0.000000
57.702656
0.000000
33.471268
0.000000
0.000000
27.999994
0.000000
66.384964
60.259640
44.694405
0.000000
0.000000
37.941811
0.000000
0.000000
0.000000
0.000000
0.000000
0.000000
0.000000
0.000000
0.000000
0.000000
0.000000
0.000000
0.000000
50.564285
0.000000
0.000000
25.233604
20.481485
23.552412
0.000000
0.000000
0.000000
0.000000
44.677399
0.000000
0.000000
0.000000
0.000000
0.000000
0.000000
0.000000
0.000000
0.000000
0.000000
0.000000
0.000000
0.000000
0.000000
0.000000
0.000000
44.005775
0.000000
0.000000
0.000000
59.713463
0.000000
86.614853
0.000000
0.000000
0.000000
0.000000
10.031657
0.000000
7.138381
0.000000
0.000000
27.340420
0.000000
0.000000
46.298000
66.622658
0.000000
0.000000
12.369364
0.000000
0.000000
3.590534
0.000000
0.000000
9.277347
39.379162
0.000000
0.000000
4.663453
5.397840
0.000000
0.000000
24.041096
0.000000
0.000000
5.278422
0.000000
37.297020
0.000000
0.000000
0.000000
0.000000
16.001881
11.086114
0.000000
0.000000
0.000000
0.000000
0.000000
0.000000
0.000000
0.000000
0.000000
0.000000
0.000000
0.000000
0.000000
0.000000
0.000000
61.975128
0.000000
0.000000
0.000000
58.727055
0.000000
63.960228
6.470085
0.000000
0.000000
0.000000
0.000000
0.000000
19.094847
0.000000
0.000000
20.146828
0.000000
0.000000
7.660676
108.031258
0.000000
0.000000
25.568396
0.000000
0.000000
24.173826
0.000000
0.000000
25.462587
15.086961
0.000000
0.000000
11.102453
11.233256
0.000000
0.000000
38.798935
0.000000
0.000000
19.341871
0.000000
23.628311
0.000000
23.687174
0.000000
0.000000
45.785080
0.000000
0.000000
0.000000
0.000000
0.000000
36.126263
0.000000
0.000000
0.000000
0.000000
0.000000
0.000000
0.000000
0.000000
0.000000
0.000000
41.232784
0.000000
72.264595
0.000000
90.587799
0.000000
35.976856
0.000000
0.000000
17.813059
0.000000
0.000000
2.543636
4.906806
0.000000
0.000000
16.027557
0.000000
0.000000
29.383459
120.566635
0.000000
39.906853
0.000000
0.000000
0.000000
0.382750
0.000000
0.000000
34.596130
1.860193
0.000000
0.000000
0.000000
0.087344
0.000000
0.000000
22.454103
0.000000
0.000000
47.369541
0.000000
28.648306
0.000000
0.000000
0.000000
0.000000
37.044338
0.000000
0.000000
0.000000
0.000000
0.000000
1.275193
0.000000
0.000000
0.000000
0.000000
0.000000
0.000000
0.000000
0.000000
0.000000
0.000000
0.000000
0.000000
62.687004
0.000000
70.452461
3.336315
52.728565
0.000000
0.000000
0.000000
0.000000
0.000000
0.000000
60.570259
0.000000
0.000000
91.350052
0.000000
0.000000
35.949848
99.533852
1.222096
9.076963
0.000000
0.000000
0.000000
16.211153
0.000000
0.000000
26.286047
0.000000
0.000000
0.000000
0.000000
0.000000
0.000000
0.000000
22.152262
0.000000
0.000000
27.593676
0.000000
37.341419
0.000000
0.000000
0.000000
0.000000
15.389762
2.154950
0.000000
0.000000
0.000000
0.000000
0.000000
0.000000
0.000000
0.000000
0.000000
0.000000
0.000000
0.000000
5.270642
0.000000
0.000000
8.500596
0.000000
0.000000
0.000000
56.073254
0.000000
88.711143
0.000000
0.000000
0.000000
0.000000
0.000000
0.000000
73.854042
0.000000
0.000000
66.217178
0.000000
0.000000
0.000000
89.374779
0.000000
0.000000
0.000000
0.000000
0.000000
34.535400
0.000000
0.000000
0.000000
0.000000
0.000000
0.000000
21.968767
1.362689
0.000000
0.000000
10.194845
0.000000
0.000000
4.330524
0.000000
32.856750
0.000000
0.000000
0.000000
0.000000
1.973546
0.000000
0.000000
0.000000
0.000000
0.000000
0.000000
0.000000
0.000000
0.000000
0.000000
0.000000
14.759170
0.000000
0.000000
0.000000
0.000000
27.376038
0.000000
0.000000
0.000000
64.711815
0.000000
90.937592
0.000000
0.000000
0.000000
0.000000
0.000000
0.000000
40.874546
0.000000
0.000000
1.941087
0.000000
0.000000
0.000000
97.268639
0.000000
0.000000
8.182721
0.000000
0.000000
14.212547
0.000000
0.000000
59.666195
12.813739
0.000000
0.000000
33.810669
0.498410
0.000000
0.000000
0.000000
0.000000
0.000000
0.000000
0.000000
36.182766
0.000000
0.000000
0.000000
0.000000
66.457199
0.000000
0.000000
0.000000
0.000000
0.000000
14.589340
0.000000
0.000000
0.000000
0.000000
0.000000
0.000000
0.000000
0.000000
0.000000
0.000000
0.805581
0.000000
0.000000
0.000000
87.193512
0.000000
100.583115
0.000000
0.000000
0.000000
0.000000
0.000000
0.000000
13.796854
0.000000
0.000000
0.000000
0.000000
0.000000
0.000000
99.741837
0.000000
0.000000
0.000000
0.000000
0.000000
0.000000
0.000000
0.000000
87.992523
27.174711
0.000000
0.000000
32.265667
0.000000
0.000000
0.000000
0.000000
0.000000
0.000000
0.000000
0.000000
37.151684
0.000000
0.000000
0.000000
0.000000
89.861794
0.000000
0.000000
0.000000
0.000000
0.000000
27.045891
0.000000
0.000000
0.000000
0.000000
0.000000
0.000000
0.000000
0.000000
0.000000
0.000000
0.000000
0.000000
0.000000
0.000000
91.790123
0.000000
107.382446
0.000000
0.000000
0.000000
0.000000
0.000000
0.000000
10.011081
0.000000
0.000000
2.543378
0.000000
3.861084
0.000000
93.401184
0.000000
0.000000
0.000000
0.000000
0.000000
0.000000
0.000000
0.000000
75.873985
1.445989
0.000000
0.000000
32.817081
0.000000
0.000000
0.000000
0.000000
0.000000
0.000000
0.000000
0.000000
36.071461
0.000000
0.000000
0.000000
0.000000
90.765305
0.000000
0.000000
0.000000
0.000000
0.000000
29.476429
0.000000
0.000000
0.000000
0.000000
0.000000
0.000000
0.000000
0.000000
0.000000
0.000000
0.000000
0.000000
0.000000
0.000000
89.164841
0.000000
116.472122
0.000000
0.000000
0.000000
0.000000
0.000000
0.000000
9.331927
0.000000
0.000000
8.689263
0.000000
5.325779
0.000000
94.190979
0.000000
0.000000
0.000000
0.000000
0.000000
0.000000
0.000000
0.000000
45.278057
0.000000
0.000000
0.000000
29.173103
0.000000
0.000000
0.000000
0.000000
0.000000
0.000000
0.000000
0.000000
34.042461
0.000000
0.000000
0.000000
0.000000
88.658844
0.000000
0.000000
0.000000
0.000000
0.000000
28.030613
0.000000
0.000000
0.000000
0.000000
0.000000
0.000000
0.000000
0.000000
0.000000
0.000000
0.000000
0.000000
0.000000
0.000000
89.773109
0.000000
113.807144
0.000000
0.000000
0.000000
0.000000
0.000000
0.000000
6.642223
0.000000
0.000000
7.777668
0.000000
5.346255
0.000000
92.135895
0.000000
0.000000
0.000000
0.000000
0.000000
0.000000
0.000000
0.000000
53.627140
0.000000
0.000000
0.000000
25.520741
0.000000
0.000000
0.000000
46.486160
0.000000
0.000000
0.000000
0.000000
33.605232
0.000000
0.000000
0.000000
0.000000
77.607735
0.000000
0.000000
0.000000
0.000000
0.000000
42.943035
0.000000
0.000000
0.000000
0.000000
0.000000
0.000000
0.000000
0.000000
0.000000
0.000000
0.000000
0.000000
0.000000
0.000000
93.106453
0.000000
101.204834
0.000000
0.000000
0.000000
0.000000
0.000000
0.000000
18.692289
0.000000
0.000000
0.000000
0.000000
4.445728
0.000000
89.610649
0.000000
0.000000
0.000000
0.000000
0.000000
0.000000
0.000000
0.000000
65.735283
0.000000
0.000000
0.000000
0.000000
0.000000
0.000000
0.000000
23.716646
0.000000
0.000000
0.000000
0.000000
59.007233
0.000000
0.000000
0.000000
0.000000
68.018227
0.000000
0.000000
0.000000
0.000000
0.000000
52.361526
0.000000
0.000000
0.000000
0.000000
0.000000
0.000000
0.000000
0.000000
0.000000
0.000000
0.000000
0.000000
38.730331
0.000000
77.533707
0.000000
100.257561
0.000000
0.000000
0.000000
0.000000
46.598877
0.000000
52.098209
0.000000
0.000000
30.651138
0.000000
86.202408
78.056122
21.063931
0.000000
0.000000
38.581520
0.000000
0.000000
0.000000
0.000000
0.000000
5.997301
0.000000
0.000000
0.000000
0.000000
14.331972
0.000000
0.000000
56.105766
0.000000
0.000000
0.000000
30.948193
11.185500
0.000000
0.000000
0.000000
0.000000
34.185368
0.000000
0.000000
0.000000
2.927243
0.000000
0.000000
0.000000
0.000000
0.000000
0.000000
0.000000
0.000000
0.000000
0.000000
0.000000
0.000000
14.918978
0.000000
0.000000
0.000000
49.420765
0.000000
85.833076
0.000000
0.000000
0.000000
0.000000
10.372486
0.000000
7.395960
0.000000
0.000000
11.990545
0.000000
23.151783
49.053787
19.063391
0.000000
0.000000
0.000000
0.000000
0.000000
0.000000
0.000000
0.000000
25.844273
46.997467
0.000000
0.000000
0.000000
5.238276
0.000000
0.000000
53.037807
0.000000
0.000000
6.628140
0.000000
0.000000
0.000000
3.463727
0.000000
0.000000
11.350404
0.000000
0.000000
0.000000
0.000000
0.000000
0.000000
0.000000
0.000000
0.000000
0.000000
0.000000
0.000000
0.000000
0.000000
0.000000
0.000000
54.917118
0.000000
0.000000
0.000000
86.639618
0.000000
63.670681
0.000000
0.000000
1.629830
0.000000
61.254536
0.000000
7.349185
0.000000
0.000000
14.655348
0.000000
0.000000
21.552248
3.873568
0.000000
0.000000
2.680815
0.000000
0.000000
20.317785
0.000000
0.000000
33.663708
0.000000
0.000000
0.000000
0.000000
33.015640
0.000000
0.000000
58.428944
0.000000
0.000000
20.621056
0.000000
35.378475
0.000000
0.000000
0.000000
0.000000
67.947952
0.000000
0.000000
0.000000
0.000000
0.000000
0.000000
0.000000
30.404301
0.000000
0.000000
0.000000
0.000000
0.000000
0.000000
0.000000
0.000000
11.968114
0.000000
0.000000
0.000000
76.957146
0.000000
38.054924
0.000000
0.000000
23.523302
0.000000
0.000000
0.000000
0.000000
0.000000
0.000000
71.746170
0.000000
0.000000
75.573929
5.321239
0.000000
6.319477
0.000000
0.000000
0.000000
0.000000
0.000000
0.000000
30.478397
52.412102
14.319269
0.000000
0.000000
3.890138
0.000000
0.000000
35.835789
0.000000
0.000000
0.000000
0.000000
43.779369
0.000000
0.000000
0.000000
0.000000
25.605125
0.000000
0.000000
0.000000
0.000000
0.000000
0.000000
0.000000
0.000000
0.000000
0.000000
0.000000
0.000000
0.000000
0.000000
0.000000
0.000000
17.896793
0.000000
57.563366
0.000000
63.508854
0.000000
24.559340
0.000000
0.000000
0.000000
0.000000
79.213028
0.000000
42.450207
0.000000
0.000000
17.431063
0.000000
0.000000
80.160416
5.848484
0.000000
0.000000
23.147985
0.000000
0.000000
2.040159
0.000000
0.000000
23.616877
40.319660
58.333797
0.000000
0.000000
6.486995
0.000000
0.000000
63.011757
0.000000
0.000000
0.000000
0.000000
79.718224
0.000000
0.000000
0.000000
0.000000
33.551010
0.000000
0.000000
0.000000
0.000000
0.000000
0.000000
0.000000
46.191113
0.000000
0.000000
0.000000
0.000000
0.000000
0.000000
0.000000
0.000000
10.244455
0.000000
0.000000
0.000000
50.528744
0.000000
64.665871
0.000000
0.000000
0.000000
0.000000
0.000000
0.000000
69.489182
0.000000
0.000000
35.044765
0.000000
0.000000
66.303802
88.765251
0.000000
0.000000
25.162561
0.000000
0.000000
53.557793
0.000000
0.000000
35.262745
16.243881
0.000000
0.000000
20.707973
0.000000
0.000000
0.000000
12.658316
0.000000
0.000000
0.087677
0.000000
36.141731
0.000000
0.000000
0.000000
0.000000
40.197609
0.000000
0.000000
0.000000
0.000000
0.000000
1.489021
0.000000
0.000000
0.000000
0.000000
0.000000
0.605857
0.000000
0.000000
0.000000
0.000000
24.649515
0.000000
0.000000
0.000000
77.632217
0.000000
95.079590
0.000000
0.000000
0.000000
0.000000
0.000000
0.000000
52.774029
0.000000
0.000000
7.062796
0.000000
0.000000
0.000000
97.553535
0.000000
0.000000
0.000000
0.000000
0.000000
0.000000
0.000000
0.000000
74.095642
0.000000
0.000000
0.000000
30.324699
0.000000
0.000000
0.000000
0.000000
0.000000
0.000000
0.000000
0.000000
36.246628
0.000000
0.000000
0.000000
0.000000
67.672913
0.000000
0.000000
0.000000
0.000000
0.000000
14.706567
0.000000
0.000000
0.000000
0.000000
0.000000
0.000000
0.000000
0.000000
0.000000
0.000000
0.000000
0.000000
0.000000
0.000000
86.240150
0.000000
102.650604
0.000000
0.000000
0.000000
0.000000
0.000000
0.000000
19.517569
0.000000
0.000000
0.000000
0.000000
0.000000
0.000000
98.651039
0.000000
0.000000
0.000000
0.000000
0.000000
0.000000
0.000000
0.000000
81.254646
7.963693
0.000000
0.000000
32.313805
0.000000
0.000000
0.000000
0.000000
0.000000
0.000000
0.000000
0.000000
37.792145
0.000000
0.000000
0.000000
0.000000
82.863922
0.000000
0.000000
0.000000
0.000000
0.000000
21.502747
0.000000
0.000000
0.000000
0.000000
0.000000
0.000000
0.000000
0.000000
0.000000
0.000000
0.000000
0.000000
0.000000
0.000000
89.946999
0.000000
107.454575
0.000000
0.000000
0.000000
0.000000
0.000000
0.000000
9.587706
0.000000
0.000000
0.664472
0.000000
1.878210
0.000000
93.710709
0.000000
0.000000
0.000000
0.000000
0.000000
0.000000
0.000000
0.000000
74.522537
1.875711
0.000000
0.000000
37.220444
0.000000
0.000000
0.000000
0.000000
0.000000
0.000000
0.000000
0.000000
35.393913
0.000000
0.000000
0.000000
0.000000
93.913078
0.000000
0.000000
0.000000
0.000000
0.000000
28.488581
0.000000
0.000000
0.000000
0.000000
0.000000
0.000000
0.000000
0.000000
0.000000
0.000000
0.000000
0.000000
0.000000
0.000000
88.798965
0.000000
115.771805
0.000000
0.000000
0.000000
0.000000
0.000000
0.000000
8.431059
0.000000
0.000000
8.718961
0.000000
7.806471
0.000000
93.183258
0.000000
0.000000
0.000000
0.000000
0.000000
0.000000
0.000000
0.000000
47.652695
0.000000
0.000000
0.000000
31.123383
0.000000
0.000000
0.000000
0.000000
0.000000
0.000000
0.000000
0.000000
31.854488
0.000000
0.000000
0.000000
0.000000
88.584999
0.000000
0.000000
0.000000
0.000000
0.000000
23.592609
0.000000
0.000000
0.000000
0.000000
0.000000
0.000000
0.000000
0.000000
0.000000
0.000000
0.000000
0.000000
0.000000
0.000000
91.106499
0.000000
114.658897
0.000000
0.000000
0.000000
0.000000
0.000000
0.000000
9.390924
0.000000
0.000000
6.682666
0.000000
13.221564
0.000000
88.757805
0.000000
0.000000
0.000000
0.000000
0.000000
0.000000
0.000000
0.000000
64.810425
0.000000
0.000000
0.000000
26.651802
0.000000
0.000000
0.000000
26.879992
0.000000
0.000000
0.000000
0.000000
36.719795
0.000000
0.000000
0.000000
0.000000
80.748444
0.000000
0.000000
0.000000
0.000000
0.000000
40.820953
0.000000
0.000000
0.000000
0.000000
0.000000
17.229834
0.000000
0.000000
0.000000
0.000000
0.000000
0.000000
0.000000
0.000000
100.817810
0.000000
112.109573
0.000000
0.000000
0.000000
0.000000
0.000000
0.000000
8.576136
0.000000
0.000000
5.808317
0.000000
25.436773
0.329069
87.922852
0.000000
0.000000
0.000000
0.000000
0.000000
0.000000
0.000000
0.000000
80.091759
0.000000
0.000000
0.000000
1.561859
0.000000
0.000000
0.000000
36.660194
0.000000
0.000000
0.000000
0.000000
18.582741
0.000000
17.685085
0.000000
0.000000
71.837059
2.047282
0.000000
0.000000
0.000000
0.000000
32.966770
0.000000
0.000000
0.000000
0.000000
0.000000
1.356988
0.000000
0.000000
0.000000
0.000000
21.120609
0.000000
15.482596
0.000000
79.997620
0.000000
109.250473
0.000000
0.000000
0.799643
0.000000
42.348228
0.000000
1.043070
0.000000
0.000000
29.417490
0.000000
60.070526
59.691700
30.461344
0.000000
0.000000
5.352187
0.000000
0.000000
0.000000
0.000000
0.000000
35.530411
0.000000
0.000000
0.000000
0.000000
9.334946
0.000000
0.000000
76.210403
0.000000
0.000000
9.724848
0.000000
24.326183
0.000000
15.248572
0.000000
0.000000
47.285740
0.000000
0.000000
0.000000
0.000000
0.000000
0.000000
0.000000
1.452859
0.000000
0.000000
0.000000
0.000000
0.000000
0.000000
0.000000
0.000000
27.627092
0.000000
0.000000
0.000000
54.313625
0.000000
54.824596
0.000000
0.000000
2.759557
0.000000
0.000000
0.000000
5.122166
0.000000
0.000000
45.215275
0.000000
3.050305
21.887844
28.650167
1.232300
0.000000
5.411454
0.000000
0.000000
0.000000
0.000000
0.000000
27.281099
19.370068
0.000000
0.000000
0.000000
5.501932
0.000000
0.000000
44.682259
0.000000
0.000000
7.575145
0.000000
13.884771
0.000000
0.000000
0.000000
0.000000
31.651081
0.000000
0.000000
0.000000
0.000000
0.000000
6.663040
0.000000
0.000000
0.000000
0.000000
0.000000
22.029543
0.000000
0.000000
0.000000
0.000000
65.844490
0.000000
28.459501
0.000000
69.464088
15.704186
33.078594
0.000000
0.000000
5.778645
0.000000
105.478539
13.022421
3.148468
0.000000
0.000000
10.493316
0.000000
0.000000
59.497837
25.174385
0.000000
0.000000
47.838959
0.000000
0.000000
0.000000
0.000000
0.000000
31.800024
0.000000
0.000000
0.000000
0.000000
20.990389
0.000000
0.000000
63.433685
0.000000
0.000000
25.623592
0.000000
83.648735
0.000000
0.000000
0.000000
0.000000
47.260105
0.000000
0.000000
0.000000
0.000000
0.000000
0.000000
0.000000
70.582916
0.000000
0.000000
0.000000
0.000000
0.000000
0.000000
0.000000
0.000000
14.228251
0.000000
0.000000
0.000000
96.065102
0.000000
0.000000
0.000000
0.000000
0.499316
0.000000
0.000000
0.000000
0.000000
0.000000
0.000000
47.894531
0.000000
0.000000
119.972061
0.000000
0.000000
0.000000
32.020576
0.000000
0.000000
0.000000
0.000000
0.000000
36.410427
37.888275
43.625263
0.000000
0.000000
0.000000
0.000000
0.000000
90.350441
0.000000
0.000000
0.000000
0.000000
89.630653
0.000000
0.000000
0.000000
0.000000
50.288647
0.000000
0.000000
0.000000
0.000000
0.000000
0.000000
0.000000
0.000000
0.000000
0.000000
0.000000
0.000000
0.000000
0.000000
0.000000
0.000000
16.491304
0.000000
55.978680
0.000000
64.886642
0.000000
39.343163
0.000000
0.000000
0.000000
0.000000
112.758690
0.000000
3.618032
0.000000
0.000000
0.000000
0.000000
0.000000
95.467888
41.898621
0.000000
0.000000
107.168839
0.000000
0.000000
0.000000
0.000000
0.000000
47.271667
61.673161
66.624214
10.662682
0.000000
0.000000
0.000000
0.000000
65.082787
0.000000
0.000000
0.207544
0.000000
84.612617
0.000000
0.000000
0.000000
0.000000
40.456337
0.000000
0.000000
0.000000
0.000000
0.000000
0.000000
0.000000
60.016205
0.000000
0.000000
0.000000
0.000000
0.000000
0.000000
0.000000
0.000000
0.921338
0.000000
19.338161
0.000000
50.054092
0.000000
71.994560
0.000000
0.000000
0.000000
0.000000
0.000000
0.000000
83.233833
0.000000
0.000000
25.058445
0.000000
0.000000
84.649086
77.366653
0.000000
0.000000
23.158762
0.000000
0.000000
54.745247
0.000000
0.000000
42.412994
13.262448
10.386835
0.000000
23.491289
0.000000
0.000000
0.000000
19.956045
0.000000
0.000000
0.000000
0.000000
32.636173
0.000000
0.000000
0.000000
0.000000
58.917847
0.000000
0.000000
0.000000
0.000000
0.000000
1.992604
0.000000
0.000000
0.000000
0.000000
0.000000
0.000000
0.000000
0.000000
0.000000
0.000000
0.000000
0.000000
0.000000
0.000000
84.114326
0.000000
109.336975
0.000000
0.000000
0.000000
0.000000
0.000000
0.000000
68.183922
0.000000
0.000000
8.369928
0.000000
0.000000
0.000000
90.054504
0.000000
0.000000
0.000000
0.000000
0.000000
4.686814
0.000000
0.000000
75.229576
0.000000
0.000000
0.000000
32.928638
0.000000
0.000000
0.000000
0.000000
0.000000
0.000000
0.000000
0.000000
32.697773
0.000000
0.000000
0.000000
0.000000
75.801361
0.000000
0.000000
0.000000
0.000000
0.000000
13.593765
0.000000
0.000000
0.000000
0.000000
0.000000
0.000000
0.000000
0.000000
0.000000
0.000000
0.000000
0.000000
0.000000
0.000000
91.713615
0.000000
112.890800
0.000000
0.000000
0.000000
0.000000
0.000000
0.000000
25.140619
0.000000
0.000000
0.269335
0.000000
0.000000
0.000000
94.247932
0.000000
0.000000
0.000000
0.000000
0.000000
0.000000
0.000000
0.000000
75.912445
0.365614
0.000000
0.000000
38.042927
0.000000
0.000000
0.000000
0.000000
0.000000
0.000000
0.000000
0.000000
33.388401
0.000000
0.000000
0.000000
0.000000
82.297852
0.000000
0.000000
0.000000
0.000000
0.000000
18.501135
0.000000
0.000000
0.000000
0.000000
0.000000
0.000000
0.000000
0.000000
0.000000
0.000000
0.000000
0.000000
0.000000
0.000000
91.239471
0.000000
113.874725
0.000000
0.000000
0.000000
0.000000
0.000000
0.000000
10.470284
0.000000
0.000000
0.000000
0.000000
3.617302
0.000000
92.136703
0.000000
0.000000
0.000000
0.000000
0.000000
0.000000
0.000000
0.000000
70.029243
0.000000
0.000000
0.000000
35.366959
0.000000
0.000000
0.000000
0.000000
0.000000
0.000000
0.000000
0.000000
36.367752
0.000000
0.000000
0.000000
0.000000
93.555344
0.000000
0.000000
0.000000
0.000000
0.000000
32.861675
0.000000
0.000000
0.000000
0.000000
0.000000
0.000000
0.000000
0.000000
0.000000
0.000000
0.000000
0.000000
0.000000
0.000000
87.830315
0.000000
113.740532
0.000000
0.000000
0.000000
0.000000
0.000000
0.000000
6.926296
0.000000
0.000000
8.183360
0.000000
6.643218
0.000000
93.639893
0.000000
0.000000
0.000000
0.000000
0.000000
0.000000
0.000000
0.000000
41.364403
0.000000
0.000000
0.000000
28.762255
0.000000
0.000000
0.000000
0.000000
0.000000
0.000000
0.000000
0.000000
31.649101
0.000000
0.000000
0.000000
0.000000
84.360939
0.000000
0.000000
0.000000
0.000000
0.000000
24.608810
0.000000
0.000000
0.000000
0.000000
0.000000
0.000000
0.000000
0.000000
0.000000
0.000000
0.000000
0.000000
0.000000
0.000000
92.026253
0.000000
117.747787
0.000000
0.000000
0.000000
0.000000
0.000000
0.000000
3.689334
0.000000
0.000000
6.142707
0.000000
11.881467
0.000000
91.929764
0.000000
0.000000
0.000000
0.000000
0.000000
0.000000
0.000000
0.000000
58.973118
0.000000
0.000000
0.000000
20.799732
0.000000
0.000000
0.000000
25.424921
0.000000
0.000000
5.823255
0.000000
36.521248
0.000000
0.000000
0.000000
0.000000
81.164261
0.000000
0.000000
0.000000
0.000000
0.000000
27.445585
0.000000
0.000000
0.000000
0.000000
0.000000
28.150095
0.000000
0.000000
0.000000
0.000000
0.000000
0.000000
0.000000
0.000000
87.669060
0.000000
111.971260
0.000000
0.000000
0.000000
0.000000
0.000000
0.000000
2.457983
0.000000
0.000000
22.144161
0.000000
40.489929
5.827226
95.942528
0.000000
0.000000
0.000000
0.000000
0.000000
0.000000
0.000000
0.000000
66.577919
0.000000
0.000000
0.000000
13.531610
0.000000
0.000000
0.000000
46.855339
0.000000
0.000000
14.089231
0.000000
35.803989
0.000000
0.000000
0.000000
0.000000
60.340664
0.000000
0.000000
0.000000
0.000000
0.000000
17.618082
0.000000
0.000000
0.000000
0.000000
0.000000
28.314262
0.000000
0.000000
0.000000
0.000000
37.359943
0.000000
21.763405
0.000000
53.259583
11.088923
100.073524
0.000000
0.000000
0.000000
0.000000
69.677612
0.000000
5.532891
0.000000
0.000000
35.613796
0.000000
50.099606
55.139782
53.201145
0.000000
0.000000
18.103136
0.000000
0.000000
0.000000
0.000000
0.000000
43.374050
0.000000
0.000000
0.000000
0.000000
0.000000
0.000000
0.000000
127.411652
0.000000
0.000000
19.269867
0.000000
66.111275
0.000000
0.000000
0.000000
0.000000
58.518024
0.000000
0.000000
0.000000
0.000000
0.000000
0.000000
0.000000
67.592560
0.000000
0.000000
0.000000
0.000000
0.000000
0.000000
0.000000
0.000000
25.757395
0.000000
7.430212
0.000000
74.922806
0.000000
42.801590
0.000000
0.000000
0.000000
0.000000
0.000000
0.000000
66.508026
0.000000
0.000000
51.959881
0.000000
0.000000
38.879223
66.050819
27.427856
0.000000
38.086277
0.000000
0.000000
0.000000
0.000000
0.000000
35.559818
29.638588
0.000000
0.000000
0.000000
0.000000
0.000000
0.000000
42.780815
0.000000
0.000000
15.415919
0.000000
2.608828
0.000000
0.000000
0.000000
0.000000
28.196648
0.000000
0.000000
0.000000
0.000000
0.000000
53.117085
0.000000
0.000000
0.000000
0.000000
0.000000
33.159363
0.000000
0.000000
0.000000
0.000000
41.102146
0.000000
59.195751
0.000000
93.937881
0.000000
40.447987
0.000000
0.000000
0.000000
0.000000
205.625793
0.000000
26.935863
0.000000
0.000000
0.000000
0.000000
0.000000
89.938652
21.661970
0.000000
0.000000
42.714676
0.000000
0.000000
0.000000
0.000000
0.000000
0.000000
0.000000
68.656776
19.387615
0.000000
9.485205
0.000000
0.000000
70.749557
0.000000
0.000000
0.000000
0.000000
116.042549
0.000000
0.000000
0.000000
0.000000
39.409657
0.000000
0.000000
0.000000
0.000000
0.000000
2.915752
0.000000
133.683975
0.000000
0.000000
0.000000
0.000000
0.000000
0.000000
0.000000
0.000000
4.868913
0.000000
53.191956
0.000000
114.824341
0.000000
0.000000
0.000000
0.000000
0.000000
0.000000
0.000000
0.000000
0.000000
0.000000
0.000000
55.050285
0.000000
0.000000
153.466675
0.000000
0.000000
0.000000
45.909206
0.000000
0.000000
0.000000
0.000000
0.000000
65.166786
28.883125
33.164013
0.000000
0.000000
0.000000
0.000000
0.000000
82.536926
0.000000
0.000000
0.000000
0.000000
74.250496
0.000000
0.000000
0.000000
0.000000
46.917088
0.000000
0.000000
0.000000
0.000000
0.000000
6.098623
0.000000
0.000000
0.000000
0.000000
0.000000
0.000000
0.000000
0.000000
0.000000
0.000000
10.000227
0.000000
52.939808
0.000000
47.883991
0.000000
59.791492
0.000000
0.000000
0.000000
0.000000
107.899887
0.000000
25.665413
0.000000
0.000000
0.000000
0.000000
0.000000
94.016708
40.608543
0.000000
0.000000
101.360214
0.000000
0.000000
0.000000
0.000000
0.000000
42.213467
42.540161
42.268967
0.990561
0.000000
0.000000
0.000000
0.000000
47.317749
0.000000
0.000000
0.000000
0.000000
61.630791
0.000000
0.000000
0.000000
0.000000
39.047440
0.000000
0.000000
0.000000
0.000000
0.000000
3.960536
0.000000
3.988441
0.000000
0.000000
0.000000
0.000000
0.000000
0.000000
0.000000
0.000000
0.000000
0.000000
23.322319
0.000000
53.455170
0.000000
92.528877
0.000000
0.000000
0.000000
0.000000
0.000000
0.000000
83.434158
0.000000
0.000000
33.090027
0.000000
0.000000
54.566208
59.965958
0.000000
0.000000
0.000000
0.000000
0.000000
43.723362
0.000000
0.000000
25.278152
0.000000
10.011594
0.000000
24.998331
0.000000
0.000000
0.000000
16.774349
0.000000
0.000000
0.000000
0.000000
31.830797
0.000000
0.000000
0.000000
0.000000
72.468971
0.000000
0.000000
0.000000
0.000000
0.000000
13.549331
0.000000
0.000000
0.000000
0.000000
0.000000
0.000000
0.000000
0.000000
0.000000
0.000000
0.000000
0.000000
0.000000
0.000000
83.379662
0.000000
114.418243
0.000000
0.000000
0.000000
0.000000
0.000000
0.000000
67.431374
0.000000
0.000000
15.300108
0.000000
0.859721
0.000000
93.352211
0.000000
0.000000
0.000000
0.000000
0.000000
1.340917
0.000000
0.000000
59.591320
0.000000
0.000000
0.000000
34.267052
0.000000
0.000000
0.000000
0.000000
0.000000
0.000000
0.000000
0.000000
36.076775
0.000000
0.000000
0.000000
0.000000
86.444382
0.000000
0.000000
0.000000
0.000000
0.000000
23.638687
0.000000
0.000000
0.000000
0.000000
0.000000
0.000000
0.000000
0.000000
0.000000
0.000000
0.000000
0.000000
0.000000
0.000000
89.794693
0.000000
117.727646
0.000000
0.000000
0.000000
0.000000
0.000000
0.000000
19.752878
0.000000
0.000000
12.176649
0.000000
3.512793
0.000000
101.727066
0.000000
0.000000
0.000000
0.000000
0.000000
0.000000
0.000000
0.000000
59.518501
0.000000
0.000000
0.000000
40.618484
0.000000
0.000000
0.000000
0.000000
0.000000
0.000000
0.000000
0.000000
38.070366
0.000000
0.000000
0.000000
0.000000
92.880585
0.000000
0.000000
0.000000
0.000000
0.000000
31.109919
0.000000
0.000000
0.000000
0.000000
0.000000
0.000000
0.000000
0.000000
0.000000
0.000000
0.000000
0.000000
0.000000
0.000000
90.039398
0.000000
115.449341
0.000000
0.000000
0.000000
0.000000
0.000000
0.000000
6.274029
0.000000
0.000000
11.026831
0.000000
5.928890
0.000000
102.404099
0.000000
0.000000
0.000000
0.000000
0.000000
0.000000
0.000000
0.000000
58.029274
0.000000
0.000000
0.000000
33.357948
0.000000
0.000000
0.000000
0.000000
0.000000
0.000000
0.000000
0.000000
33.093613
0.000000
0.000000
0.000000
0.000000
90.247009
0.000000
0.000000
0.000000
0.000000
0.000000
32.503357
0.000000
0.000000
0.000000
0.000000
0.000000
0.000000
0.000000
0.000000
0.000000
0.000000
0.000000
0.000000
0.000000
0.000000
87.503563
0.000000
113.041885
0.000000
0.000000
0.000000
0.000000
0.000000
0.000000
2.964735
0.000000
0.000000
6.575747
0.000000
4.782956
0.000000
91.535355
0.000000
0.000000
0.000000
0.000000
0.000000
0.000000
0.000000
0.000000
39.678059
0.000000
0.000000
0.000000
28.139387
0.000000
0.000000
0.000000
0.000000
0.000000
0.000000
0.000000
0.000000
30.241579
0.000000
0.000000
0.000000
0.000000
81.361526
0.000000
0.000000
0.000000
0.000000
0.000000
24.298710
0.000000
0.000000
0.000000
0.000000
0.000000
0.000000
0.000000
0.000000
0.000000
0.000000
0.000000
0.000000
0.000000
0.000000
85.490982
0.000000
117.989281
0.000000
0.000000
0.000000
0.000000
0.000000
0.000000
6.577311
0.000000
0.000000
6.156239
0.000000
6.237165
0.000000
94.464645
0.000000
0.000000
0.000000
0.000000
0.000000
0.000000
0.000000
0.000000
46.392467
0.000000
0.000000
0.000000
13.648131
0.000000
0.000000
0.000000
39.512402
0.000000
0.000000
0.000000
0.000000
38.836132
0.000000
0.000000
0.000000
0.000000
71.851410
0.000000
0.000000
0.000000
0.000000
0.000000
28.887392
0.000000
0.000000
0.000000
0.000000
0.000000
9.042309
0.000000
0.000000
0.000000
0.000000
0.000000
0.000000
15.046950
0.000000
84.210587
1.665353
115.883736
0.000000
0.000000
0.000000
0.000000
14.348320
0.000000
17.496834
0.000000
0.000000
24.297417
0.000000
29.771442
20.977497
94.551918
0.000000
0.000000
0.000000
0.000000
0.000000
0.000000
0.000000
0.000000
45.084606
0.000000
0.000000
0.000000
0.000000
0.000000
0.000000
0.000000
58.626492
0.000000
0.000000
0.000000
0.000000
40.452827
0.000000
0.000000
0.000000
0.000000
41.909882
0.000000
0.000000
0.000000
0.000000
0.000000
10.280885
0.000000
0.000000
0.000000
0.000000
0.000000
0.000000
0.000000
0.000000
0.000000
0.000000
26.451818
0.000000
22.890188
0.000000
44.118736
6.346954
106.608543
0.000000
0.000000
0.000000
0.000000
86.359734
0.000000
23.666063
0.000000
0.000000
19.406019
0.000000
61.606331
82.869507
32.406620
0.000000
0.000000
33.315121
0.000000
0.000000
0.000000
0.000000
0.000000
3.931723
0.000000
16.916590
0.000000
0.000000
8.221811
0.000000
0.000000
156.590500
0.000000
0.000000
0.000000
0.000000
57.007664
0.000000
0.000000
0.000000
0.000000
49.883667
0.000000
0.000000
0.000000
0.000000
0.000000
0.000000
0.000000
97.526360
0.000000
0.000000
0.000000
0.000000
0.000000
0.000000
0.000000
0.000000
3.082110
0.000000
18.602217
0.000000
99.188843
0.000000
60.453796
0.000000
0.000000
0.000000
0.000000
11.319534
0.000000
86.784561
0.000000
0.000000
31.861027
0.000000
0.000000
54.134064
75.771927
45.443405
0.000000
30.065622
0.000000
0.000000
0.000000
0.000000
0.000000
17.090948
34.935463
0.000000
10.643137
0.000000
0.000000
0.000000
0.000000
16.206842
0.000000
0.000000
0.000000
0.000000
0.000000
0.000000
0.000000
0.000000
0.000000
30.544727
0.000000
0.000000
0.000000
0.000000
0.000000
91.445267
0.000000
0.000000
0.000000
0.000000
0.000000
33.106304
0.000000
0.000000
0.000000
0.000000
0.000000
0.000000
99.604034
0.000000
97.397781
0.000000
36.144009
0.000000
0.000000
0.000000
0.000000
223.128464
0.000000
10.080732
0.000000
0.000000
0.000000
0.000000
0.000000
108.853859
0.000000
0.000000
0.000000
31.976965
0.000000
0.000000
0.000000
0.000000
0.000000
0.000000
0.000000
109.459320
35.589901
0.000000
16.488363
0.000000
0.000000
77.329689
0.000000
0.000000
0.000000
0.000000
135.349716
0.000000
0.000000
0.000000
0.000000
33.986042
0.000000
0.000000
0.000000
0.000000
0.000000
7.574763
0.000000
160.330322
0.000000
0.000000
0.000000
0.000000
0.000000
0.000000
0.000000
0.000000
0.000000
0.000000
84.270630
0.000000
123.761253
0.000000
0.000000
0.000000
0.000000
0.000000
0.000000
0.000000
0.000000
0.000000
0.000000
0.000000
0.000000
0.000000
0.000000
199.992615
0.000000
0.000000
0.000000
59.557945
0.000000
0.000000
0.000000
0.000000
0.000000
65.076462
19.943752
17.981220
3.034461
0.000000
0.000000
0.000000
0.000000
64.321678
0.000000
0.000000
0.000000
0.000000
34.968842
0.000000
0.000000
0.000000
0.000000
30.733595
0.000000
0.000000
0.000000
0.000000
0.000000
12.979807
0.000000
0.000000
0.000000
0.000000
0.000000
0.000000
0.000000
0.000000
0.000000
0.000000
0.000000
0.000000
32.601337
0.000000
46.191406
0.000000
54.836266
0.000000
0.000000
0.000000
0.000000
75.389206
0.000000
28.218376
0.000000
0.000000
0.000000
0.000000
0.000000
93.972343
29.820831
0.000000
0.000000
65.488068
0.000000
0.000000
1.789660
0.000000
0.000000
43.924355
26.929525
35.187675
0.000000
0.000000
2.511102
0.000000
0.000000
47.209755
0.000000
0.000000
0.000000
0.000000
40.683559
0.000000
0.000000
0.000000
0.000000
41.433567
0.000000
0.000000
0.000000
0.000000
0.000000
0.000000
0.000000
0.000000
0.000000
0.000000
0.000000
0.000000
0.000000
0.000000
0.000000
0.000000
0.000000
0.000000
18.969015
0.000000
55.972546
0.000000
90.237450
0.000000
0.000000
0.000000
0.000000
0.000000
0.000000
67.833031
0.000000
0.000000
27.977427
0.000000
0.000000
46.713142
33.528217
0.000000
0.000000
0.000000
0.000000
0.000000
33.502190
0.000000
0.000000
27.181543
2.031900
13.520356
0.000000
23.552917
0.000000
0.000000
0.000000
9.042211
0.000000
0.000000
0.000000
0.000000
24.268848
0.000000
0.000000
0.000000
0.000000
69.549370
0.000000
0.000000
0.000000
0.000000
0.000000
15.728427
0.000000
0.000000
0.000000
0.000000
0.000000
0.000000
0.000000
0.000000
0.000000
0.000000
0.000000
0.000000
0.000000
0.000000
81.381096
0.000000
111.969597
0.000000
0.000000
0.000000
0.000000
0.000000
0.000000
63.503704
0.000000
0.000000
17.169775
0.000000
2.591287
0.000000
89.381920
0.000000
0.000000
0.000000
0.000000
0.000000
2.297519
0.000000
0.000000
48.280365
0.000000
0.000000
0.000000
31.240267
0.000000
0.000000
0.000000
0.000000
0.000000
0.000000
0.000000
0.000000
34.049316
0.000000
0.000000
0.000000
0.000000
87.630310
0.000000
0.000000
0.000000
0.000000
0.000000
27.059826
0.000000
0.000000
0.000000
0.000000
0.000000
0.000000
0.000000
0.000000
0.000000
0.000000
0.000000
0.000000
0.000000
0.000000
85.371872
0.000000
113.857430
0.000000
0.000000
0.000000
0.000000
0.000000
0.000000
17.227329
0.000000
0.000000
11.994610
0.000000
3.295633
0.000000
97.713448
0.000000
0.000000
0.000000
0.000000
0.000000
0.000000
0.000000
0.000000
48.212025
0.000000
0.000000
0.000000
36.939754
0.000000
0.000000
0.000000
0.000000
0.000000
0.000000
0.000000
0.000000
36.216034
0.000000
0.000000
0.000000
0.000000
94.579346
0.000000
0.000000
0.000000
0.000000
0.000000
35.008945
0.000000
0.000000
0.000000
0.000000
0.000000
0.000000
0.000000
0.000000
0.000000
0.000000
0.000000
0.000000
0.000000
0.000000
85.473663
0.000000
109.906609
0.000000
0.000000
0.000000
0.000000
0.000000
0.000000
10.509662
0.000000
0.000000
11.949145
0.000000
4.474015
0.000000
97.663139
0.000000
0.000000
0.000000
0.000000
0.000000
0.000000
0.000000
0.000000
34.476204
0.000000
0.000000
0.000000
31.497982
0.000000
0.000000
0.000000
0.000000
0.000000
0.000000
0.000000
0.000000
32.619865
0.000000
0.000000
0.000000
0.000000
80.612778
0.000000
0.000000
0.000000
0.000000
0.000000
21.697353
0.000000
0.000000
0.000000
0.000000
0.000000
0.000000
0.000000
0.000000
0.000000
0.000000
0.000000
0.000000
0.000000
0.000000
83.842606
0.000000
112.045029
0.000000
0.000000
0.000000
0.000000
0.000000
0.000000
17.324924
0.000000
0.000000
10.797879
0.000000
1.856197
0.000000
93.973358
0.000000
0.000000
0.000000
0.000000
0.000000
0.000000
0.000000
0.000000
39.629456
0.000000
0.000000
0.000000
26.957794
0.000000
0.000000
0.000000
0.000000
0.000000
0.000000
0.000000
0.000000
28.677626
0.000000
0.000000
0.000000
0.000000
76.216385
0.000000
0.000000
0.000000
0.000000
0.000000
21.440434
0.000000
0.000000
0.000000
0.000000
0.000000
0.000000
0.000000
0.000000
0.000000
0.000000
0.000000
0.000000
0.000000
0.000000
79.954575
0.000000
112.796875
0.000000
0.000000
0.000000
0.000000
0.000000
0.000000
9.164316
0.000000
0.000000
5.941989
0.000000
2.435542
0.000000
90.207848
0.000000
0.000000
0.000000
0.000000
0.000000
0.000000
0.000000
0.000000
37.709461
0.000000
0.000000
0.000000
5.713253
0.000000
0.000000
0.000000
35.497906
0.000000
0.000000
0.000000
0.000000
36.042839
0.000000
0.000000
0.000000
0.000000
68.837158
0.000000
0.000000
0.000000
0.000000
0.000000
37.234966
0.000000
0.000000
0.000000
0.000000
0.000000
1.392050
0.000000
0.000000
0.000000
0.000000
0.000000
0.000000
32.913002
0.000000
78.216248
0.000000
116.315018
0.000000
0.000000
0.000000
0.000000
35.531590
0.000000
21.907991
0.000000
0.000000
19.643806
0.000000
30.697170
37.638947
88.296547
0.000000
0.000000
0.000000
0.000000
0.000000
0.000000
0.000000
0.000000
36.487450
0.000000
0.000000
0.000000
0.000000
0.000000
0.000000
0.000000
72.693268
0.000000
0.000000
0.000000
0.000000
49.926388
0.000000
0.000000
0.000000
0.000000
35.796520
0.000000
0.000000
0.000000
0.000000
0.000000
0.888921
0.000000
0.000000
0.000000
0.000000
0.000000
0.000000
0.000000
0.000000
0.000000
0.000000
2.286575
0.000000
26.117836
0.000000
38.330009
0.000000
104.800713
0.000000
0.000000
0.000000
0.000000
92.060532
0.000000
13.696234
0.000000
0.000000
10.174987
0.000000
66.251381
82.360573
19.737204
0.000000
0.000000
33.266525
0.000000
0.000000
0.000000
0.000000
0.000000
19.584663
12.484960
14.936569
0.000000
0.000000
16.447624
0.000000
0.000000
151.043640
0.000000
0.000000
0.000000
0.000000
41.128723
0.000000
0.000000
0.000000
0.000000
44.077660
0.000000
0.000000
0.000000
0.000000
0.000000
3.077168
0.000000
75.142967
0.000000
0.000000
0.000000
0.000000
0.000000
0.000000
0.000000
0.000000
0.000000
0.000000
29.187092
0.000000
105.332428
0.000000
78.991806
0.000000
0.000000
0.000000
0.000000
6.055056
0.000000
92.522461
0.000000
0.000000
4.233871
0.000000
0.000000
46.776722
75.299454
46.266026
0.000000
9.341375
0.000000
0.000000
4.723850
0.000000
0.000000
25.523830
22.762785
0.000000
7.973253
0.000000
0.000000
0.000000
0.000000
21.752459
0.000000
0.000000
0.000000
0.000000
0.000000
0.000000
0.000000
0.000000
0.000000
29.978992
0.000000
0.000000
0.000000
0.000000
0.000000
89.145195
0.000000
0.000000
0.000000
0.000000
0.000000
21.292791
0.000000
0.000000
0.000000
0.000000
0.000000
0.000000
103.668358
0.000000
89.596352
0.000000
38.540745
0.000000
0.000000
0.000000
0.000000
218.967697
0.000000
23.007444
0.000000
0.000000
0.000000
0.000000
0.000000
108.426720
0.000000
0.000000
0.000000
35.303757
0.000000
0.000000
0.000000
0.000000
0.000000
0.000000
0.000000
114.985588
35.628357
0.000000
14.207659
0.000000
0.000000
82.830925
0.000000
0.000000
0.000000
0.000000
138.159164
0.000000
0.000000
0.000000
0.000000
38.262268
0.000000
0.000000
0.000000
0.000000
0.000000
6.158349
0.000000
156.107193
0.000000
0.000000
0.000000
0.000000
0.000000
0.000000
0.000000
0.000000
0.000000
0.000000
84.870491
0.000000
119.681664
0.000000
0.000000
0.000000
0.000000
0.000000
0.000000
0.000000
0.000000
0.196570
0.000000
0.000000
0.000000
0.000000
0.000000
197.451385
4.628334
0.000000
0.000000
62.281189
0.000000
0.000000
0.000000
0.000000
0.000000
50.920475
9.503779
9.897298
12.487246
0.000000
0.000000
0.000000
0.000000
55.424858
0.000000
0.000000
0.000000
0.000000
34.959080
0.000000
0.000000
0.000000
0.000000
25.748075
0.000000
0.000000
0.000000
0.000000
0.000000
20.442368
0.000000
0.000000
0.000000
0.000000
0.000000
0.000000
0.000000
0.000000
0.000000
0.000000
0.000000
0.000000
18.047520
0.000000
44.984165
0.000000
60.707554
0.000000
0.000000
0.000000
0.000000
56.650009
0.000000
25.117298
0.000000
0.000000
3.466561
0.000000
9.439924
84.325333
36.968666
0.000000
0.000000
50.593227
0.000000
0.000000
12.582895
0.000000
0.000000
37.769241
11.929282
11.823615
0.000000
0.000000
6.171491
0.000000
0.000000
48.738579
0.000000
0.000000
0.000000
0.000000
39.159966
0.000000
0.000000
0.000000
0.000000
35.972778
0.000000
0.000000
0.000000
0.000000
0.000000
0.000000
0.000000
0.000000
0.000000
0.000000
0.000000
0.000000
0.000000
0.000000
0.000000
0.000000
0.000000
0.000000
14.496675
0.000000
50.539215
0.000000
91.135284
0.000000
0.000000
0.000000
0.000000
0.000000
0.000000
60.452774
0.000000
0.000000
26.063484
0.000000
0.000000
50.105263
36.963951
0.000000
0.000000
0.000000
0.000000
0.000000
35.740601
0.000000
0.000000
29.315928
10.154490
9.599984
0.000000
21.633469
0.000000
0.000000
0.000000
19.724951
0.000000
0.000000
0.000000
0.000000
22.680534
0.000000
0.000000
0.000000
0.000000
42.900436
0.000000
0.000000
0.000000
0.000000
0.000000
3.970408
0.000000
0.000000
0.000000
0.000000
0.000000
3.876162
0.000000
0.000000
0.000000
0.000000
0.000000
0.000000
0.000000
0.000000
81.648338
0.000000
98.562180
0.000000
0.000000
0.000000
0.000000
0.000000
0.000000
59.524349
0.000000
0.000000
14.782572
0.000000
0.000000
0.000000
92.471718
0.000000
0.000000
0.000000
0.000000
0.000000
21.682034
0.000000
0.000000
47.004284
0.000000
0.000000
0.000000
31.957214
0.000000
0.000000
0.000000
0.000000
0.000000
0.000000
0.000000
0.000000
29.060396
0.000000
0.000000
0.000000
0.000000
76.463409
0.000000
0.000000
0.000000
0.000000
0.000000
22.163666
0.000000
0.000000
0.000000
0.000000
0.000000
0.000000
0.000000
0.000000
0.000000
0.000000
0.000000
0.000000
0.000000
0.000000
85.952934
0.000000
107.570847
0.000000
0.000000
0.000000
0.000000
0.000000
0.000000
14.281572
0.000000
0.000000
9.387354
0.000000
0.000000
0.000000
98.126228
0.000000
0.000000
0.000000
0.000000
0.000000
0.000000
0.000000
0.000000
53.846207
0.000000
0.000000
0.000000
32.243668
0.000000
0.000000
0.000000
0.000000
0.000000
0.000000
0.000000
0.000000
31.962278
0.000000
0.000000
0.000000
0.000000
89.336403
0.000000
0.000000
0.000000
0.000000
0.000000
30.385071
0.000000
0.000000
0.000000
0.000000
0.000000
0.000000
0.000000
0.000000
0.000000
0.000000
0.000000
0.000000
0.000000
0.000000
86.206795
0.000000
111.294022
0.000000
0.000000
0.000000
0.000000
0.000000
0.000000
9.432907
0.000000
0.000000
14.321497
0.000000
3.456232
0.000000
92.925552
0.000000
0.000000
0.000000
0.000000
0.000000
0.000000
0.000000
0.000000
37.997070
0.000000
0.000000
0.000000
26.907610
0.000000
0.000000
0.000000
0.000000
0.000000
0.000000
0.000000
0.000000
30.927032
0.000000
0.000000
0.000000
0.000000
79.078636
0.000000
0.000000
0.000000
0.000000
0.000000
21.672113
0.000000
0.000000
0.000000
0.000000
0.000000
0.000000
0.000000
0.000000
0.000000
0.000000
0.000000
0.000000
0.000000
0.000000
84.075233
0.000000
111.272499
0.000000
0.000000
0.000000
0.000000
0.000000
0.000000
20.796194
0.000000
0.000000
11.648633
0.000000
2.149235
0.000000
89.538483
0.000000
0.000000
0.000000
0.000000
0.000000
0.000000
0.000000
0.000000
39.024414
0.000000
0.000000
0.000000
23.992046
0.000000
0.000000
0.000000
0.000000
0.000000
0.000000
0.000000
0.000000
25.791348
0.000000
0.000000
0.000000
0.000000
78.000252
0.000000
0.000000
0.000000
0.000000
0.000000
24.165882
0.000000
0.000000
0.000000
0.000000
0.000000
0.000000
0.000000
0.000000
0.000000
0.000000
0.000000
0.000000
0.000000
0.000000
82.703857
0.000000
109.846336
0.000000
0.000000
0.000000
0.000000
0.000000
0.000000
4.704862
0.000000
0.000000
4.326822
0.000000
6.720278
0.000000
83.415848
0.000000
0.000000
0.000000
0.000000
0.000000
0.000000
0.000000
0.000000
41.546013
0.000000
0.000000
0.000000
4.570065
0.000000
0.000000
0.000000
34.545006
0.000000
0.000000
0.000000
0.000000
31.041443
0.000000
0.000000
0.000000
0.000000
72.709846
0.000000
0.000000
0.000000
0.000000
0.000000
35.125652
0.000000
0.000000
0.000000
0.000000
0.000000
0.000000
0.000000
0.000000
0.000000
0.000000
0.000000
0.000000
35.403286
0.000000
78.303108
0.000000
114.518387
0.000000
0.000000
0.000000
0.000000
40.937149
0.000000
17.836557
0.000000
0.000000
19.520739
0.000000
33.884521
41.532078
82.861847
0.000000
0.000000
0.000000
0.000000
0.000000
0.000000
0.000000
0.000000
38.611145
0.000000
0.000000
0.000000
0.000000
0.000000
0.000000
0.000000
75.631927
0.000000
0.000000
0.726960
0.000000
49.770760
0.000000
0.000000
0.000000
0.000000
32.427216
0.000000
0.000000
0.000000
0.000000
0.000000
0.000000
0.000000
0.000000
0.000000
0.000000
0.000000
0.000000
0.000000
0.000000
0.000000
0.000000
0.000000
0.000000
52.785610
0.000000
49.964561
0.000000
102.650597
0.000000
0.000000
0.000000
0.000000
93.391098
0.000000
30.942572
0.000000
0.000000
1.096447
0.000000
43.456112
77.397484
32.216732
0.000000
0.000000
33.906597
0.000000
0.000000
0.000000
0.000000
0.000000
37.099537
15.654586
0.000000
0.000000
0.000000
2.378157
0.000000
0.000000
138.206345
0.000000
0.000000
0.000000
0.000000
63.098717
0.000000
0.000000
0.000000
0.000000
40.719364
0.000000
0.000000
0.000000
0.000000
0.000000
3.915273
0.000000
39.994732
0.000000
0.000000
0.000000
0.000000
0.000000
0.000000
0.000000
0.000000
0.000000
0.000000
48.598686
0.000000
89.143616
0.000000
85.560295
0.000000
0.000000
0.000000
0.000000
0.000000
0.000000
92.945778
0.000000
0.000000
14.778409
0.000000
0.000000
54.016994
65.411430
31.285152
0.000000
7.661862
0.000000
0.000000
10.244280
0.000000
0.000000
29.089996
4.544647
0.000000
4.382711
0.000000
0.000000
0.000000
0.000000
31.594118
0.000000
0.000000
0.000000
0.000000
0.000000
0.000000
0.000000
0.000000
0.000000
39.720917
0.000000
0.000000
0.000000
0.000000
0.000000
79.769463
0.000000
0.000000
0.000000
0.000000
0.000000
22.566507
0.000000
0.000000
0.000000
0.000000
0.000000
0.000000
99.848640
0.000000
84.104584
0.000000
53.542034
0.000000
0.000000
0.000000
0.000000
215.754913
0.000000
26.455280
0.000000
0.000000
0.000000
0.000000
0.000000
103.527687
0.000000
0.000000
0.000000
36.225739
0.000000
0.000000
0.000000
0.000000
0.000000
0.000000
0.000000
116.258530
28.971867
0.000000
20.171946
0.000000
0.000000
102.924629
0.000000
0.000000
0.000000
0.000000
134.715286
0.000000
0.000000
0.000000
0.000000
45.918667
0.000000
0.000000
0.000000
0.000000
0.000000
8.263107
0.000000
161.627274
0.000000
0.000000
0.000000
0.000000
0.000000
0.000000
0.000000
0.000000
0.000000
0.000000
90.321312
0.000000
116.004303
0.000000
0.000000
0.000000
0.000000
0.000000
0.000000
0.000000
0.000000
10.850262
0.000000
0.000000
0.000000
0.000000
0.000000
179.405579
17.629044
0.000000
0.000000
76.666267
0.000000
0.000000
0.000000
0.000000
0.000000
53.339973
18.566521
9.965906
11.359307
0.000000
0.000000
0.000000
0.000000
39.828400
0.000000
0.000000
0.000000
0.000000
18.159258
0.000000
0.000000
0.000000
0.000000
15.851817
0.000000
0.000000
0.000000
0.000000
0.000000
34.602840
0.000000
0.000000
0.000000
0.000000
0.000000
0.000000
0.000000
0.000000
0.000000
0.000000
0.207499
0.000000
3.677778
0.000000
38.895206
0.000000
84.399765
0.000000
0.000000
0.000000
0.000000
82.809486
0.000000
45.636353
0.000000
0.000000
31.264235
0.000000
15.927822
76.473785
53.962566
0.000000
0.000000
26.517704
0.000000
0.000000
10.422842
0.000000
0.000000
4.254416
0.000000
7.572228
0.000000
0.000000
14.328821
0.000000
0.000000
56.109455
0.000000
0.000000
0.000000
0.000000
52.228817
0.000000
0.000000
0.000000
0.000000
31.354073
0.000000
0.000000
0.000000
0.000000
0.000000
0.000000
0.000000
0.000000
0.000000
0.000000
0.000000
0.000000
0.000000
0.000000
0.000000
0.000000
7.837160
0.000000
15.872885
0.000000
48.619820
0.000000
85.109131
0.000000
0.000000
0.000000
0.000000
24.813828
0.000000
35.827267
0.000000
0.000000
27.501509
0.000000
0.000000
49.451996
35.053047
0.000000
0.000000
13.365210
0.000000
0.000000
25.893278
0.000000
0.000000
25.444311
25.515644
25.768579
0.000000
9.775126
0.000000
0.000000
0.000000
28.530693
0.000000
0.000000
0.000000
0.000000
29.756800
0.000000
0.000000
0.000000
0.000000
27.339264
0.000000
0.000000
0.000000
0.000000
0.000000
0.000000
0.000000
0.000000
0.000000
0.000000
0.000000
0.000000
0.000000
0.000000
0.000000
0.000000
6.628652
0.000000
0.000000
0.000000
78.363411
0.000000
94.958611
0.000000
0.000000
0.000000
0.000000
0.000000
0.000000
61.264668
0.000000
0.000000
20.358040
0.000000
0.000000
0.000000
92.798668
0.000000
0.000000
0.000000
0.000000
0.000000
31.482004
0.000000
0.000000
32.333561
6.701712
0.000000
0.000000
28.502861
0.000000
0.000000
0.000000
0.000000
0.000000
0.000000
0.000000
0.000000
30.395815
0.000000
0.000000
0.000000
0.000000
63.289936
0.000000
0.000000
0.000000
0.000000
0.000000
15.348339
0.000000
0.000000
0.000000
0.000000
0.000000
0.557289
0.000000
0.000000
0.000000
0.000000
0.000000
0.000000
0.000000
0.000000
79.779167
0.000000
105.361305
0.000000
0.000000
0.000000
0.000000
0.000000
0.000000
21.221832
0.000000
0.000000
7.480021
0.000000
0.000000
0.000000
99.266899
0.000000
0.000000
0.000000
0.000000
0.000000
0.000000
0.000000
0.000000
50.864338
0.000000
0.000000
0.000000
27.179274
0.000000
0.000000
0.000000
0.000000
0.000000
0.000000
0.000000
0.000000
27.692108
0.000000
0.000000
0.000000
0.000000
82.722473
0.000000
0.000000
0.000000
0.000000
0.000000
23.937893
0.000000
0.000000
0.000000
0.000000
0.000000
0.000000
0.000000
0.000000
0.000000
0.000000
0.000000
0.000000
0.000000
0.000000
83.336334
0.000000
112.329247
0.000000
0.000000
0.000000
0.000000
0.000000
0.000000
9.557224
0.000000
0.000000
11.263261
0.000000
4.468371
0.000000
87.723045
0.000000
0.000000
0.000000
0.000000
0.000000
0.000000
0.000000
0.000000
40.596035
0.000000
0.000000
0.000000
29.562199
0.000000
0.000000
0.000000
0.000000
0.000000
0.000000
0.000000
0.000000
33.242249
0.000000
0.000000
0.000000
0.000000
78.252510
0.000000
0.000000
0.000000
0.000000
0.000000
20.401855
0.000000
0.000000
0.000000
0.000000
0.000000
0.000000
0.000000
0.000000
0.000000
0.000000
0.000000
0.000000
0.000000
0.000000
81.892334
0.000000
110.814545
0.000000
0.000000
0.000000
0.000000
0.000000
0.000000
21.483740
0.000000
0.000000
11.722334
0.000000
2.294779
0.000000
92.073135
0.000000
0.000000
0.000000
0.000000
0.000000
0.000000
0.000000
0.000000
38.003193
0.000000
0.000000
0.000000
26.624640
0.000000
0.000000
0.000000
0.000000
0.000000
0.000000
0.000000
0.000000
29.435316
0.000000
0.000000
0.000000
0.000000
78.696381
0.000000
0.000000
0.000000
0.000000
0.000000
21.816814
0.000000
0.000000
0.000000
0.000000
0.000000
0.000000
0.000000
0.000000
0.000000
0.000000
0.000000
0.000000
0.000000
0.000000
80.920471
0.000000
113.608124
0.000000
0.000000
0.000000
0.000000
0.000000
0.000000
2.168544
0.000000
0.000000
8.658968
0.000000
8.373248
0.000000
89.768768
0.000000
0.000000
0.000000
0.000000
0.000000
0.000000
0.000000
0.000000
42.551769
0.000000
0.000000
0.000000
8.410786
0.000000
0.000000
0.000000
28.373800
0.000000
0.000000
0.000000
0.000000
32.727741
0.000000
0.000000
0.000000
0.000000
76.247902
0.000000
0.000000
0.000000
0.000000
0.000000
32.337063
0.000000
0.000000
0.000000
0.000000
0.000000
0.000000
0.000000
0.000000
0.000000
0.000000
0.000000
0.000000
34.161430
0.000000
79.354614
0.000000
112.347488
0.000000
0.000000
0.000000
0.000000
33.632469
0.000000
17.306391
0.000000
0.000000
19.210320
0.000000
34.157478
33.653191
85.728386
0.000000
0.000000
0.000000
0.000000
0.000000
0.000000
0.000000
0.000000
39.702648
0.000000
0.000000
0.000000
0.000000
0.000000
0.000000
0.000000
61.270443
0.000000
0.000000
3.279537
0.000000
42.192410
0.000000
0.000000
0.000000
0.000000
43.201656
0.000000
0.000000
0.000000
0.000000
0.000000
1.025972
0.000000
0.000000
0.000000
0.000000
0.000000
0.000000
0.000000
0.000000
0.000000
0.000000
0.000000
0.000000
59.744888
0.000000
49.167862
0.000000
101.820496
0.000000
0.000000
0.000000
0.000000
90.250618
0.000000
38.647247
0.000000
0.000000
0.000000
0.000000
27.946316
78.219933
32.840256
0.000000
0.000000
30.285570
0.000000
0.000000
0.000000
0.000000
0.000000
26.725317
1.100089
2.298134
1.378489
0.000000
1.133402
0.000000
0.000000
135.235382
0.000000
0.000000
0.000000
0.000000
66.301231
0.000000
0.000000
0.000000
0.000000
40.938618
0.000000
0.000000
0.000000
0.000000
0.000000
4.405855
0.000000
12.484729
0.000000
0.000000
0.000000
0.000000
0.000000
0.000000
0.000000
0.000000
0.000000
0.000000
57.970074
0.000000
76.969727
0.896198
86.229095
0.000000
0.000000
0.000000
0.000000
0.000000
0.000000
97.486343
0.000000
0.000000
15.135163
0.000000
0.000000
51.371918
52.085644
28.247662
0.000000
5.800523
0.000000
0.000000
3.348372
0.000000
0.000000
20.114546
0.000000
0.000000
5.499987
0.000000
0.000000
0.000000
0.000000
28.382082
0.000000
0.000000
0.000000
0.000000
0.000000
0.000000
0.000000
0.000000
0.000000
46.226807
0.000000
0.000000
0.000000
0.000000
0.000000
81.825195
0.000000
0.000000
0.000000
0.000000
0.000000
24.400362
0.000000
0.000000
0.000000
0.000000
0.000000
0.000000
104.357124
0.000000
85.006470
0.000000
56.734447
0.012473
0.000000
0.000000
0.000000
220.420746
0.000000
33.453094
0.000000
0.000000
0.000000
0.000000
0.000000
97.544357
0.000000
0.000000
0.000000
34.204868
0.000000
0.000000
0.000000
0.000000
0.000000
0.000000
0.000000
121.893219
39.726212
0.000000
20.067545
0.000000
0.000000
120.859322
0.000000
0.000000
0.000000
0.000000
141.419006
0.000000
0.000000
0.000000
0.000000
45.722408
0.000000
0.000000
0.000000
0.000000
0.000000
22.157213
0.000000
205.172836
0.000000
0.000000
0.000000
0.000000
0.000000
0.000000
0.000000
0.000000
0.000000
0.000000
90.209953
0.000000
115.522491
0.000000
0.000000
0.000000
0.000000
0.000000
0.000000
0.000000
0.000000
19.378820
0.000000
0.000000
0.000000
0.000000
0.000000
171.161026
32.790100
0.000000
0.000000
89.236099
0.000000
0.000000
0.000000
0.000000
0.000000
65.812737
20.305738
0.000000
23.721806
0.000000
0.000000
0.000000
0.000000
50.292805
0.000000
0.000000
0.000000
0.000000
32.633556
0.000000
0.000000
0.000000
0.000000
20.671373
0.000000
0.000000
0.000000
0.000000
0.000000
61.756264
0.000000
0.000000
0.000000
0.000000
0.000000
0.000000
0.000000
0.000000
0.000000
0.000000
8.437028
0.000000
24.657204
0.000000
38.546528
0.000000
82.996788
0.000000
0.000000
0.000000
0.000000
112.654785
0.000000
43.731892
0.000000
0.000000
32.025970
0.000000
10.280055
82.631889
67.303551
0.000000
0.000000
48.196186
0.000000
0.000000
0.000000
0.000000
0.000000
0.000000
0.000000
32.544861
0.000000
0.000000
2.984301
0.000000
0.000000
65.061707
0.000000
0.000000
3.395957
0.000000
66.196808
0.000000
0.000000
0.000000
0.000000
37.071144
0.000000
0.000000
0.000000
0.000000
0.000000
0.000000
0.000000
34.841682
0.000000
0.000000
0.000000
0.000000
0.000000
0.000000
0.000000
0.000000
13.967165
0.000000
15.635798
0.000000
53.008965
0.000000
70.955399
0.000000
0.000000
0.000000
0.000000
26.661413
0.000000
37.226868
0.000000
0.000000
12.774493
0.000000
0.000000
56.077751
39.274837
0.000000
0.000000
24.438513
0.000000
0.000000
16.099157
0.000000
0.000000
20.655283
47.585094
30.941463
0.000000
1.601733
0.000000
0.000000
0.000000
21.611282
0.000000
0.000000
0.000000
0.000000
27.104574
0.000000
0.000000
0.000000
0.000000
26.958996
0.000000
0.000000
0.000000
0.000000
0.000000
0.000000
0.000000
0.000000
0.000000
0.000000
0.000000
0.000000
0.000000
0.000000
0.000000
0.000000
0.000000
0.000000
0.000000
0.000000
65.494614
0.000000
95.294067
0.000000
0.000000
0.000000
0.000000
0.000000
0.000000
72.231125
0.000000
0.000000
12.549608
0.000000
0.000000
0.000000
86.018120
0.000000
0.000000
0.000000
0.000000
0.000000
29.980797
0.000000
0.000000
26.209169
0.000000
0.000000
0.000000
30.298464
0.000000
0.000000
0.000000
0.000000
0.000000
0.000000
0.000000
0.000000
30.180368
0.000000
0.000000
0.000000
0.000000
68.788635
0.000000
0.000000
0.000000
0.000000
0.000000
18.435818
0.000000
0.000000
0.000000
0.000000
0.000000
0.000000
0.000000
0.000000
0.000000
0.000000
0.000000
0.000000
0.000000
0.000000
78.880959
0.000000
105.917671
0.000000
0.000000
0.000000
0.000000
0.000000
0.000000
20.271193
0.000000
0.000000
3.173915
0.000000
0.000000
0.000000
97.066895
0.000000
0.000000
0.000000
0.000000
0.000000
0.000000
0.000000
0.000000
46.516327
0.000000
0.000000
0.000000
32.970165
0.000000
0.000000
0.000000
0.000000
0.000000
0.000000
0.000000
0.000000
32.259666
0.000000
0.000000
0.000000
0.000000
76.984291
0.000000
0.000000
0.000000
0.000000
0.000000
21.359152
0.000000
0.000000
0.000000
0.000000
0.000000
0.000000
0.000000
0.000000
0.000000
0.000000
0.000000
0.000000
0.000000
0.000000
78.817200
0.000000
111.084335
0.000000
0.000000
0.000000
0.000000
0.000000
0.000000
14.164650
0.000000
0.000000
8.348351
0.000000
2.545302
0.000000
94.356346
0.000000
0.000000
0.000000
0.000000
0.000000
0.000000
0.000000
0.000000
40.052788
0.000000
0.000000
0.000000
31.482105
0.000000
0.000000
0.000000
0.000000
0.000000
0.000000
0.000000
0.000000
31.527779
0.000000
0.000000
0.000000
0.000000
85.329895
0.000000
0.000000
0.000000
0.000000
0.000000
28.097116
0.000000
0.000000
0.000000
0.000000
0.000000
0.000000
0.000000
0.000000
0.000000
0.000000
0.000000
0.000000
0.000000
0.000000
81.067261
0.000000
108.081810
0.000000
0.000000
0.000000
0.000000
0.000000
0.000000
16.594906
0.000000
0.000000
8.852127
0.000000
3.763464
0.000000
88.146385
0.000000
0.000000
0.000000
0.000000
0.000000
0.000000
0.000000
0.000000
35.281895
0.000000
0.000000
0.000000
25.494562
0.000000
0.000000
0.000000
0.000000
0.000000
0.000000
0.000000
0.000000
28.360672
0.000000
0.000000
0.000000
0.000000
79.647018
0.000000
0.000000
0.000000
0.000000
0.000000
23.795029
0.000000
0.000000
0.000000
0.000000
0.000000
0.000000
0.000000
0.000000
0.000000
0.000000
0.000000
0.000000
0.000000
0.000000
78.783310
0.000000
111.811707
0.000000
0.000000
0.000000
0.000000
0.000000
0.000000
5.449996
0.000000
0.000000
10.029657
0.000000
8.329396
0.000000
87.296028
0.000000
0.000000
0.000000
0.000000
0.000000
0.000000
0.000000
0.000000
36.482815
0.000000
0.000000
0.000000
1.258711
0.000000
0.000000
0.000000
31.117554
0.000000
0.000000
0.000000
0.000000
31.310163
0.000000
0.000000
0.000000
0.000000
75.686333
0.000000
0.000000
0.000000
0.000000
0.000000
28.929790
0.000000
0.000000
0.000000
0.000000
0.000000
3.502470
0.000000
0.000000
0.000000
0.000000
0.000000
0.000000
27.186544
0.000000
79.319763
0.000000
110.803497
0.000000
0.000000
0.000000
0.000000
47.611382
0.000000
17.582319
0.000000
0.000000
19.262867
0.000000
39.585133
45.559727
80.320831
0.000000
0.000000
0.000000
0.000000
0.000000
0.000000
0.000000
0.000000
27.603992
0.000000
0.000000
0.000000
0.000000
0.000000
0.000000
0.000000
46.877228
0.000000
0.000000
0.000000
0.000000
31.679953
0.000000
0.000000
0.000000
0.000000
38.091152
0.000000
0.000000
0.000000
0.000000
0.000000
2.649404
0.000000
0.000000
0.000000
0.000000
0.000000
0.000000
0.000000
0.000000
0.000000
0.000000
0.000000
0.000000
58.687359
0.000000
47.236618
0.000000
98.441628
0.000000
0.000000
0.125426
0.000000
90.470894
0.000000
42.335228
0.000000
0.000000
0.000000
0.000000
19.292952
77.896332
27.677416
0.000000
0.000000
25.403990
0.000000
0.000000
0.000000
0.000000
0.000000
17.901669
0.579682
5.073702
3.799866
0.000000
2.340568
0.000000
0.000000
126.387436
0.000000
0.000000
0.000000
0.000000
56.721909
0.000000
0.000000
0.000000
0.000000
41.267406
0.000000
0.000000
0.000000
0.000000
0.000000
4.567268
0.000000
4.102977
0.000000
0.000000
0.000000
0.000000
0.000000
0.000000
0.000000
0.000000
0.000000
0.000000
50.467175
0.000000
72.292053
1.605529
86.212227
0.000000
0.000000
0.000000
0.000000
0.000000
0.000000
89.194550
0.000000
0.000000
17.485851
0.000000
0.000000
41.348835
42.959930
30.456608
0.000000
0.000000
0.000000
0.000000
2.934515
0.000000
0.000000
14.623967
0.000000
0.000000
5.160524
0.000000
0.000000
0.000000
0.000000
17.705797
0.000000
0.000000
0.000000
0.000000
0.000000
0.000000
0.000000
0.000000
0.000000
46.795326
0.000000
0.000000
0.000000
0.000000
0.000000
76.495743
0.000000
0.000000
0.000000
0.000000
0.000000
6.409059
0.000000
0.000000
0.000000
0.000000
0.000000
0.000000
104.369812
0.000000
80.020035
0.000000
66.426903
0.000000
0.000000
0.000000
0.000000
215.822952
0.000000
37.218407
0.000000
0.000000
0.000000
0.000000
0.000000
88.195816
0.000000
0.000000
0.000000
24.504766
0.000000
0.000000
0.000000
0.000000
0.000000
0.000000
0.000000
121.003029
39.734184
0.000000
14.121313
0.000000
0.000000
121.650002
0.000000
0.000000
0.000000
0.000000
143.016571
0.000000
0.000000
0.000000
0.000000
43.125957
0.000000
0.000000
0.000000
0.000000
0.000000
21.965864
0.000000
201.803482
0.000000
0.000000
0.000000
0.000000
0.000000
0.000000
0.000000
0.000000
0.000000
0.000000
84.330757
0.000000
111.103172
0.000000
0.000000
0.000000
0.000000
0.000000
0.000000
0.000000
0.000000
25.079126
0.000000
0.000000
0.000000
0.000000
0.000000
169.229630
37.906837
0.000000
0.000000
87.869591
0.000000
0.000000
0.000000
0.000000
0.000000
58.003292
19.984058
0.000000
25.761396
0.000000
0.000000
0.000000
0.000000
43.294239
0.000000
0.000000
0.000000
0.000000
37.732548
0.000000
0.000000
0.000000
0.000000
22.971060
0.000000
0.000000
0.000000
0.000000
0.000000
64.274559
0.000000
0.000000
0.000000
0.000000
0.000000
0.000000
0.000000
0.000000
0.000000
0.000000
1.279452
0.000000
25.657614
0.000000
35.765068
0.000000
80.901489
0.000000
0.000000
0.000000
0.000000
112.926956
0.000000
42.202858
0.000000
0.000000
27.430828
0.000000
25.141802
87.268539
70.703293
0.000000
0.000000
47.423996
0.000000
0.000000
0.000000
0.000000
0.000000
0.000000
0.000000
35.514240
0.000000
0.000000
4.096577
0.000000
0.000000
67.818794
0.000000
0.000000
0.000000
0.000000
60.086460
0.000000
0.000000
0.000000
0.000000
33.726776
0.000000
0.000000
0.000000
0.000000
0.000000
0.000000
0.000000
19.927851
0.000000
0.000000
0.000000
0.000000
0.000000
0.000000
0.000000
0.000000
6.954693
0.000000
22.077257
0.000000
48.859562
0.000000
76.267227
0.000000
0.000000
0.000000
0.000000
14.313234
0.000000
33.365021
0.000000
0.000000
1.961586
0.000000
0.000000
58.893169
38.823689
0.000000
0.000000
15.421103
0.000000
0.000000
13.945168
0.000000
0.000000
26.449133
38.959396
25.073605
0.000000
12.076532
0.000000
0.000000
0.000000
15.179533
0.000000
0.000000
0.000000
0.000000
26.983437
0.000000
0.000000
0.000000
0.000000
31.383169
0.000000
0.000000
0.000000
0.000000
0.000000
0.000000
0.000000
0.000000
0.000000
0.000000
0.000000
0.000000
0.000000
0.000000
0.000000
0.000000
0.000000
0.000000
0.000000
0.000000
72.784637
0.000000
93.799194
0.000000
0.000000
0.000000
0.000000
0.000000
0.000000
60.731350
0.000000
0.000000
13.402816
0.000000
0.000000
0.000000
94.510536
0.000000
0.000000
0.000000
0.000000
0.000000
30.647493
0.000000
0.000000
33.423523
0.000000
0.000000
0.000000
29.372665
0.000000
0.000000
0.000000
0.000000
0.000000
0.000000
0.000000
0.000000
29.996595
0.000000
0.000000
0.000000
0.000000
71.352104
0.000000
0.000000
0.000000
0.000000
0.000000
20.101236
0.000000
0.000000
0.000000
0.000000
0.000000
0.000000
0.000000
0.000000
0.000000
0.000000
0.000000
0.000000
0.000000
0.000000
80.037346
0.000000
102.886360
0.000000
0.000000
0.000000
0.000000
0.000000
0.000000
20.270136
0.000000
0.000000
5.282812
0.000000
0.000000
0.000000
98.602348
0.000000
0.000000
0.000000
0.000000
0.000000
0.000000
0.000000
0.000000
47.927628
0.000000
0.000000
0.000000
32.630611
0.000000
0.000000
0.000000
0.000000
0.000000
0.000000
0.000000
0.000000
31.439941
0.000000
0.000000
0.000000
0.000000
85.486244
0.000000
0.000000
0.000000
0.000000
0.000000
29.576626
0.000000
0.000000
0.000000
0.000000
0.000000
0.000000
0.000000
0.000000
0.000000
0.000000
0.000000
0.000000
0.000000
0.000000
81.599510
0.000000
104.394028
0.000000
0.000000
0.000000
0.000000
0.000000
0.000000
16.161495
0.000000
0.000000
6.693884
0.000000
1.636420
0.000000
91.270821
0.000000
0.000000
0.000000
0.000000
0.000000
0.000000
0.000000
0.000000
33.981113
0.000000
