0.000000
0.000000
0.000000
0.000000
0.000000
0.000000
23.369061
0.000000
0.000000
0.000000
0.000000
0.000000
0.000000
0.000000
0.000000
0.000000
0.000000
12.023843
0.000000
0.000000
27.953857
0.000000
106.142822
0.000000
0.000000
0.000000
0.000000
0.000000
0.000000
0.000000
70.369537
0.000000
0.000000
0.000000
0.000000
0.000000
0.000000
0.000000
0.000000
0.000000
0.000000
0.000000
0.000000
0.000000
0.000000
0.000000
0.000000
0.000000
0.000000
0.000000
0.000000
0.000000
0.000000
0.000000
0.000000
0.000000
0.000000
0.000000
0.000000
0.000000
18.232838
179.364227
0.000000
0.000000
0.000000
0.000000
0.000000
0.000000
0.000000
0.000000
0.000000
0.000000
0.000000
0.000000
0.000000
0.000000
0.000000
0.000000
0.000000
0.000000
0.000000
0.000000
0.000000
0.000000
15.965694
0.000000
0.000000
0.000000
0.000000
0.000000
29.109007
0.000000
0.000000
0.000000
0.000000
0.000000
0.000000
0.000000
0.000000
0.000000
0.000000
0.000000
0.000000
0.000000
0.000000
0.000000
0.000000
0.000000
0.000000
0.000000
0.000000
0.000000
0.000000
0.000000
42.752377
0.000000
0.000000
0.000000
0.000000
7.687157
53.310253
0.000000
49.251369
0.000000
0.000000
0.000000
0.000000
0.000000
0.000000
0.000000
0.000000
0.000000
0.000000
0.000000
11.729788
0.000000
0.000000
0.000000
0.000000
0.000000
0.000000
0.000000
0.000000
0.000000
0.000000
46.639339
0.000000
0.000000
47.482845
0.000000
86.478958
0.000000
0.000000
0.000000
0.000000
0.000000
0.000000
0.000000
113.505333
0.000000
0.000000
0.000000
0.000000
0.000000
0.000000
0.000000
0.000000
0.000000
0.000000
0.000000
0.000000
41.042007
0.000000
0.000000
0.000000
0.000000
0.000000
0.000000
0.000000
40.995827
56.486465
0.000000
0.000000
0.000000
0.000000
0.000000
0.000000
0.000000
0.000000
171.397552
0.000000
0.000000
0.000000
18.753078
0.000000
0.000000
0.000000
0.000000
0.000000
0.000000
0.000000
0.000000
0.000000
0.000000
0.000000
0.000000
0.000000
0.000000
0.000000
0.000000
0.000000
0.000000
22.447315
0.000000
0.000000
0.000000
0.000000
0.000000
18.325230
5.149158
0.000000
0.000000
0.000000
0.000000
0.000000
0.000000
0.000000
0.000000
0.000000
0.000000
21.887936
0.000000
0.000000
0.000000
0.000000
0.000000
0.000000
0.000000
0.000000
0.000000
0.000000
0.000000
120.310074
0.000000
0.000000
0.000000
0.000000
6.187748
61.384460
0.000000
15.063882
0.000000
0.000000
0.000000
0.000000
0.000000
0.000000
0.000000
0.000000
0.000000
0.000000
0.000000
22.120129
3.910414
0.000000
0.000000
0.000000
0.000000
0.000000
0.000000
0.000000
0.000000
0.000000
70.281219
7.859469
0.000000
66.022194
0.000000
50.665928
0.000000
0.000000
0.000000
0.000000
0.000000
0.000000
22.768196
79.131340
0.000000
0.000000
21.012005
0.000000
0.000000
0.000000
0.000000
0.000000
0.000000
0.000000
0.000000
0.000000
41.828030
0.000000
0.000000
0.000000
2.308220
0.000000
0.000000
0.000000
106.682671
86.902237
0.000000
0.000000
0.000000
0.000000
0.000000
0.000000
0.000000
0.000000
135.218521
0.000000
0.000000
0.000000
33.745079
0.000000
0.000000
0.000000
0.000000
0.000000
0.000000
0.000000
0.000000
0.000000
0.000000
0.000000
6.501607
0.000000
0.000000
0.000000
0.000000
0.000000
0.000000
92.756287
0.000000
0.000000
6.639257
0.000000
0.000000
0.000000
0.468655
0.000000
0.000000
0.000000
0.000000
0.000000
0.000000
0.000000
0.000000
0.000000
0.000000
0.000000
0.000000
0.000000
0.000000
0.000000
0.000000
0.000000
0.000000
0.000000
0.000000
0.000000
0.000000
164.849182
0.000000
0.000000
0.000000
0.000000
28.679235
0.000000
0.000000
10.569625
0.000000
0.000000
0.000000
0.000000
0.000000
0.000000
0.000000
0.000000
0.000000
0.000000
0.000000
23.375612
0.000000
0.000000
0.000000
0.000000
0.000000
0.000000
0.000000
0.000000
0.000000
0.000000
41.256950
35.387241
0.000000
99.449364
0.000000
11.556526
0.000000
4.733328
0.000000
0.000000
0.000000
0.000000
13.793724
21.709810
0.000000
0.000000
43.611511
0.000000
0.000000
0.000000
0.000000
0.000000
0.000000
0.000000
0.000000
0.000000
0.000000
0.000000
0.000000
0.000000
15.443446
0.000000
0.000000
28.797220
85.740334
35.261497
0.000000
0.000000
0.000000
0.000000
0.000000
0.000000
0.000000
0.000000
114.652695
0.000000
0.000000
0.000000
87.478867
0.000000
0.000000
0.000000
0.000000
0.000000
0.000000
0.000000
0.000000
0.000000
0.000000
0.000000
0.000000
0.000000
0.000000
0.000000
0.000000
0.000000
0.000000
113.745766
0.000000
0.000000
0.000000
0.000000
0.000000
0.000000
98.570396
0.000000
0.000000
0.000000
0.000000
0.000000
0.000000
0.000000
0.000000
0.000000
0.000000
0.000000
0.000000
0.000000
0.000000
0.000000
0.000000
0.000000
0.000000
0.000000
0.000000
0.000000
0.000000
140.330582
0.000000
0.000000
0.000000
0.000000
44.913780
0.000000
0.000000
116.345428
0.000000
0.000000
0.000000
0.000000
0.000000
0.000000
0.000000
0.000000
0.000000
0.000000
0.000000
27.326126
0.000000
0.000000
0.000000
0.000000
0.000000
0.000000
0.000000
0.000000
0.000000
0.000000
39.112366
29.820391
0.000000
93.624634
0.000000
2.916526
0.000000
24.711592
0.000000
0.000000
0.000000
0.000000
19.661379
0.000000
0.000000
0.000000
46.029007
0.000000
0.000000
0.000000
0.000000
20.897337
0.000000
0.000000
0.000000
0.000000
0.000000
0.000000
0.000000
0.000000
0.000000
0.000000
0.000000
0.000000
3.082194
41.440487
0.000000
0.000000
0.000000
0.000000
0.000000
0.000000
0.000000
0.000000
143.481720
0.000000
0.000000
0.000000
99.697342
0.000000
0.000000
0.000000
0.000000
0.000000
0.000000
0.000000
0.000000
0.000000
0.000000
0.000000
0.000000
0.000000
0.000000
0.000000
0.000000
0.000000
0.000000
94.319466
0.000000
0.000000
0.000000
0.000000
0.000000
0.000000
132.692352
0.000000
0.000000
0.000000
0.000000
0.000000
0.000000
45.475304
0.000000
0.000000
0.000000
9.292938
0.000000
43.903034
0.000000
0.000000
0.000000
0.000000
0.000000
0.000000
0.000000
0.000000
0.000000
42.512470
0.000000
0.000000
0.000000
0.000000
19.204023
0.000000
0.000000
109.589989
0.000000
0.000000
0.000000
0.000000
0.000000
0.000000
0.000000
0.000000
0.000000
0.000000
0.000000
32.610119
0.000000
0.000000
0.000000
0.000000
0.000000
0.000000
0.000000
0.000000
0.000000
0.000000
60.902084
33.532421
0.000000
102.525940
0.000000
28.340382
0.000000
23.993698
0.000000
0.000000
0.000000
0.000000
37.311268
36.424713
0.000000
0.000000
48.268414
0.000000
0.000000
0.000000
0.000000
17.089178
0.000000
0.000000
0.000000
0.000000
0.000000
0.000000
0.000000
0.000000
0.000000
0.000000
0.000000
0.000000
96.073311
75.944809
0.000000
0.000000
0.000000
0.000000
0.000000
0.000000
10.379270
0.000000
126.546280
0.000000
0.000000
0.000000
81.915520
0.000000
0.000000
0.000000
0.000000
0.000000
0.000000
0.000000
0.000000
0.000000
0.000000
0.000000
0.000000
0.000000
0.000000
0.000000
0.000000
0.000000
0.000000
72.400894
0.000000
0.000000
0.000000
0.000000
0.000000
0.000000
76.670700
0.000000
0.000000
0.000000
0.000000
0.000000
0.000000
60.184666
0.000000
0.000000
0.000000
34.764221
0.000000
78.713020
0.000000
0.000000
0.000000
0.000000
0.000000
0.000000
0.000000
0.000000
0.000000
76.787857
0.000000
0.000000
0.000000
0.000000
0.000000
0.000000
0.000000
71.758202
0.000000
0.000000
0.000000
0.000000
8.860362
0.000000
0.000000
0.000000
0.000000
0.000000
0.000000
9.766877
0.000000
0.000000
0.000000
0.000000
0.000000
0.000000
0.000000
0.000000
0.000000
41.945606
56.285343
15.606899
0.000000
96.430534
0.000000
56.888958
0.000000
41.033344
0.000000
0.000000
0.000000
0.000000
25.436752
120.695969
0.000000
0.000000
55.581520
0.000000
0.000000
0.000000
0.000000
0.000000
0.000000
0.000000
0.000000
0.000000
0.000000
0.000000
0.000000
0.000000
0.000000
0.000000
0.000000
14.630221
241.322968
106.989746
0.000000
0.000000
0.000000
23.710199
0.000000
0.000000
0.000000
0.000000
129.566284
0.000000
0.000000
0.000000
14.812845
0.000000
0.000000
0.000000
0.000000
0.000000
0.000000
0.000000
0.000000
0.000000
0.000000
0.000000
67.667198
0.000000
0.000000
0.000000
0.000000
0.000000
0.000000
63.074005
2.114652
0.000000
44.195633
0.000000
0.000000
0.000000
64.458084
0.000000
0.000000
0.000000
0.000000
0.000000
0.000000
0.000000
0.000000
0.000000
0.000000
0.000000
0.000000
20.416031
0.000000
0.000000
0.000000
0.000000
0.000000
0.000000
0.000000
0.000000
0.000000
103.816299
0.000000
0.000000
0.000000
0.000000
0.000000
0.000000
0.000000
0.000000
0.000000
0.000000
0.000000
18.438377
80.575409
0.000000
0.000000
0.000000
0.000000
0.000000
0.000000
0.000000
0.000000
0.000000
0.000000
0.000000
0.000000
0.000000
0.000000
0.000000
0.000000
1.709768
0.000000
0.000000
0.000000
70.420929
0.000000
75.151245
0.000000
81.844681
0.000000
0.000000
0.000000
0.000000
0.020916
80.696259
0.000000
0.000000
67.778236
0.000000
0.000000
0.000000
0.000000
0.000000
0.000000
0.000000
0.000000
0.000000
0.000000
0.000000
0.000000
0.000000
0.000000
0.000000
0.000000
87.504181
151.892899
53.163185
0.000000
0.000000
0.000000
0.000000
0.000000
0.000000
0.000000
0.000000
138.930008
0.000000
0.000000
0.000000
0.000000
0.000000
0.000000
0.000000
0.000000
0.000000
0.000000
0.000000
0.000000
0.000000
0.000000
0.000000
37.868961
0.000000
0.000000
0.000000
0.000000
0.000000
0.000000
0.000000
0.000000
0.000000
45.783020
0.000000
0.000000
0.000000
13.780351
0.000000
0.000000
0.000000
0.000000
0.000000
0.000000
0.000000
0.000000
0.000000
0.000000
0.000000
0.000000
0.000000
0.000000
0.000000
0.000000
0.000000
0.000000
0.000000
0.000000
0.000000
0.000000
31.732935
0.000000
0.000000
0.000000
0.000000
0.000000
0.000000
0.000000
0.000000
0.000000
0.000000
0.000000
0.000000
5.660659
0.000000
0.000000
0.000000
0.000000
0.000000
0.000000
54.732628
0.000000
0.000000
0.000000
0.000000
0.000000
0.000000
0.000000
0.000000
0.000000
0.000000
0.000000
0.000000
0.000000
27.094702
0.000000
96.666740
0.000000
0.000000
0.000000
0.000000
0.000000
0.000000
0.000000
103.202805
0.000000
0.000000
0.000000
0.000000
0.000000
0.000000
0.000000
0.000000
0.000000
0.000000
0.000000
0.000000
0.000000
0.000000
0.000000
0.000000
0.000000
0.000000
0.000000
0.000000
0.000000
0.000000
0.000000
0.000000
0.000000
0.000000
0.000000
0.000000
0.000000
18.338303
211.358780
0.000000
0.000000
0.000000
0.000000
0.000000
0.000000
0.000000
0.000000
0.000000
0.000000
0.000000
0.000000
0.000000
0.000000
0.000000
0.000000
0.000000
0.000000
0.000000
0.000000
0.000000
0.000000
7.325115
0.000000
0.000000
0.000000
0.000000
0.000000
71.458611
0.000000
0.000000
0.000000
0.000000
0.000000
0.000000
0.000000
0.000000
0.000000
0.000000
0.000000
0.000000
0.000000
0.000000
0.000000
0.000000
0.000000
12.189260
0.000000
0.000000
0.000000
0.000000
0.000000
15.689612
0.000000
0.000000
0.000000
0.000000
0.000000
76.140656
0.000000
30.401007
0.000000
0.000000
0.000000
0.000000
0.000000
0.000000
0.000000
0.000000
0.000000
0.000000
0.000000
36.829247
0.000000
0.000000
0.000000
0.000000
0.000000
0.000000
0.000000
0.000000
0.000000
0.000000
26.658737
0.000000
0.000000
33.673573
0.000000
59.347515
0.000000
0.000000
0.000000
0.000000
0.000000
0.000000
0.000000
160.728455
0.000000
0.000000
0.000000
0.000000
0.000000
0.000000
0.000000
0.000000
0.000000
0.000000
0.000000
0.000000
75.396324
0.000000
0.000000
0.000000
0.000000
0.000000
0.000000
0.000000
27.365074
31.211813
0.000000
0.000000
0.000000
0.000000
0.000000
0.000000
0.000000
22.572206
217.447281
0.000000
0.000000
0.000000
0.000000
0.000000
0.000000
0.000000
0.000000
0.000000
0.000000
0.000000
0.000000
0.000000
0.000000
0.000000
0.000000
0.000000
0.000000
0.000000
0.000000
0.000000
0.000000
31.120226
0.000000
0.000000
40.089256
0.000000
0.000000
97.965599
0.000000
0.000000
0.000000
0.000000
0.000000
0.000000
0.000000
0.000000
0.000000
42.795448
0.000000
33.216259
0.000000
0.642731
0.000000
0.000000
0.000000
0.000000
0.000000
0.000000
0.000000
0.000000
0.000000
92.835220
0.000000
0.000000
0.000000
0.000000
0.000000
82.044495
0.000000
0.000000
0.000000
0.000000
0.000000
0.000000
0.000000
0.000000
0.000000
0.000000
0.000000
0.000000
0.000000
39.707119
37.278194
0.000000
0.000000
0.000000
0.000000
0.000000
0.000000
0.000000
0.000000
0.000000
45.838104
0.000000
0.000000
64.115501
0.000000
14.892982
0.000000
0.000000
0.000000
0.000000
0.000000
0.000000
0.000000
140.511505
0.000000
0.000000
0.000000
0.000000
0.000000
0.000000
0.000000
0.000000
0.000000
0.000000
0.000000
0.000000
52.944038
0.000000
0.000000
0.000000
0.000000
0.000000
0.000000
0.000000
80.163567
68.783676
0.000000
0.000000
0.000000
0.000000
0.000000
0.000000
0.000000
0.000000
186.455063
0.000000
0.000000
0.000000
0.000000
0.000000
0.000000
0.000000
0.000000
0.000000
0.000000
0.000000
0.000000
0.000000
0.000000
0.000000
1.423525
0.000000
0.000000
0.000000
0.000000
0.000000
9.795477
94.786301
0.000000
0.000000
46.782444
0.000000
0.000000
38.401821
0.000000
0.000000
0.000000
0.000000
0.000000
0.000000
0.000000
0.000000
0.000000
0.000000
0.000000
0.000000
0.000000
7.692536
0.000000
0.000000
0.000000
8.496018
0.000000
0.000000
0.000000
0.000000
0.000000
156.163620
0.000000
0.000000
0.000000
0.000000
0.000000
0.000000
0.000000
0.000000
0.000000
0.000000
0.000000
0.000000
0.000000
0.000000
0.000000
0.000000
0.000000
0.000000
0.000000
64.619705
25.834505
0.000000
0.000000
0.000000
0.000000
0.000000
0.000000
0.000000
0.000000
0.000000
43.413239
30.148375
0.000000
130.868530
0.000000
0.000000
0.000000
0.000000
0.000000
0.000000
0.000000
0.000000
0.000000
97.153023
0.000000
0.000000
0.000000
0.000000
0.000000
0.000000
0.000000
0.000000
0.000000
0.000000
0.000000
0.000000
0.000000
0.000000
0.000000
0.000000
0.000000
0.000000
0.000000
0.000000
54.256535
5.541884
0.000000
0.000000
0.000000
0.000000
0.000000
0.000000
0.000000
0.000000
192.703339
0.000000
0.000000
0.000000
22.197512
0.000000
0.000000
0.000000
0.000000
0.000000
0.000000
0.000000
0.000000
0.000000
0.000000
0.000000
0.000000
0.000000
0.000000
0.000000
0.000000
0.000000
0.000000
158.261414
0.000000
0.000000
0.000000
0.000000
0.000000
31.739321
40.946362
0.000000
0.000000
0.000000
0.000000
0.000000
0.000000
0.000000
0.000000
0.000000
0.000000
0.000000
0.000000
27.704704
0.000000
0.000000
0.000000
0.000000
0.000000
0.000000
0.000000
0.000000
0.000000
179.528992
0.000000
0.000000
0.000000
0.000000
0.000000
0.000000
0.000000
30.118404
0.000000
0.000000
0.000000
0.000000
0.000000
0.000000
0.000000
0.000000
0.000000
0.000000
0.000000
95.595993
0.000000
0.000000
0.000000
0.000000
0.000000
0.000000
0.000000
0.000000
0.000000
0.000000
46.161705
41.544594
0.000000
137.788834
0.000000
0.000000
0.000000
0.000000
0.000000
0.000000
0.000000
0.000000
0.000000
48.998207
0.000000
0.000000
0.000000
0.000000
0.000000
0.000000
0.000000
32.455799
0.000000
0.000000
0.000000
0.000000
0.000000
0.000000
0.000000
0.000000
0.000000
0.000000
0.000000
0.000000
0.000000
0.000000
0.000000
0.000000
0.000000
0.000000
0.000000
0.000000
0.000000
0.000000
224.425598
0.000000
0.000000
0.000000
14.456839
0.000000
0.000000
0.000000
0.000000
0.000000
0.000000
0.000000
0.000000
0.000000
0.000000
0.000000
0.000000
0.000000
0.000000
0.000000
0.000000
0.000000
0.000000
161.973465
0.000000
0.000000
0.000000
0.000000
0.000000
0.000000
40.468578
0.000000
0.000000
0.000000
0.000000
0.000000
0.000000
0.000000
0.000000
0.000000
0.000000
46.848236
0.000000
39.492184
0.000000
0.000000
0.000000
0.000000
0.000000
0.000000
0.000000
0.000000
0.000000
79.377663
0.000000
0.000000
0.000000
0.000000
0.000000
0.000000
0.000000
5.950902
0.000000
0.000000
0.000000
0.000000
0.000000
0.000000
0.000000
0.000000
0.000000
0.000000
0.000000
100.988205
0.000000
0.000000
0.000000
0.000000
0.000000
0.000000
0.000000
0.000000
0.000000
0.000000
61.778839
20.918274
0.000000
125.955948
0.000000
1.948434
0.000000
0.000000
0.000000
0.000000
0.000000
0.000000
36.026501
94.763451
0.000000
0.000000
0.000000
0.000000
0.000000
0.000000
0.000000
9.282206
0.000000
0.000000
0.000000
0.000000
10.226013
0.000000
0.000000
0.000000
0.000000
0.000000
0.000000
0.000000
65.242653
31.382946
0.000000
0.000000
0.000000
1.231372
0.000000
0.000000
0.000000
0.000000
210.794510
0.000000
0.000000
0.000000
0.000000
0.000000
0.000000
0.000000
0.000000
0.000000
0.000000
0.000000
0.000000
0.000000
0.000000
0.000000
0.000000
0.000000
0.000000
0.000000
0.000000
0.000000
0.000000
107.887680
0.000000
0.000000
3.005245
0.000000
0.000000
38.582817
0.000000
0.000000
0.000000
0.000000
0.000000
0.000000
0.000000
0.000000
0.000000
0.000000
0.000000
84.947060
0.000000
62.300026
0.000000
0.000000
0.000000
0.000000
0.000000
0.000000
0.000000
0.000000
0.000000
67.599426
0.000000
0.000000
0.000000
0.000000
0.000000
0.000000
0.000000
0.000000
0.000000
0.000000
0.000000
0.000000
9.294185
0.000000
0.000000
0.000000
0.000000
0.000000
0.000000
60.950390
0.000000
0.000000
0.000000
0.000000
0.000000
0.000000
0.000000
0.000000
0.000000
53.506882
34.753170
0.000000
0.000000
92.583336
0.000000
45.917782
0.000000
0.000000
0.000000
0.000000
0.000000
0.000000
26.102665
154.111420
0.000000
0.000000
24.751030
0.000000
0.000000
0.000000
0.000000
0.000000
0.000000
0.000000
0.000000
0.000000
52.025280
0.000000
0.000000
0.000000
0.000000
0.000000
0.000000
3.979153
249.451874
93.683746
0.000000
0.000000
0.000000
45.837025
0.000000
0.000000
0.000000
0.000000
194.002625
0.000000
0.000000
0.000000
0.000000
0.000000
0.000000
0.000000
0.000000
0.000000
0.000000
0.000000
0.000000
0.000000
0.000000
0.000000
66.100121
0.000000
0.000000
0.000000
0.000000
0.000000
0.000000
67.628952
15.191833
0.000000
81.828339
0.000000
0.000000
61.685188
0.000000
0.000000
0.000000
0.000000
0.000000
0.000000
0.000000
0.000000
0.000000
0.000000
0.000000
21.861605
0.000000
29.995230
0.000000
0.000000
0.000000
0.000000
0.000000
0.000000
0.000000
0.000000
0.000000
98.840714
0.000000
0.000000
0.000000
0.000000
0.000000
0.000000
0.000000
0.000000
0.000000
0.000000
0.000000
20.145931
102.461494
0.000000
0.000000
0.000000
0.000000
0.000000
0.000000
2.813727
0.000000
0.000000
0.000000
0.000000
0.000000
0.000000
0.000000
0.000000
0.000000
27.823544
0.000000
0.000000
0.000000
50.907871
0.000000
67.865540
0.000000
60.554417
0.000000
0.000000
0.000000
0.000000
14.371406
84.192368
0.000000
0.000000
35.876263
0.000000
0.000000
0.000000
0.000000
0.000000
0.000000
0.000000
0.000000
0.000000
0.000000
0.000000
0.000000
0.000000
0.000000
0.000000
0.000000
102.679268
150.867691
44.449619
0.000000
0.000000
0.000000
0.000000
0.000000
0.000000
0.000000
0.000000
154.459488
0.000000
0.000000
0.000000
0.000000
0.000000
0.000000
0.000000
0.000000
0.000000
0.000000
0.000000
0.000000
0.000000
0.000000
0.000000
39.511120
0.000000
0.000000
0.000000
0.000000
0.000000
0.000000
4.828089
0.000000
0.000000
59.247272
0.000000
0.000000
0.000000
0.000000
0.000000
0.000000
0.000000
0.000000
0.000000
0.000000
0.000000
0.000000
0.000000
0.000000
0.000000
0.000000
0.000000
0.000000
0.000000
0.000000
0.000000
0.000000
0.000000
0.000000
0.000000
0.000000
19.186798
0.000000
0.000000
0.000000
0.000000
0.000000
0.000000
0.000000
0.000000
0.000000
0.000000
0.000000
0.000000
28.155670
0.000000
0.000000
0.000000
0.000000
0.000000
0.000000
57.908348
0.000000
0.000000
0.000000
0.000000
0.000000
0.000000
0.000000
0.000000
0.000000
0.000000
0.000000
0.000000
0.000000
26.146315
0.000000
119.407722
0.000000
0.000000
0.000000
0.000000
0.000000
0.000000
0.000000
117.021355
0.000000
0.000000
17.857119
0.000000
0.000000
0.000000
0.000000
0.000000
0.000000
0.000000
0.000000
0.000000
0.000000
0.000000
0.000000
0.000000
0.000000
0.000000
0.000000
0.000000
0.000000
0.000000
0.000000
0.000000
0.000000
0.000000
0.000000
0.000000
0.000000
30.176447
231.876266
0.000000
0.000000
0.000000
0.000000
0.000000
0.000000
0.000000
0.000000
0.000000
0.000000
0.000000
0.000000
0.000000
0.000000
0.000000
0.000000
0.000000
0.000000
0.000000
0.000000
0.000000
0.000000
11.061074
0.000000
6.998270
0.000000
0.000000
0.000000
90.237404
0.000000
0.000000
0.000000
0.000000
0.000000
0.000000
0.000000
0.000000
0.000000
0.000000
0.000000
12.453323
0.000000
0.000000
0.000000
0.000000
0.000000
19.691637
0.000000
0.000000
0.000000
0.000000
0.000000
28.569513
0.000000
0.000000
0.000000
0.000000
0.000000
79.571388
0.000000
24.420952
0.000000
0.000000
0.000000
0.000000
0.000000
0.000000
0.000000
0.000000
0.000000
0.000000
0.000000
59.505703
0.000000
0.000000
0.000000
0.000000
0.000000
0.000000
0.000000
0.000000
0.000000
0.000000
15.906180
0.000000
0.000000
36.028900
0.000000
74.498459
0.000000
0.000000
0.000000
0.000000
0.000000
0.000000
0.000000
200.104248
0.000000
0.000000
19.677706
0.000000
0.000000
0.000000
0.000000
0.000000
0.000000
0.000000
0.000000
0.000000
114.083679
0.000000
0.000000
0.000000
0.000000
0.000000
0.000000
0.000000
12.730854
31.142195
0.000000
0.000000
0.000000
0.000000
0.000000
0.000000
0.000000
60.813915
233.534332
0.000000
0.000000
0.000000
0.000000
0.000000
0.000000
0.000000
0.000000
0.000000
0.000000
0.000000
0.000000
0.000000
0.000000
0.000000
0.000000
0.000000
0.000000
0.000000
0.000000
0.000000
0.000000
27.125242
0.000000
0.000000
62.718163
0.000000
2.114926
168.216827
0.000000
0.000000
0.000000
0.000000
0.000000
0.000000
0.000000
0.000000
0.000000
0.000000
0.000000
34.433079
0.000000
0.000000
0.000000
0.000000
0.000000
0.000000
0.000000
0.000000
0.000000
0.000000
0.000000
96.035973
0.000000
0.000000
0.000000
0.000000
0.000000
73.642899
0.000000
0.000000
0.000000
0.000000
0.000000
0.000000
0.000000
0.000000
0.000000
0.000000
0.000000
0.000000
20.457609
46.986660
82.716743
0.000000
0.000000
0.000000
0.000000
0.000000
0.000000
0.000000
0.000000
0.000000
47.688309
0.000000
0.000000
90.898438
0.000000
15.270461
0.000000
0.000000
0.000000
0.000000
0.000000
0.000000
0.000000
186.385376
0.000000
0.000000
40.490585
0.000000
0.000000
0.000000
0.000000
0.000000
0.000000
0.000000
0.000000
0.000000
120.498009
0.000000
20.602890
0.000000
0.000000
0.000000
0.000000
0.000000
72.964249
69.644257
0.000000
0.000000
0.000000
0.000000
0.000000
0.000000
0.000000
9.479239
180.703232
0.000000
0.000000
0.000000
0.000000
0.000000
0.000000
0.000000
0.000000
0.000000
0.000000
0.000000
0.000000
0.000000
0.000000
0.000000
0.000000
0.000000
0.000000
0.000000
0.000000
0.000000
0.000000
38.145340
0.000000
0.000000
55.138615
0.000000
30.786253
117.818756
0.000000
0.000000
0.000000
0.000000
0.000000
0.000000
0.000000
0.000000
0.000000
0.000000
0.000000
0.000000
21.853758
13.772582
0.000000
0.000000
0.000000
40.594490
0.000000
0.000000
0.000000
0.000000
0.000000
105.315887
3.689658
0.000000
0.000000
0.000000
0.000000
0.000000
0.000000
0.000000
0.000000
0.000000
0.000000
0.000000
0.000000
0.000000
0.000000
0.000000
0.000000
0.000000
0.000000
61.462021
86.206879
0.000000
0.000000
0.000000
0.000000
0.000000
0.000000
0.000000
0.000000
0.000000
80.844894
29.624619
0.000000
153.734848
0.000000
0.000000
0.000000
0.000000
0.000000
0.000000
0.000000
0.000000
0.000000
148.097214
0.000000
0.000000
51.004616
0.000000
0.000000
0.000000
0.000000
0.000000
0.000000
0.000000
0.000000
0.000000
45.473537
0.000000
0.000000
0.000000
0.000000
0.000000
0.000000
0.000000
128.519196
28.799938
0.000000
0.000000
0.000000
0.000000
0.000000
0.000000
0.000000
0.000000
186.252777
0.000000
0.000000
0.000000
0.000000
0.000000
0.000000
0.000000
0.000000
0.000000
0.000000
0.000000
0.000000
0.000000
0.000000
0.000000
0.000000
0.000000
0.000000
0.000000
0.000000
0.000000
0.000000
107.684296
0.000000
0.000000
0.000000
0.000000
24.741161
119.974075
0.000000
0.000000
0.000000
0.000000
0.000000
0.000000
0.000000
0.000000
0.000000
0.000000
0.000000
11.972692
0.000000
38.636108
0.000000
0.000000
0.000000
0.000000
0.000000
0.000000
0.000000
0.000000
0.000000
202.422028
0.000000
0.000000
0.000000
0.000000
0.000000
0.000000
0.000000
0.000000
0.000000
0.000000
0.000000
0.000000
0.000000
0.000000
0.000000
0.000000
0.000000
0.000000
0.000000
44.004658
0.000000
0.000000
0.000000
0.000000
0.000000
0.000000
0.000000
0.000000
0.000000
0.000000
94.380684
55.652302
0.000000
178.402206
0.000000
0.000000
0.000000
0.000000
0.000000
0.000000
0.000000
0.000000
0.000000
110.846909
0.000000
0.000000
38.937176
0.000000
0.000000
0.000000
0.000000
0.000000
0.000000
0.000000
0.000000
0.000000
49.005447
0.000000
0.000000
0.000000
0.000000
0.000000
0.000000
0.000000
41.763935
38.517265
0.000000
0.000000
0.000000
0.000000
0.000000
0.000000
0.000000
0.000000
211.835220
0.000000
0.000000
0.000000
64.327911
0.000000
0.000000
0.000000
0.000000
0.000000
0.000000
0.000000
0.000000
0.000000
0.000000
0.000000
0.000000
0.000000
0.000000
0.000000
0.000000
0.000000
0.000000
129.202408
0.000000
0.000000
0.000000
0.000000
0.000000
60.177231
0.000000
0.000000
0.000000
0.000000
0.000000
0.000000
0.000000
0.000000
0.000000
0.000000
0.000000
40.215153
0.000000
45.643700
0.000000
0.000000
0.000000
0.000000
0.000000
0.000000
0.000000
0.000000
0.000000
119.878380
0.000000
0.000000
0.000000
0.000000
0.000000
0.000000
0.000000
0.000000
0.000000
0.000000
0.000000
0.000000
0.000000
0.000000
0.000000
0.000000
0.000000
0.000000
0.000000
53.267056
0.000000
0.000000
0.000000
0.000000
0.000000
0.000000
0.000000
0.000000
0.000000
0.000000
79.591064
52.458168
0.000000
169.875641
0.000000
0.000000
0.000000
0.000000
0.000000
0.000000
0.000000
0.000000
17.169016
169.015091
0.000000
0.000000
68.677696
0.000000
0.000000
0.000000
0.000000
0.000000
0.000000
0.000000
0.000000
0.000000
18.157621
0.000000
0.000000
0.000000
0.000000
0.000000
0.000000
0.000000
49.701714
43.142788
0.000000
0.000000
0.000000
0.000000
0.000000
0.000000
0.000000
0.000000
220.494522
0.000000
0.000000
0.000000
21.808928
0.000000
0.000000
0.000000
0.000000
0.000000
0.000000
0.000000
0.000000
0.000000
0.000000
0.000000
15.923235
0.000000
0.000000
0.000000
0.000000
0.000000
0.000000
56.613644
0.000000
0.000000
17.496626
0.000000
0.000000
112.319550
0.000000
0.000000
0.000000
0.000000
0.000000
0.000000
0.000000
0.000000
0.000000
0.000000
0.000000
66.830711
12.431380
74.528572
0.000000
0.000000
0.000000
0.000000
0.000000
0.000000
0.000000
0.000000
0.000000
103.510590
0.000000
0.000000
0.000000
0.000000
0.000000
0.000000
0.000000
0.000000
0.000000
0.000000
0.000000
0.000000
0.000000
0.000000
0.000000
0.000000
0.000000
0.000000
0.000000
50.304695
0.000000
0.000000
0.000000
0.000000
0.000000
0.000000
0.000000
0.000000
0.000000
167.099609
33.500309
14.152352
0.000000
96.044807
0.000000
42.342136
0.000000
0.000000
0.000000
0.000000
0.000000
0.000000
13.668489
193.278580
0.000000
0.000000
58.288960
0.000000
0.000000
0.000000
0.000000
0.000000
0.000000
0.000000
0.000000
0.000000
84.304840
0.000000
0.000000
0.000000
0.000000
0.000000
0.000000
0.000000
245.171906
81.008263
0.000000
0.000000
0.000000
0.000000
0.000000
0.000000
0.000000
0.000000
197.023071
0.000000
0.000000
0.000000
0.000000
0.000000
0.000000
0.000000
0.000000
0.000000
0.000000
0.000000
0.000000
0.000000
0.000000
0.000000
101.390923
0.000000
0.000000
0.000000
0.000000
0.000000
0.000000
30.313570
16.569351
0.000000
101.742752
0.000000
0.000000
135.067703
0.000000
0.000000
0.000000
0.000000
0.000000
0.000000
0.000000
0.000000
0.000000
0.000000
0.000000
13.509189
58.528763
45.654282
0.000000
0.000000
0.000000
0.000000
0.000000
0.000000
0.000000
0.000000
0.000000
150.135712
0.000000
0.000000
0.000000
0.000000
0.000000
0.000000
0.000000
0.000000
0.000000
0.000000
0.000000
0.000000
96.545319
0.000000
0.000000
0.000000
0.000000
0.000000
0.000000
27.065886
0.000000
0.000000
0.000000
0.000000
0.000000
0.000000
0.000000
0.000000
0.000000
91.992928
0.000000
0.000000
0.000000
54.003559
0.000000
70.267639
0.000000
95.768394
0.000000
0.000000
0.000000
0.000000
0.000000
92.774269
0.000000
0.000000
52.562191
0.000000
0.000000
0.000000
0.000000
0.000000
0.000000
0.000000
0.000000
0.000000
0.000000
0.000000
0.000000
0.000000
0.000000
0.000000
0.000000
77.521179
146.844238
27.483643
0.000000
0.000000
0.000000
0.000000
0.000000
0.000000
0.000000
0.000000
161.214249
0.000000
0.000000
0.000000
0.000000
0.000000
0.000000
0.000000
0.000000
0.000000
0.000000
0.000000
0.000000
0.000000
0.000000
0.000000
45.175964
0.000000
0.000000
0.000000
0.000000
0.000000
0.000000
0.000000
0.000000
0.000000
86.032982
0.000000
0.000000
34.268551
0.000000
0.000000
0.000000
0.000000
0.000000
0.000000
0.000000
0.000000
0.000000
0.000000
0.000000
0.000000
63.842865
0.000000
0.000000
0.000000
0.000000
0.000000
0.000000
0.000000
0.000000
0.000000
0.000000
38.601776
0.000000
0.000000
0.000000
0.000000
0.000000
0.000000
0.000000
0.000000
0.000000
0.000000
0.000000
0.000000
40.632069
0.000000
0.000000
0.000000
0.000000
0.000000
0.000000
14.669358
0.000000
0.000000
0.000000
0.000000
0.000000
0.000000
0.000000
0.000000
0.000000
0.000000
6.732337
0.000000
0.000000
44.007748
0.000000
132.174850
0.000000
0.000000
0.000000
0.000000
0.000000
0.000000
0.000000
81.518906
0.000000
0.000000
47.068577
0.000000
0.000000
0.000000
0.000000
0.000000
0.000000
0.000000
0.000000
0.000000
0.000000
0.000000
0.000000
0.000000
0.000000
0.000000
0.000000
0.000000
0.000000
0.000000
0.000000
0.000000
0.000000
0.000000
0.000000
0.000000
0.000000
16.157307
197.320892
0.000000
0.000000
0.000000
0.471464
0.000000
0.000000
0.000000
0.000000
0.000000
0.000000
0.000000
0.000000
0.000000
0.000000
0.000000
0.000000
0.000000
0.000000
0.000000
0.000000
0.000000
0.000000
15.299559
0.000000
0.000000
0.000000
0.000000
0.000000
26.829279
0.000000
0.000000
0.000000
0.000000
0.000000
0.000000
0.000000
0.000000
0.000000
0.000000
0.000000
14.308108
0.000000
0.000000
0.000000
0.000000
0.000000
0.000000
0.000000
0.000000
0.000000
0.000000
0.000000
47.829346
0.000000
0.000000
0.000000
0.000000
0.000000
84.279099
0.000000
46.437061
0.000000
0.000000
0.000000
0.000000
0.000000
0.000000
0.000000
0.000000
0.000000
0.000000
0.000000
15.057353
0.000000
0.000000
0.000000
0.000000
0.000000
0.000000
0.000000
0.000000
0.000000
0.000000
34.452312
0.000000
0.000000
68.557076
0.000000
76.296936
0.000000
0.000000
0.000000
0.000000
0.000000
0.000000
0.000000
159.432983
0.000000
0.000000
74.929604
0.000000
0.000000
0.000000
0.000000
0.000000
0.000000
0.000000
0.000000
0.000000
102.705017
0.000000
0.000000
0.000000
0.000000
0.000000
0.000000
0.000000
0.000000
55.101971
0.000000
0.000000
0.000000
0.000000
0.000000
0.000000
0.000000
38.451294
216.733841
0.000000
0.000000
0.000000
22.299074
0.000000
0.000000
0.000000
0.000000
0.000000
0.000000
0.000000
0.000000
0.000000
0.000000
0.000000
0.000000
0.000000
0.000000
0.000000
0.000000
0.000000
0.000000
6.986019
0.000000
0.000000
21.300959
0.000000
0.000000
58.241482
0.000000
0.000000
0.000000
0.000000
0.000000
0.000000
0.000000
0.000000
0.000000
0.000000
0.000000
25.786844
0.000000
0.000000
0.000000
0.000000
0.000000
0.000000
0.000000
0.000000
0.000000
0.000000
0.000000
135.008621
0.000000
0.000000
0.000000
0.000000
0.000000
63.791756
0.000000
3.401813
0.000000
0.000000
0.000000
0.000000
0.000000
0.000000
0.000000
0.000000
0.000000
0.000000
0.000000
0.000000
70.869019
0.000000
0.000000
0.000000
0.000000
0.000000
0.000000
0.000000
0.000000
0.000000
59.986576
0.000000
0.000000
166.643768
0.000000
0.000000
0.000000
0.000000
0.000000
0.000000
0.000000
0.000000
0.000000
166.646255
0.000000
0.000000
0.000000
0.000000
0.000000
0.000000
0.000000
0.000000
0.000000
0.000000
0.000000
0.000000
126.170921
0.000000
44.798004
0.000000
0.000000
0.000000
0.000000
0.000000
48.171772
69.360306
0.000000
0.000000
0.000000
0.000000
0.000000
0.000000
0.000000
0.000000
187.579071
0.000000
0.000000
0.000000
5.111685
0.000000
0.000000
0.000000
0.000000
0.000000
0.000000
0.000000
0.000000
0.000000
0.000000
0.000000
0.000000
0.000000
0.000000
0.000000
0.000000
0.000000
0.000000
0.000000
0.000000
0.000000
1.112316
0.000000
0.000000
48.148716
0.000000
0.000000
0.000000
0.000000
0.000000
0.000000
0.000000
0.000000
0.000000
0.000000
0.000000
0.000000
36.060104
0.000000
0.000000
0.000000
0.000000
8.205212
0.000000
0.000000
0.000000
0.000000
0.000000
103.149689
0.000000
0.000000
0.000000
0.000000
0.000000
0.000000
0.000000
0.000000
0.000000
0.000000
0.000000
0.000000
0.000000
0.000000
0.000000
0.000000
0.000000
0.000000
0.000000
0.000000
72.015556
0.000000
0.000000
0.000000
0.000000
0.000000
0.000000
0.000000
0.000000
0.000000
58.996082
3.002482
0.000000
214.954529
0.000000
0.000000
0.000000
0.000000
0.000000
0.000000
0.000000
0.000000
0.000000
175.992203
0.000000
0.000000
38.370518
0.000000
0.000000
0.000000
0.000000
0.000000
0.000000
0.000000
0.000000
0.000000
94.523613
0.000000
0.000000
0.000000
0.000000
0.000000
0.000000
0.000000
145.438782
53.945011
0.000000
0.000000
0.000000
0.000000
0.000000
0.000000
0.000000
0.000000
144.806732
0.000000
0.000000
0.000000
0.000000
0.000000
0.000000
0.000000
0.000000
0.000000
0.000000
0.000000
0.000000
0.000000
0.000000
0.000000
0.000000
0.000000
0.000000
0.000000
0.000000
0.000000
0.000000
26.964539
0.000000
0.000000
0.000000
0.000000
16.405941
87.624893
26.915174
0.000000
0.000000
0.000000
0.000000
0.000000
0.000000
0.000000
0.000000
0.000000
0.000000
4.281581
33.436813
0.000000
0.000000
0.000000
0.000000
0.000000
0.000000
0.000000
0.000000
0.000000
0.000000
269.686890
0.000000
0.000000
0.000000
0.000000
0.000000
0.000000
0.000000
0.000000
0.000000
0.000000
0.000000
0.000000
0.000000
0.000000
0.000000
0.000000
0.000000
0.000000
0.000000
0.000000
0.000000
0.000000
0.000000
0.000000
0.000000
0.000000
0.000000
0.000000
0.000000
0.000000
31.784445
23.058937
0.000000
192.935730
0.000000
0.000000
0.000000
0.000000
0.000000
0.000000
0.000000
0.000000
0.000000
203.897354
0.000000
0.000000
9.971909
0.000000
0.000000
0.000000
0.000000
0.000000
0.000000
0.000000
0.000000
0.000000
63.435528
0.000000
0.000000
0.000000
0.000000
0.000000
0.000000
0.000000
69.161865
94.689262
0.000000
0.000000
0.000000
0.000000
0.000000
0.000000
0.000000
0.000000
139.409271
0.000000
0.000000
0.000000
0.000000
0.000000
0.000000
0.000000
0.000000
0.000000
0.000000
0.000000
0.000000
0.000000
0.000000
0.000000
0.000000
0.000000
0.000000
0.000000
0.000000
0.000000
0.000000
41.041874
0.000000
0.000000
0.000000
0.000000
0.000000
13.039251
0.000000
0.000000
0.000000
0.000000
0.000000
0.000000
0.000000
0.000000
0.000000
0.000000
0.000000
11.265117
35.437263
44.512402
0.000000
0.000000
0.000000
0.000000
0.000000
0.000000
0.000000
0.000000
0.000000
164.145996
0.000000
0.000000
0.000000
0.000000
0.000000
0.000000
0.000000
0.005702
0.000000
0.000000
0.000000
0.000000
0.000000
0.000000
0.000000
0.000000
0.000000
0.000000
4.213173
0.000000
0.000000
0.000000
0.000000
0.000000
0.000000
0.000000
0.000000
0.000000
0.000000
14.130948
14.594314
38.695354
0.000000
221.635834
0.000000
0.000000
0.000000
0.000000
0.000000
0.000000
0.000000
0.000000
0.000000
211.934784
0.000000
0.000000
90.124390
0.000000
0.000000
0.000000
0.000000
0.000000
0.000000
0.000000
0.000000
0.000000
0.000000
0.000000
0.000000
0.000000
8.767584
0.000000
0.000000
0.000000
0.000000
81.402283
0.000000
0.000000
0.000000
0.000000
0.000000
0.000000
0.000000
0.000000
162.075806
0.000000
0.000000
0.000000
0.000000
0.000000
0.000000
0.000000
0.000000
0.000000
0.000000
0.000000
0.000000
0.000000
0.000000
0.000000
61.764278
0.000000
0.000000
0.000000
0.000000
0.000000
0.000000
0.000000
8.359784
16.679575
5.818647
0.000000
0.000000
47.036343
0.000000
0.000000
0.000000
0.000000
0.000000
0.000000
0.000000
0.000000
0.000000
0.000000
0.000000
0.000000
66.105225
65.183861
0.000000
0.000000
0.000000
0.000000
0.000000
0.000000
0.000000
0.000000
0.000000
118.616318
0.000000
0.000000
0.000000
0.000000
0.000000
0.000000
0.000000
2.021602
0.000000
0.000000
0.000000
0.000000
1.982532
0.000000
0.000000
0.000000
0.000000
0.000000
8.847546
0.000000
0.000000
0.000000
0.000000
0.000000
0.000000
0.000000
0.000000
0.000000
0.000000
146.284302
0.000000
25.941587
0.000000
134.675278
0.000000
28.249546
0.000000
11.835333
0.000000
0.000000
0.000000
0.000000
16.151131
197.027084
0.000000
0.000000
124.270256
0.000000
0.000000
0.000000
0.000000
0.000000
0.000000
0.000000
0.000000
0.000000
53.899559
0.000000
0.000000
0.000000
0.793144
0.000000
0.000000
0.000000
227.109177
132.889236
0.000000
0.000000
0.000000
0.000000
0.000000
0.000000
0.000000
0.000000
133.026642
0.000000
0.000000
0.000000
0.000000
0.000000
0.000000
0.000000
0.000000
0.000000
0.000000
0.000000
0.000000
0.000000
0.000000
0.000000
103.693306
0.000000
0.000000
0.000000
0.000000
0.000000
0.000000
0.000000
29.332497
0.000000
78.887604
0.000000
0.000000
79.552620
0.000000
0.000000
0.000000
0.000000
0.000000
0.000000
0.000000
0.000000
0.000000
0.000000
0.000000
0.000000
58.542549
58.591572
0.000000
0.000000
0.000000
0.000000
0.000000
0.000000
0.000000
0.000000
0.000000
150.656494
0.000000
0.000000
0.000000
0.000000
0.000000
0.000000
0.000000
6.092653
0.000000
0.000000
0.000000
0.000000
140.364944
0.000000
0.000000
0.000000
0.000000
0.000000
0.000000
9.223747
0.000000
0.000000
0.000000
0.000000
0.000000
0.000000
0.000000
0.000000
0.000000
50.464424
0.000000
0.000000
0.000000
72.569206
0.000000
53.985352
0.000000
119.465446
0.000000
0.000000
0.000000
0.000000
0.000000
73.512306
0.000000
0.000000
126.267723
0.000000
0.000000
0.000000
0.000000
0.000000
0.000000
0.000000
0.000000
0.000000
0.000000
0.000000
0.000000
0.000000
0.000000
0.000000
0.000000
46.249771
139.885437
61.542889
0.000000
0.000000
0.000000
0.000000
0.000000
0.000000
0.000000
0.000000
124.121628
0.000000
0.000000
0.000000
0.000000
0.000000
0.000000
0.000000
0.000000
0.000000
0.000000
0.000000
0.000000
0.000000
0.000000
0.000000
0.000000
0.000000
0.000000
0.000000
0.000000
0.000000
0.000000
0.000000
0.000000
0.000000
80.201355
0.000000
0.000000
19.198240
0.000000
0.000000
0.000000
0.000000
0.000000
0.000000
0.000000
0.000000
0.000000
0.000000
0.000000
0.000000
10.140611
0.000000
0.000000
0.000000
0.000000
0.000000
0.000000
0.000000
0.000000
0.000000
0.000000
22.582094
0.000000
0.000000
0.000000
0.000000
0.000000
0.000000
0.000000
0.000000
0.000000
0.000000
0.000000
0.000000
65.903381
0.000000
0.000000
0.000000
0.000000
0.000000
0.000000
0.000000
0.000000
0.000000
0.000000
0.000000
0.000000
0.000000
0.000000
0.000000
0.000000
0.000000
6.683960
0.000000
0.000000
38.662556
0.000000
97.777267
0.000000
0.000000
0.000000
0.000000
0.000000
0.000000
0.000000
67.968742
0.000000
0.000000
40.759361
0.000000
0.000000
0.000000
0.000000
0.000000
0.000000
0.000000
0.000000
0.000000
0.000000
0.000000
0.000000
0.000000
0.000000
0.000000
0.000000
0.000000
0.000000
0.000000
0.000000
0.000000
0.000000
0.000000
0.000000
0.000000
0.000000
4.358959
177.321854
0.000000
0.000000
0.000000
0.000000
0.000000
0.000000
0.000000
0.000000
0.000000
0.000000
0.000000
0.000000
0.000000
0.000000
0.000000
0.000000
0.000000
0.000000
0.000000
0.000000
0.000000
0.000000
20.110641
0.000000
0.000000
0.000000
0.000000
0.000000
18.005365
0.000000
0.000000
0.000000
0.000000
0.000000
0.000000
0.000000
0.000000
0.000000
0.000000
0.000000
4.843718
0.000000
0.000000
0.000000
0.000000
0.000000
0.000000
0.000000
0.000000
0.000000
0.000000
0.000000
28.223087
0.000000
0.000000
0.000000
0.000000
0.000000
100.870567
0.000000
47.257221
0.000000
0.000000
0.000000
0.000000
0.000000
0.000000
0.000000
0.000000
0.000000
0.000000
0.000000
0.000000
0.000000
0.000000
0.000000
0.000000
0.000000
0.000000
0.000000
0.000000
0.000000
0.000000
0.000000
0.000000
0.000000
61.570198
0.000000
36.896877
0.000000
0.000000
0.000000
0.000000
0.000000
0.000000
0.000000
123.325478
0.000000
0.000000
107.743347
0.000000
0.000000
0.000000
0.000000
0.000000
0.000000
0.000000
0.000000
0.000000
79.265701
0.000000
0.000000
0.000000
0.000000
0.000000
0.000000
0.000000
0.000000
74.523109
0.000000
0.000000
0.000000
0.000000
0.000000
0.000000
0.000000
36.905552
204.355804
0.000000
0.000000
0.000000
0.000000
0.000000
0.000000
0.000000
0.000000
0.000000
0.000000
0.000000
0.000000
0.000000
0.000000
0.000000
0.000000
0.000000
0.000000
0.000000
0.000000
0.000000
0.000000
0.000000
0.000000
0.000000
0.000000
0.000000
0.000000
0.000000
0.000000
0.000000
0.000000
0.000000
0.000000
0.000000
0.000000
0.000000
0.000000
0.000000
0.000000
46.536648
0.000000
0.000000
0.000000
0.000000
0.000000
0.000000
0.000000
0.000000
0.000000
0.000000
0.000000
114.157310
0.000000
0.000000
0.000000
0.000000
0.000000
42.770138
0.000000
39.047779
0.000000
0.000000
0.000000
0.000000
0.000000
0.000000
0.000000
0.000000
0.000000
0.000000
0.000000
0.000000
23.987093
0.000000
0.000000
0.000000
8.780653
0.000000
0.000000
0.000000
0.000000
0.000000
29.546721
0.000000
0.000000
207.302505
0.000000
0.000000
0.000000
0.000000
0.000000
0.000000
0.000000
0.000000
0.000000
120.550896
0.000000
0.000000
0.000000
0.000000
0.000000
0.000000
0.000000
0.000000
0.000000
0.000000
0.000000
0.000000
131.934860
0.000000
34.149158
0.000000
0.000000
0.000000
0.000000
0.000000
56.253197
37.654766
0.000000
0.000000
0.000000
0.000000
0.000000
0.000000
0.000000
0.000000
151.480148
0.000000
0.000000
0.000000
0.000000
0.000000
0.000000
0.000000
0.000000
0.000000
0.000000
0.000000
0.000000
0.000000
0.000000
0.000000
0.000000
0.000000
0.000000
0.000000
0.000000
0.000000
0.000000
0.000000
0.000000
0.000000
0.000000
0.000000
0.000000
6.723228
0.000000
0.000000
0.000000
0.000000
0.000000
0.000000
0.000000
0.000000
0.000000
0.000000
0.000000
0.000000
25.736673
0.000000
0.000000
0.000000
0.000000
0.000000
0.000000
0.000000
0.000000
0.000000
0.000000
88.620880
0.000000
0.000000
0.000000
0.000000
0.000000
0.000000
0.000000
0.000000
0.000000
0.000000
0.000000
0.000000
0.000000
0.000000
0.000000
0.000000
0.000000
0.000000
0.000000
0.000000
20.691332
0.000000
0.000000
0.000000
56.253941
0.000000
0.000000
0.000000
0.000000
0.000000
0.000000
0.000000
0.000000
210.417572
0.000000
0.000000
0.000000
0.000000
0.000000
0.000000
0.000000
0.000000
0.000000
155.512970
0.000000
0.000000
16.336969
0.000000
0.000000
0.000000
0.000000
0.000000
0.000000
0.000000
0.000000
0.000000
148.804901
0.000000
0.000000
0.000000
0.000000
0.000000
0.000000
0.000000
96.877487
37.973804
0.000000
0.000000
0.000000
0.000000
0.000000
0.000000
0.000000
0.000000
34.863083
0.000000
0.000000
0.000000
0.000000
0.000000
0.000000
0.000000
0.000000
0.000000
0.000000
0.000000
0.000000
0.000000
0.000000
0.000000
0.000000
0.000000
0.000000
0.000000
0.000000
0.000000
0.000000
0.000000
0.000000
0.000000
0.000000
0.000000
0.000000
61.197533
70.078102
0.000000
0.000000
0.000000
0.000000
0.000000
0.000000
0.000000
0.000000
0.000000
0.000000
0.000000
0.638251
0.000000
0.000000
0.000000
0.000000
0.000000
0.000000
0.000000
0.000000
0.000000
0.000000
243.509033
0.000000
0.000000
0.000000
0.000000
0.000000
0.000000
0.000000
0.000000
0.000000
0.000000
0.000000
0.000000
0.000000
0.000000
0.000000
0.000000
0.000000
0.000000
0.000000
0.000000
0.000000
0.000000
0.000000
0.000000
0.000000
0.000000
0.000000
0.000000
0.000000
0.000000
0.000000
1.847609
0.000000
143.424866
0.000000
0.000000
0.000000
0.000000
0.000000
0.000000
0.000000
0.000000
0.000000
219.375488
0.000000
0.000000
0.000000
0.000000
0.000000
0.000000
0.000000
0.000000
0.000000
0.000000
0.000000
0.000000
101.172493
0.000000
0.000000
0.000000
0.000000
0.000000
0.000000
0.000000
31.143303
166.792679
0.000000
0.000000
0.000000
0.000000
0.000000
0.000000
0.000000
0.000000
60.995209
0.000000
0.000000
0.000000
0.000000
0.000000
0.000000
0.000000
0.000000
0.000000
0.000000
0.000000
0.000000
0.000000
0.000000
0.000000
0.000000
0.000000
0.000000
0.000000
0.000000
0.000000
0.000000
0.000000
0.000000
0.000000
0.000000
0.000000
0.000000
0.000000
0.000000
0.000000
0.000000
0.000000
0.000000
0.000000
0.000000
0.000000
0.000000
5.765054
0.000000
0.000000
0.000000
68.586281
0.000000
0.000000
0.000000
0.000000
0.000000
0.000000
0.000000
0.000000
0.000000
95.701530
0.000000
0.000000
0.000000
0.000000
60.346603
0.000000
0.000000
33.859837
0.000000
0.000000
0.000000
0.000000
0.000000
0.000000
0.000000
0.000000
0.000000
0.000000
40.003941
0.000000
0.000000
0.000000
0.000000
0.000000
0.000000
0.000000
0.000000
0.000000
0.000000
3.672574
0.000000
0.000000
0.000000
258.371155
0.000000
0.000000
0.000000
0.000000
0.000000
0.000000
0.000000
0.000000
0.000000
185.819565
0.000000
0.000000
40.734364
0.000000
0.000000
0.000000
0.000000
0.000000
0.000000
0.000000
0.000000
0.000000
0.000000
0.000000
0.000000
0.000000
29.444225
0.000000
0.000000
0.000000
0.000000
78.190964
0.000000
0.000000
0.000000
0.000000
0.000000
0.000000
0.000000
0.000000
96.439415
0.000000
0.000000
0.000000
0.000000
0.000000
0.000000
0.000000
0.000000
0.000000
0.000000
0.000000
0.000000
0.000000
0.000000
0.000000
0.000000
0.000000
0.000000
0.000000
0.000000
0.000000
0.000000
0.000000
42.878460
18.949785
12.479826
0.000000
0.000000
0.000000
0.000000
0.000000
0.000000
0.000000
0.000000
0.000000
0.000000
0.000000
0.000000
0.000000
0.000000
0.000000
0.000000
84.872993
0.000000
0.000000
0.000000
0.000000
0.000000
0.000000
0.000000
0.000000
0.000000
38.776340
0.000000
0.000000
0.000000
0.000000
19.481365
0.000000
0.000000
0.000000
0.000000
0.000000
0.000000
0.000000
79.804596
0.000000
0.000000
0.000000
0.000000
0.000000
2.995259
0.000000
0.000000
0.000000
0.000000
0.000000
0.000000
0.000000
0.000000
0.000000
0.000000
102.076370
0.000000
19.330311
0.000000
177.396713
0.000000
40.219208
0.000000
19.174595
0.000000
0.000000
0.000000
0.000000
0.000000
183.237137
0.000000
0.000000
109.532478
0.000000
0.000000
0.000000
0.000000
0.000000
0.000000
0.000000
0.000000
0.000000
5.166168
0.000000
0.000000
0.000000
90.299072
0.000000
0.000000
0.000000
191.573120
135.079727
0.000000
0.000000
0.000000
0.000000
0.000000
0.000000
0.000000
0.000000
88.839020
0.000000
0.000000
0.000000
0.000000
0.000000
0.000000
0.000000
0.000000
0.000000
0.000000
0.000000
0.000000
0.000000
0.000000
0.000000
52.447254
0.000000
0.000000
0.000000
0.000000
0.000000
0.000000
0.000000
45.200768
0.000000
89.638718
0.000000
0.000000
56.710575
0.000000
0.000000
0.000000
0.000000
0.000000
0.000000
0.000000
0.000000
0.000000
0.000000
0.000000
0.000000
0.000000
98.402962
0.000000
0.000000
0.000000
0.000000
0.000000
0.000000
0.000000
0.000000
0.000000
93.779793
0.000000
0.000000
0.000000
0.000000
0.000000
0.000000
0.000000
6.128351
0.000000
0.000000
0.000000
0.000000
196.984070
0.000000
0.000000
0.000000
0.000000
0.000000
0.000000
0.000000
0.000000
0.000000
0.000000
0.000000
0.000000
0.000000
0.000000
0.000000
0.000000
30.233719
0.000000
0.000000
0.000000
80.146606
0.000000
27.249130
0.000000
112.556419
0.000000
0.000000
0.000000
0.000000
0.000000
61.936695
0.000000
0.000000
106.051361
0.000000
0.000000
0.000000
0.000000
0.000000
0.000000
0.000000
0.000000
0.000000
0.000000
0.000000
0.000000
0.000000
7.287177
0.000000
0.000000
54.996017
146.249359
73.332329
0.000000
0.000000
0.000000
0.000000
0.000000
0.000000
0.000000
0.000000
104.524925
0.000000
0.000000
0.000000
0.000000
0.000000
0.000000
0.000000
0.000000
0.000000
0.000000
0.000000
0.000000
0.000000
0.000000
0.000000
0.000000
0.000000
0.000000
0.000000
0.000000
0.000000
0.000000
0.000000
0.000000
0.000000
86.376099
0.000000
0.000000
0.000000
0.000000
0.000000
0.000000
0.000000
0.000000
0.000000
0.000000
0.000000
0.000000
0.000000
0.000000
0.000000
0.000000
0.000000
0.000000
0.000000
0.000000
0.000000
0.000000
0.000000
29.084249
0.000000
0.000000
0.000000
0.000000
0.000000
0.000000
0.000000
0.000000
0.000000
0.000000
0.000000
0.000000
0.000000
0.000000
0.000000
78.336800
0.000000
0.000000
0.000000
0.000000
0.000000
0.000000
0.000000
0.000000
0.000000
0.000000
0.000000
0.000000
0.000000
0.000000
0.000000
0.000000
0.000000
0.000000
0.000000
0.000000
36.263210
0.000000
79.049660
0.000000
0.000000
0.000000
0.000000
0.000000
0.000000
0.000000
122.602478
0.000000
0.000000
10.979636
0.000000
0.000000
0.000000
0.000000
0.000000
0.000000
0.000000
0.000000
0.000000
21.283148
0.000000
0.000000
0.000000
0.000000
0.000000
0.000000
0.000000
0.000000
0.000000
0.000000
0.000000
0.000000
0.000000
0.000000
0.000000
0.000000
27.762918
176.663040
0.000000
0.000000
0.000000
0.000000
0.000000
0.000000
0.000000
0.000000
0.000000
0.000000
0.000000
0.000000
0.000000
0.000000
0.000000
0.000000
0.000000
0.000000
0.000000
0.000000
0.000000
0.000000
22.891386
0.000000
0.000000
0.000000
0.000000
0.000000
92.899147
0.000000
0.000000
0.000000
0.000000
0.000000
0.000000
0.000000
0.000000
0.000000
0.000000
0.000000
15.679992
0.000000
0.000000
0.000000
0.000000
0.000000
0.000000
0.000000
0.000000
0.000000
0.000000
0.000000
9.797653
0.000000
0.000000
0.000000
0.000000
0.000000
80.796158
0.000000
11.624703
0.000000
0.000000
0.000000
0.000000
0.000000
0.000000
0.000000
0.000000
0.000000
0.000000
0.000000
0.000000
0.000000
0.000000
0.000000
0.000000
39.355667
0.000000
0.000000
0.000000
0.000000
0.000000
0.000000
0.000000
0.000000
59.391819
0.000000
5.418323
0.000000
0.000000
0.000000
0.000000
0.000000
0.000000
0.000000
142.884689
0.000000
0.000000
55.958755
0.000000
0.000000
0.000000
0.000000
0.000000
0.000000
0.000000
0.000000
0.000000
112.735680
0.000000
0.000000
0.000000
0.000000
0.000000
0.000000
0.000000
0.000000
74.680862
0.000000
0.000000
0.000000
0.000000
0.000000
0.000000
0.000000
90.264740
211.525208
0.000000
0.000000
0.000000
0.000000
0.000000
0.000000
0.000000
0.000000
0.000000
0.000000
0.000000
0.000000
0.000000
0.000000
0.000000
0.000000
0.000000
0.000000
0.000000
0.000000
0.000000
0.000000
0.000000
0.000000
0.000000
19.093313
0.000000
0.000000
38.521961
0.000000
0.000000
0.000000
0.000000
0.000000
0.000000
0.000000
0.000000
0.000000
0.000000
0.000000
66.938499
0.000000
0.000000
0.000000
0.000000
0.000000
0.000000
0.000000
0.000000
0.000000
0.000000
0.000000
111.204178
0.000000
0.000000
0.000000
0.000000
0.000000
0.000000
0.000000
59.833603
0.000000
0.000000
0.000000
0.000000
0.000000
0.000000
0.000000
0.000000
0.000000
0.000000
0.000000
0.000000
0.000000
0.000000
0.000000
0.000000
34.403790
0.000000
0.000000
0.000000
0.000000
0.000000
0.000000
0.000000
0.000000
249.330109
0.000000
0.000000
0.000000
0.000000
0.000000
0.000000
0.000000
0.000000
0.000000
139.796860
0.000000
0.000000
0.000000
0.000000
0.000000
0.000000
0.000000
0.000000
0.000000
0.000000
0.000000
0.000000
164.623230
0.000000
0.000000
0.000000
0.000000
0.000000
0.000000
0.000000
110.777718
0.000000
0.000000
0.000000
0.000000
0.000000
0.000000
0.000000
0.000000
0.000000
156.399719
0.000000
0.000000
0.000000
0.000000
0.000000
0.000000
0.000000
0.000000
0.000000
0.000000
0.000000
0.000000
0.000000
0.000000
0.000000
0.000000
0.000000
0.000000
0.000000
0.000000
0.000000
0.000000
0.000000
0.000000
0.000000
0.000000
0.000000
0.000000
89.074158
0.000000
0.000000
0.000000
0.000000
0.000000
0.000000
0.000000
0.000000
0.000000
0.000000
0.000000
0.000000
94.810982
0.000000
0.000000
0.000000
0.000000
0.000000
0.000000
0.000000
28.859518
0.000000
0.000000
118.242348
0.000000
0.000000
0.000000
0.000000
0.000000
0.000000
0.000000
0.000000
0.000000
0.000000
0.000000
0.000000
0.000000
0.000000
0.000000
0.000000
0.000000
0.000000
0.000000
0.000000
0.000000
0.000000
0.000000
0.000000
40.402824
0.000000
0.000000
0.000000
0.000000
0.000000
0.000000
0.000000
0.000000
184.699661
0.000000
0.000000
0.000000
0.000000
0.000000
0.000000
0.000000
0.000000
0.000000
155.584946
0.000000
0.000000
0.000000
0.000000
0.000000
0.000000
0.000000
0.000000
0.000000
0.000000
0.000000
0.000000
213.590103
0.000000
0.000000
0.000000
0.000000
0.000000
0.000000
0.000000
57.164627
0.000000
0.000000
0.000000
0.000000
0.000000
0.000000
0.000000
0.000000
0.000000
0.000000
0.000000
0.000000
0.000000
0.000000
0.000000
0.000000
0.000000
0.000000
0.000000
0.000000
0.000000
0.000000
0.000000
0.000000
0.000000
0.000000
0.000000
0.000000
0.000000
0.000000
0.000000
0.000000
0.000000
0.000000
0.000000
0.000000
0.000000
0.000000
119.124664
14.229636
0.000000
0.000000
0.000000
0.000000
0.000000
0.000000
0.000000
0.000000
0.000000
0.000000
18.715126
0.000000
0.000000
0.000000
0.000000
0.000000
0.000000
0.000000
0.000000
0.000000
0.000000
0.000000
217.175323
0.000000
0.000000
0.000000
0.000000
0.000000
0.000000
0.000000
0.000000
0.000000
0.000000
0.000000
0.000000
0.000000
0.000000
0.000000
0.000000
0.000000
0.000000
20.026289
0.000000
0.000000
0.000000
0.000000
0.000000
0.000000
0.000000
0.000000
0.000000
0.000000
0.000000
0.000000
17.607626
0.000000
107.441544
0.000000
0.000000
0.000000
0.000000
0.000000
0.000000
0.000000
0.000000
0.000000
204.157318
0.000000
0.000000
0.000000
0.000000
0.000000
0.000000
0.000000
0.000000
0.000000
0.000000
0.000000
0.000000
144.496490
0.000000
0.000000
0.000000
0.000000
0.000000
0.000000
0.000000
0.517056
220.987717
0.000000
0.000000
0.000000
0.000000
0.000000
0.000000
0.000000
0.000000
64.693993
0.000000
0.000000
0.000000
0.000000
0.000000
0.000000
0.000000
0.000000
0.000000
0.000000
0.000000
0.000000
0.000000
0.000000
0.000000
0.000000
0.000000
0.000000
0.000000
0.000000
0.000000
0.000000
0.000000
0.000000
0.000000
0.000000
0.000000
0.000000
83.163635
0.000000
0.000000
0.000000
0.000000
0.000000
0.000000
0.000000
0.000000
0.000000
26.078970
0.000000
0.000000
0.000000
88.829742
0.000000
0.000000
0.000000
0.000000
0.000000
0.000000
0.000000
0.000000
0.000000
37.721066
0.000000
0.000000
0.000000
0.000000
130.766174
0.000000
0.000000
83.396675
0.000000
0.000000
0.000000
0.000000
0.000000
0.000000
0.000000
0.000000
0.000000
0.000000
77.199585
0.000000
0.000000
0.000000
0.000000
0.000000
0.000000
0.000000
0.000000
0.000000
0.000000
90.790451
0.000000
0.000000
0.000000
276.325867
0.000000
0.000000
0.000000
0.000000
0.000000
0.000000
0.000000
0.000000
0.000000
185.281586
0.000000
0.000000
0.000000
0.000000
0.000000
0.000000
0.000000
0.000000
0.000000
0.000000
0.000000
0.000000
0.000000
0.000000
0.000000
0.000000
0.000000
0.000000
0.000000
0.000000
0.000000
49.703175
0.000000
0.000000
0.000000
0.000000
0.000000
0.000000
0.000000
0.000000
130.448837
0.000000
0.000000
0.000000
0.000000
0.000000
0.000000
0.000000
0.000000
0.000000
0.000000
0.000000
0.000000
0.000000
0.000000
0.000000
0.000000
0.000000
0.000000
0.000000
0.000000
0.000000
0.000000
0.000000
29.269802
65.167221
44.104626
0.000000
0.000000
58.360706
0.000000
0.000000
0.000000
0.000000
0.000000
0.000000
0.000000
0.000000
0.000000
0.000000
0.000000
0.000000
0.000000
115.436172
0.000000
0.000000
0.000000
0.000000
0.000000
0.000000
0.000000
0.000000
0.000000
17.569658
0.000000
0.000000
0.000000
0.000000
25.254681
0.000000
0.000000
0.000000
0.000000
0.000000
0.000000
0.000000
119.776505
0.000000
0.000000
0.000000
0.000000
0.000000
0.000000
0.000000
0.000000
0.000000
0.000000
0.000000
0.000000
0.000000
0.000000
0.000000
0.000000
109.214767
0.000000
14.434035
0.000000
184.840530
0.000000
105.789566
0.000000
17.706738
0.000000
0.000000
0.000000
0.000000
0.000000
177.763290
0.000000
0.000000
67.195450
0.000000
0.000000
0.000000
0.000000
0.000000
0.000000
0.000000
0.000000
0.000000
0.000000
0.000000
0.000000
0.000000
133.932632
0.000000
0.000000
0.000000
149.615570
124.349159
0.000000
0.000000
0.000000
0.000000
0.000000
0.000000
0.000000
3.410635
75.102676
0.000000
0.000000
0.000000
0.000000
0.000000
0.000000
0.000000
0.000000
0.000000
0.000000
0.000000
0.000000
0.000000
0.000000
0.000000
20.741667
0.000000
0.000000
0.000000
0.000000
0.000000
0.000000
0.000000
48.196758
1.887803
146.725739
40.001225
0.000000
60.831974
0.000000
0.000000
0.000000
0.000000
0.000000
0.000000
0.000000
0.000000
0.000000
0.000000
0.000000
0.000000
0.000000
144.110916
0.000000
0.000000
0.000000
0.000000
0.000000
0.000000
0.000000
0.000000
0.000000
68.242966
0.000000
0.000000
0.000000
0.000000
0.000000
0.000000
0.000000
0.000000
0.000000
0.000000
0.000000
0.000000
205.490433
0.000000
0.000000
0.000000
0.000000
0.000000
0.000000
0.000000
0.000000
0.000000
0.000000
0.000000
0.000000
0.000000
0.000000
0.000000
0.000000
45.363598
0.000000
0.000000
0.000000
52.401829
0.000000
32.574287
0.000000
125.014366
0.000000
0.000000
0.000000
0.000000
0.815579
60.746929
0.000000
0.000000
75.064293
0.000000
0.000000
0.000000
0.000000
0.000000
0.000000
0.000000
0.000000
0.000000
0.000000
0.000000
0.000000
0.000000
17.091187
0.000000
0.000000
84.950432
160.661804
86.308464
0.000000
0.000000
0.000000
0.000000
0.000000
0.000000
0.000000
0.000000
89.532990
0.000000
0.000000
0.000000
0.000000
0.000000
0.000000
0.000000
0.000000
0.000000
0.000000
0.000000
0.000000
0.000000
0.000000
0.000000
22.801439
0.000000
0.000000
0.000000
0.000000
0.000000
0.000000
0.000000
0.000000
0.000000
99.952423
0.000000
0.000000
0.000000
0.000000
0.000000
0.000000
0.000000
0.000000
0.000000
0.000000
0.000000
0.000000
0.000000
0.000000
0.000000
3.407549
0.000000
0.000000
0.000000
0.000000
0.000000
0.000000
0.000000
51.963245
0.000000
0.000000
0.000000
0.000000
0.000000
0.000000
0.000000
0.000000
0.000000
0.000000
0.000000
0.000000
0.000000
0.000000
0.000000
50.960060
0.000000
0.000000
0.000000
0.000000
0.000000
0.000000
0.000000
0.000000
0.000000
0.000000
0.000000
0.000000
0.000000
0.000000
0.000000
0.000000
0.000000
0.000000
0.000000
0.000000
47.786816
0.000000
84.735794
0.000000
0.000000
0.000000
0.000000
0.000000
0.000000
0.000000
164.339233
0.000000
0.000000
7.219841
0.000000
0.000000
0.000000
0.000000
0.000000
0.000000
0.000000
0.000000
0.000000
57.962494
0.000000
0.000000
0.000000
0.000000
0.000000
0.000000
0.000000
0.000000
0.000000
0.000000
0.000000
0.000000
0.000000
0.000000
0.000000
0.000000
49.069126
167.768402
0.000000
0.000000
0.000000
0.000000
0.000000
0.000000
0.000000
0.000000
0.000000
0.000000
0.000000
0.000000
0.000000
0.000000
0.000000
0.000000
0.000000
0.000000
0.000000
0.000000
0.000000
0.000000
27.199053
0.000000
0.000000
21.312912
0.000000
0.000000
115.057091
0.000000
0.000000
0.000000
0.000000
0.000000
0.000000
0.000000
0.000000
0.000000
0.000000
0.000000
33.591255
0.000000
0.000000
0.000000
0.000000
0.000000
0.000000
0.000000
0.000000
0.000000
0.000000
0.000000
3.896601
0.000000
0.000000
0.000000
0.000000
0.000000
61.852364
0.000000
4.342839
0.000000
0.000000
0.000000
0.000000
0.000000
0.000000
0.000000
0.000000
0.000000
0.000000
0.000000
0.000000
0.000000
0.000000
0.000000
0.000000
38.458973
0.000000
0.000000
0.000000
0.000000
43.605549
0.000000
0.000000
0.000000
53.704967
0.000000
18.484879
0.000000
0.000000
0.000000
0.000000
0.000000
0.000000
0.000000
171.558655
0.000000
0.000000
35.737446
0.000000
0.000000
0.000000
0.000000
0.000000
0.000000
0.000000
0.000000
0.000000
134.983383
0.000000
0.000000
0.000000
0.000000
0.000000
0.000000
0.000000
6.463398
77.913162
0.000000
0.000000
0.000000
44.567146
0.000000
0.000000
0.000000
112.783867
208.303009
0.000000
0.000000
0.000000
0.000000
0.000000
0.000000
0.000000
0.000000
0.000000
0.000000
0.000000
0.000000
0.000000
0.000000
0.000000
0.000000
0.000000
0.000000
0.000000
0.000000
0.000000
0.000000
0.000000
0.000000
0.000000
48.240211
0.000000
0.000000
38.825069
0.000000
0.000000
0.000000
0.000000
0.000000
0.000000
0.000000
0.000000
0.000000
0.000000
0.000000
86.419029
0.000000
6.165505
0.000000
0.000000
0.000000
0.000000
0.000000
0.000000
0.000000
0.000000
0.000000
105.002037
0.000000
0.000000
0.000000
0.000000
23.023560
0.000000
0.000000
69.991043
0.000000
0.000000
0.000000
0.000000
0.000000
0.000000
0.000000
0.000000
0.000000
0.000000
0.000000
0.000000
0.000000
0.000000
0.000000
0.000000
11.901272
0.000000
0.000000
0.000000
0.000000
0.000000
0.000000
0.000000
0.000000
282.210876
0.000000
0.000000
0.000000
0.000000
0.000000
0.000000
0.000000
0.000000
0.000000
150.414551
0.000000
0.000000
0.000000
0.000000
0.000000
0.000000
0.000000
0.000000
0.000000
0.000000
0.000000
0.000000
159.096466
0.000000
0.000000
0.000000
0.000000
0.000000
0.000000
0.000000
163.071777
0.000000
0.000000
0.000000
0.000000
0.000000
0.000000
0.000000
0.000000
0.000000
169.284332
0.000000
0.000000
0.000000
0.000000
0.000000
0.000000
0.000000
0.000000
0.000000
0.000000
0.000000
0.000000
0.000000
0.000000
0.000000
0.000000
0.000000
0.000000
0.000000
0.000000
0.000000
0.000000
0.000000
0.000000
0.000000
0.000000
0.000000
0.000000
108.300430
0.000000
0.000000
0.000000
0.000000
0.000000
7.250947
0.000000
0.000000
0.000000
0.000000
0.000000
0.000000
93.461288
0.000000
0.000000
0.000000
0.000000
0.000000
0.000000
0.000000
43.093685
0.000000
0.000000
160.906418
0.000000
0.000000
0.000000
0.000000
0.000000
0.000000
0.000000
0.000000
0.000000
0.000000
0.000000
0.000000
0.000000
0.000000
0.000000
0.000000
0.000000
0.000000
0.000000
0.000000
0.000000
0.000000
0.000000
0.000000
0.000000
0.000000
0.000000
0.000000
0.000000
0.000000
0.000000
0.000000
0.000000
169.951187
0.000000
0.000000
0.000000
0.000000
0.000000
0.000000
0.000000
0.000000
0.000000
141.328644
0.000000
0.000000
6.472271
0.000000
0.000000
0.000000
0.000000
0.000000
0.000000
0.000000
0.000000
0.000000
255.077682
0.000000
0.000000
0.000000
0.000000
0.000000
0.000000
22.488781
35.735287
0.000000
0.000000
0.000000
0.000000
0.000000
0.000000
0.000000
0.000000
0.000000
0.000000
0.000000
0.000000
0.000000
0.000000
0.000000
0.000000
0.000000
0.000000
0.000000
0.000000
0.000000
0.000000
0.000000
0.000000
0.000000
0.000000
0.000000
0.000000
0.000000
0.000000
0.000000
0.000000
0.000000
0.000000
0.000000
0.000000
14.272227
0.000000
103.362335
0.000000
0.000000
0.000000
0.000000
0.000000
0.000000
0.000000
0.000000
0.000000
0.000000
0.000000
33.271336
0.000000
0.000000
0.000000
0.000000
0.000000
0.000000
0.000000
0.000000
0.000000
0.000000
0.000000
188.126495
0.000000
0.000000
0.000000
0.000000
0.000000
0.000000
0.000000
0.000000
0.000000
0.000000
0.000000
0.000000
0.000000
0.000000
0.000000
0.000000
0.000000
0.000000
40.086166
0.000000
0.000000
0.000000
0.000000
0.000000
0.000000
0.000000
0.000000
0.000000
0.000000
0.000000
0.000000
28.169191
0.000000
112.251343
0.000000
0.000000
0.000000
0.000000
0.000000
0.000000
0.000000
0.000000
0.000000
166.661743
0.000000
0.000000
0.000000
0.000000
0.000000
0.000000
0.000000
0.000000
0.000000
0.000000
0.000000
0.000000
176.057022
0.000000
0.000000
0.000000
0.000000
0.000000
0.000000
0.000000
0.000000
235.492386
0.000000
0.000000
0.000000
0.000000
0.000000
0.000000
0.000000
0.000000
96.516403
0.000000
0.000000
0.000000
0.000000
0.000000
0.000000
0.000000
0.000000
0.000000
0.000000
0.000000
0.000000
0.000000
0.000000
0.000000
0.000000
0.000000
0.000000
0.000000
0.000000
0.000000
0.000000
0.000000
0.000000
0.000000
0.000000
0.000000
0.000000
103.152191
0.000000
0.000000
0.000000
0.000000
0.000000
0.000000
0.000000
0.000000
0.000000
28.834105
0.000000
0.000000
0.000000
45.572586
0.000000
0.000000
0.000000
0.000000
0.000000
0.000000
0.000000
0.000000
0.000000
15.078824
0.000000
0.000000
0.000000
0.000000
151.228073
0.000000
0.000000
73.961815
0.000000
0.000000
0.000000
0.000000
0.000000
0.000000
0.000000
0.000000
0.000000
0.000000
53.128548
0.000000
0.000000
0.000000
0.000000
0.000000
0.000000
0.000000
0.000000
0.000000
0.000000
110.296890
0.000000
0.000000
0.000000
290.878967
0.000000
7.844959
0.000000
0.000000
0.000000
0.000000
0.000000
0.000000
0.000000
184.053650
0.000000
0.000000
0.000000
0.000000
0.000000
0.000000
0.000000
0.000000
0.000000
0.000000
0.000000
0.000000
0.000000
0.000000
0.000000
0.000000
0.000000
0.000000
0.000000
0.000000
0.000000
20.452511
0.000000
0.000000
0.000000
0.000000
0.000000
0.000000
0.000000
0.000000
160.580017
0.000000
0.000000
0.000000
0.000000
0.000000
0.000000
0.000000
0.000000
0.000000
0.000000
0.000000
0.000000
0.000000
0.000000
0.000000
0.000000
0.000000
0.000000
0.000000
0.000000
0.000000
0.000000
0.000000
0.000000
117.531471
68.829163
0.000000
0.000000
92.799873
0.000000
0.000000
0.000000
0.000000
0.000000
0.000000
0.000000
0.000000
0.000000
0.000000
0.000000
0.000000
0.000000
104.667961
0.000000
0.000000
0.000000
0.000000
0.000000
0.000000
0.000000
0.000000
0.000000
34.941486
0.000000
0.000000
0.000000
0.000000
0.000000
0.000000
0.000000
0.000000
0.000000
0.000000
0.000000
0.000000
114.154076
0.000000
0.000000
0.000000
0.000000
0.000000
0.000000
0.000000
0.000000
0.000000
0.000000
0.000000
0.000000
0.000000
0.000000
0.000000
0.000000
85.192932
0.000000
0.000000
0.000000
175.513855
0.000000
150.935120
0.000000
0.000000
0.000000
0.000000
0.000000
0.000000
0.000000
154.997437
0.000000
0.000000
35.841293
0.000000
0.000000
0.000000
0.000000
0.000000
0.000000
0.000000
0.000000
0.000000
0.000000
0.000000
0.000000
0.000000
130.708160
0.000000
0.000000
0.000000
100.181404
100.249382
0.000000
0.000000
0.000000
0.000000
0.000000
0.000000
0.000000
18.505257
64.464188
0.000000
0.000000
0.000000
0.000000
0.000000
0.000000
0.000000
0.000000
0.000000
0.000000
0.000000
0.000000
0.000000
0.000000
0.000000
0.000000
0.000000
0.000000
0.000000
0.000000
0.000000
26.884817
0.000000
31.337118
20.868128
188.102203
54.370663
0.000000
43.826332
0.000000
0.000000
0.000000
0.000000
0.000000
0.000000
0.000000
0.000000
0.000000
0.000000
0.000000
0.000000
0.000000
151.292358
0.000000
0.000000
0.000000
0.000000
0.000000
0.000000
0.000000
0.000000
0.000000
62.673111
0.000000
0.000000
0.000000
0.000000
0.000000
0.000000
0.000000
0.000000
0.000000
0.000000
0.000000
0.000000
179.299973
0.000000
0.000000
0.000000
0.000000
0.000000
0.000000
0.000000
0.000000
0.000000
0.000000
0.000000
0.000000
0.000000
0.000000
0.000000
0.000000
61.780331
0.000000
0.000000
0.000000
37.736423
0.000000
34.257587
0.000000
139.988174
0.000000
0.000000
0.000000
0.000000
13.628786
70.733162
0.000000
0.000000
42.669872
0.000000
0.000000
0.000000
0.000000
0.000000
0.000000
0.000000
0.000000
0.000000
0.000000
0.000000
0.000000
0.000000
17.190615
0.000000
0.000000
95.814278
164.010651
95.163971
0.000000
0.000000
0.000000
0.000000
0.000000
0.000000
0.000000
0.527478
81.579247
0.000000
0.000000
0.000000
0.000000
0.000000
0.000000
0.000000
0.000000
0.000000
0.000000
0.000000
0.000000
0.000000
0.000000
0.000000
37.166142
0.000000
0.000000
0.000000
0.000000
0.000000
0.000000
0.000000
12.588649
0.000000
97.868530
0.000000
0.000000
0.000000
0.000000
0.000000
0.000000
0.000000
0.000000
0.000000
0.000000
0.000000
0.000000
0.000000
0.000000
0.000000
22.207811
0.000000
0.000000
0.000000
0.000000
0.000000
0.000000
0.000000
42.814919
0.000000
0.000000
0.000000
0.000000
0.000000
0.000000
0.000000
0.000000
0.000000
0.000000
0.000000
0.000000
0.000000
0.000000
0.000000
29.938274
0.000000
0.000000
0.000000
0.000000
0.000000
0.000000
0.000000
0.000000
0.000000
0.000000
0.000000
0.000000
0.000000
0.000000
0.000000
0.000000
0.000000
0.000000
0.000000
0.000000
59.230473
0.000000
92.471497
0.000000
0.000000
0.000000
0.000000
0.000000
0.000000
0.000000
141.699661
0.000000
0.000000
36.176609
0.000000
0.000000
0.000000
0.000000
0.000000
0.000000
0.000000
0.000000
0.000000
63.188820
0.000000
0.000000
0.000000
0.000000
0.000000
0.000000
0.000000
0.000000
0.000000
0.000000
0.000000
0.000000
0.000000
0.000000
0.000000
0.000000
34.927612
138.445053
0.000000
0.000000
0.000000
0.000000
0.000000
0.000000
0.000000
0.000000
0.000000
0.000000
0.000000
0.000000
0.000000
0.000000
0.000000
0.000000
0.000000
0.000000
0.000000
0.000000
0.000000
0.000000
41.413177
0.000000
0.000000
27.307636
0.000000
0.000000
44.769867
0.000000
0.000000
0.000000
0.000000
0.000000
0.000000
0.000000
0.000000
0.000000
0.000000
0.000000
46.093311
0.000000
0.000000
0.000000
0.000000
0.000000
0.000000
0.000000
0.000000
0.000000
0.000000
0.000000
0.000000
0.000000
0.000000
0.000000
0.000000
0.000000
68.908005
0.000000
17.481571
0.000000
0.000000
0.000000
0.000000
0.000000
0.000000
0.000000
0.000000
0.000000
0.000000
0.000000
0.000000
0.000000
0.000000
0.000000
0.000000
17.017763
0.000000
0.000000
0.000000
0.000000
24.590178
0.000000
0.000000
0.000000
58.984562
0.000000
25.006596
0.000000
0.000000
0.000000
0.000000
0.000000
0.000000
0.000000
168.715576
0.000000
0.000000
58.705067
0.000000
0.000000
0.000000
0.000000
0.000000
0.000000
0.000000
0.000000
0.000000
143.978271
0.000000
0.000000
0.000000
0.000000
0.000000
0.000000
0.000000
3.278675
98.378159
0.000000
0.000000
0.000000
39.536636
0.000000
0.000000
0.000000
90.272591
179.544708
0.000000
0.000000
0.000000
0.000000
0.000000
0.000000
0.000000
0.000000
0.000000
0.000000
0.000000
0.000000
0.000000
0.000000
0.000000
0.000000
0.000000
0.000000
0.000000
0.000000
0.000000
0.000000
0.000000
0.000000
0.000000
44.642979
0.000000
0.000000
0.000000
0.000000
0.000000
0.000000
0.000000
0.000000
0.000000
0.000000
0.000000
0.000000
0.000000
0.000000
94.248894
0.000000
21.884594
0.000000
0.000000
0.000000
0.000000
0.000000
0.000000
0.000000
0.000000
0.000000
68.980827
0.000000
0.000000
0.000000
0.000000
41.327518
0.000000
0.000000
76.526878
0.000000
0.000000
0.000000
0.000000
0.000000
0.000000
0.000000
0.000000
0.000000
0.000000
0.000000
0.000000
0.000000
0.000000
0.000000
0.000000
0.000000
0.000000
0.000000
0.000000
0.000000
0.000000
0.000000
0.000000
0.000000
297.308105
0.000000
0.000000
0.000000
0.000000
0.000000
0.000000
0.000000
0.000000
0.000000
153.925888
0.000000
0.000000
0.000000
0.000000
0.000000
0.000000
0.000000
0.000000
0.000000
0.000000
0.000000
0.000000
152.310852
0.000000
0.000000
0.000000
0.000000
0.000000
0.000000
0.000000
193.566956
0.000000
0.000000
0.000000
0.000000
0.000000
0.000000
0.000000
0.000000
0.000000
153.048660
0.000000
0.000000
0.000000
0.000000
0.000000
0.000000
0.000000
0.000000
0.000000
0.000000
0.000000
0.000000
0.000000
0.000000
0.000000
0.000000
0.000000
0.000000
0.000000
0.000000
0.000000
0.000000
17.411516
0.000000
0.000000
0.000000
0.000000
0.000000
78.325684
0.000000
0.000000
0.000000
0.000000
0.000000
6.188760
0.000000
0.000000
0.000000
0.000000
0.000000
0.000000
44.815903
7.181508
0.000000
0.000000
0.000000
0.000000
0.000000
0.000000
25.422010
0.000000
0.000000
152.506241
0.000000
0.000000
0.000000
0.000000
0.000000
0.000000
0.000000
0.000000
0.000000
0.000000
0.000000
0.000000
0.000000
0.000000
0.000000
0.000000
0.000000
0.000000
0.000000
0.000000
0.000000
0.000000
0.000000
0.000000
0.000000
0.000000
0.000000
0.000000
0.000000
0.000000
0.000000
0.000000
0.000000
151.981781
0.000000
0.000000
0.000000
0.000000
0.000000
0.000000
0.000000
0.000000
0.000000
137.796829
0.000000
0.000000
68.912666
0.000000
0.000000
0.000000
0.000000
0.000000
0.000000
0.000000
0.000000
0.000000
252.702209
0.000000
0.000000
0.000000
0.000000
0.000000
0.000000
23.002632
17.107212
0.000000
0.000000
0.000000
0.000000
0.000000
0.000000
0.000000
0.000000
0.000000
0.000000
0.000000
0.000000
0.000000
0.000000
0.000000
0.000000
0.000000
0.000000
0.000000
0.000000
0.000000
0.000000
0.000000
0.000000
0.000000
0.000000
0.000000
0.000000
0.000000
0.000000
0.000000
0.000000
0.000000
0.000000
0.000000
0.000000
40.049423
0.000000
62.308445
0.000000
0.000000
0.000000
0.000000
0.000000
0.000000
0.000000
0.000000
0.000000
0.000000
0.000000
34.910122
0.000000
0.000000
0.000000
0.000000
0.000000
0.000000
0.000000
0.000000
0.000000
0.000000
0.000000
124.795776
0.000000
0.000000
0.000000
0.000000
0.000000
0.000000
0.000000
0.000000
0.000000
0.000000
0.000000
0.000000
0.000000
0.000000
0.000000
0.000000
0.000000
0.000000
40.255867
0.000000
0.000000
0.000000
0.000000
0.000000
0.000000
0.000000
0.000000
0.000000
0.000000
0.000000
0.000000
12.256469
0.000000
138.349930
0.000000
0.000000
0.000000
0.000000
0.000000
0.000000
0.000000
0.000000
0.000000
147.560089
0.000000
0.000000
6.263364
0.000000
0.000000
0.000000
0.000000
0.000000
0.000000
0.000000
0.000000
0.000000
199.074738
0.000000
0.000000
0.000000
0.000000
0.000000
0.000000
0.000000
0.000000
208.850113
0.000000
0.000000
0.000000
0.000000
0.000000
0.000000
0.000000
0.000000
118.311188
0.000000
0.000000
0.000000
0.000000
0.000000
0.000000
0.000000
0.000000
0.000000
0.000000
0.000000
0.000000
0.000000
0.000000
0.000000
0.000000
0.000000
0.000000
0.000000
0.000000
0.000000
0.000000
0.000000
0.000000
0.000000
0.000000
0.000000
0.000000
77.131302
0.000000
0.000000
0.000000
0.000000
0.000000
0.000000
0.000000
0.000000
0.000000
27.072060
0.000000
0.000000
0.000000
24.228912
0.000000
0.000000
0.000000
0.000000
0.000000
0.000000
0.000000
0.000000
0.000000
0.000000
0.000000
0.000000
0.000000
0.000000
181.062531
0.000000
0.000000
76.176140
0.000000
0.000000
0.000000
0.000000
0.000000
0.000000
0.000000
0.000000
0.000000
0.000000
22.561462
0.000000
0.000000
0.000000
0.000000
0.000000
0.000000
0.000000
0.000000
0.000000
0.000000
93.239929
0.000000
0.000000
0.000000
293.291077
0.000000
26.846531
0.000000
0.000000
0.000000
0.000000
0.000000
0.000000
0.000000
189.961380
0.000000
0.000000
0.000000
0.000000
0.000000
0.000000
0.000000
0.000000
0.000000
0.000000
0.000000
0.000000
0.000000
0.000000
24.390686
0.000000
0.000000
0.000000
0.000000
0.000000
0.000000
0.000000
0.000000
0.000000
0.000000
0.000000
0.000000
0.000000
0.000000
0.000000
163.765259
0.000000
0.000000
0.000000
0.000000
0.000000
0.000000
0.000000
0.000000
0.000000
6.583738
0.000000
0.000000
0.000000
0.000000
0.000000
0.000000
0.000000
0.000000
0.000000
0.000000
0.000000
0.000000
0.000000
0.000000
121.805252
58.120327
0.000000
0.000000
98.306671
0.000000
0.000000
0.000000
0.000000
0.000000
0.000000
0.000000
0.000000
0.000000
0.000000
0.000000
0.000000
0.000000
103.559578
0.000000
0.000000
0.000000
0.000000
0.000000
0.000000
0.000000
0.000000
0.000000
26.910517
0.000000
0.000000
0.000000
0.000000
0.000000
0.000000
0.000000
0.000000
0.000000
0.000000
0.000000
0.000000
93.508202
0.000000
0.000000
0.000000
0.000000
0.000000
0.000000
0.000000
0.000000
0.000000
0.000000
0.000000
0.000000
0.000000
0.000000
0.000000
0.000000
49.645885
0.000000
0.000000
0.000000
173.181747
0.000000
157.260468
0.000000
0.000000
0.000000
0.000000
0.000000
0.000000
0.000000
149.440002
0.000000
0.000000
59.736900
0.000000
0.000000
0.000000
0.000000
0.000000
0.000000
0.000000
0.000000
0.000000
0.000000
0.000000
0.000000
0.000000
120.725876
0.000000
0.000000
0.000000
77.100838
68.739037
0.000000
0.000000
0.000000
0.000000
0.000000
0.000000
0.000000
12.553708
49.743206
0.000000
0.000000
0.000000
0.000000
0.000000
0.000000
0.000000
0.000000
0.000000
0.000000
0.000000
0.000000
0.000000
0.000000
0.000000
0.000000
0.000000
0.000000
0.000000
0.000000
0.000000
32.073647
0.000000
7.166654
19.595985
180.665710
43.930477
0.000000
44.079121
0.000000
0.000000
0.000000
0.000000
0.000000
0.000000
0.000000
0.000000
0.000000
0.000000
0.000000
0.000000
0.000000
155.442017
0.000000
0.000000
0.000000
0.000000
0.000000
0.000000
0.000000
0.000000
0.000000
61.443001
0.000000
0.000000
0.000000
0.000000
0.000000
0.000000
0.000000
0.000000
0.000000
0.000000
0.000000
0.000000
138.002319
0.000000
0.000000
0.000000
0.000000
0.000000
0.000000
0.000000
0.000000
0.000000
0.000000
0.000000
0.000000
0.000000
0.000000
0.000000
0.000000
65.215256
0.000000
0.000000
0.000000
50.049881
0.000000
29.368776
0.000000
117.657524
0.000000
0.000000
0.000000
0.000000
0.000000
87.695015
0.000000
0.000000
49.453991
0.000000
0.000000
0.000000
0.000000
0.000000
0.000000
0.000000
0.000000
0.000000
0.000000
0.000000
0.000000
0.000000
17.790178
0.000000
0.000000
91.202095
167.220703
94.813049
0.000000
0.000000
0.000000
0.000000
0.000000
0.000000
0.000000
6.162954
68.977066
0.000000
0.000000
0.000000
0.000000
0.000000
0.000000
0.000000
0.000000
0.000000
0.000000
0.000000
0.000000
0.000000
0.000000
0.000000
28.649126
0.000000
0.000000
0.000000
0.000000
0.000000
0.000000
0.000000
20.452932
0.000000
99.017746
0.000000
0.000000
0.000000
0.000000
0.000000
0.000000
0.000000
0.000000
0.000000
0.000000
0.000000
0.000000
0.000000
0.000000
0.000000
17.304176
8.878476
0.000000
0.000000
0.000000
0.000000
0.000000
0.000000
14.344039
0.000000
0.000000
0.000000
0.000000
0.000000
0.000000
0.000000
0.000000
0.000000
0.000000
0.000000
0.000000
0.000000
0.000000
0.000000
33.370602
