0.000000
0.000000
0.000000
0.000000
0.000000
43.373173
70.400581
0.000000
0.000000
0.000000
0.000000
0.000000
0.000000
9.931603
0.000000
0.000000
0.000000
0.000000
83.177177
0.000000
0.000000
0.000000
98.514267
0.000000
0.000000
65.719284
0.000000
38.303917
0.000000
0.000000
74.331848
0.000000
43.838718
0.000000
0.000000
0.000000
0.000000
0.000000
93.419144
0.000000
0.000000
0.000000
21.647791
25.346279
0.000000
0.000000
0.000000
0.000000
0.000000
0.000000
0.000000
0.000000
0.000000
0.000000
63.029472
0.000000
0.000000
0.000000
0.000000
66.365868
0.000000
0.000000
0.000000
0.000000
0.000000
0.000000
0.000000
0.000000
0.000000
17.638941
68.253906
0.000000
0.000000
0.000000
0.000000
0.000000
0.000000
0.000000
0.000000
0.000000
0.000000
0.000000
83.978951
0.000000
0.000000
0.000000
139.301086
0.000000
14.587043
40.760956
0.000000
0.000000
0.000000
0.000000
61.529388
0.000000
0.000000
0.000000
0.000000
0.000000
0.000000
0.000000
117.136024
0.000000
0.000000
0.000000
58.089535
40.967865
0.000000
0.000000
0.000000
0.000000
0.000000
0.000000
0.000000
0.000000
0.000000
0.000000
87.367073
0.000000
0.000000
0.000000
27.906771
76.116432
0.000000
0.000000
0.000000
0.000000
0.000000
0.000000
0.000000
0.000000
0.000000
9.336741
58.451626
0.000000
0.000000
0.000000
0.000000
0.000000
0.000000
0.000000
0.000000
0.000000
0.000000
0.000000
39.804005
0.000000
0.000000
0.000000
43.450764
0.000000
0.000000
24.078966
0.000000
0.000000
0.000000
0.000000
50.227016
0.000000
0.000000
0.000000
0.000000
0.000000
0.000000
0.000000
81.030502
0.000000
0.000000
0.000000
0.000000
45.881939
1.681131
0.000000
0.000000
0.000000
0.000000
0.000000
0.000000
0.000000
0.000000
0.000000
86.642891
0.000000
0.000000
0.000000
3.439852
81.211548
0.000000
0.000000
0.000000
0.000000
9.750559
0.000000
0.000000
32.769119
21.027067
39.597095
152.207001
0.000000
27.105001
0.000000
0.000000
0.000000
0.000000
0.000000
0.000000
0.000000
0.000000
0.000000
0.000000
0.000000
0.000000
0.000000
90.522430
0.000000
0.000000
10.474738
0.000000
0.000000
0.000000
0.000000
12.517959
0.000000
0.000000
0.000000
0.000000
0.000000
0.000000
0.000000
60.727615
0.000000
0.000000
0.000000
22.811651
7.965973
0.000000
0.000000
0.000000
0.000000
0.000000
10.836827
0.000000
0.000000
0.000000
0.000000
21.570202
0.000000
0.000000
0.000000
4.474394
98.695312
0.000000
0.000000
4.733030
0.000000
0.000000
18.414848
0.000000
57.572262
43.968037
33.726070
95.177864
0.000000
22.371971
0.000000
0.000000
0.000000
0.000000
0.000000
0.000000
0.000000
0.000000
0.000000
0.000000
0.000000
0.000000
0.000000
138.757950
0.000000
0.000000
0.000000
0.000000
11.948960
0.000000
0.000000
1.448359
0.000000
0.000000
0.000000
0.000000
0.000000
0.000000
0.000000
79.711464
0.000000
0.000000
0.000000
7.319385
0.000000
0.000000
0.000000
0.000000
0.000000
0.000000
0.000000
0.000000
0.000000
0.000000
0.000000
26.329094
10.552329
0.000000
0.000000
0.000000
50.770149
0.000000
0.000000
0.000000
0.000000
0.000000
23.561695
0.000000
70.995445
61.736294
0.000000
73.271439
0.000000
4.655439
0.000000
0.000000
0.000000
0.000000
0.000000
0.000000
0.000000
0.000000
0.000000
10.397147
0.000000
0.000000
0.000000
141.990891
0.000000
0.000000
0.000000
0.000000
27.286045
0.000000
0.000000
0.000000
0.000000
0.000000
0.000000
0.000000
0.000000
0.000000
0.000000
107.928596
0.000000
0.000000
0.000000
24.311737
27.027411
0.000000
0.000000
0.000000
0.000000
0.000000
0.000000
0.000000
0.000000
0.000000
0.000000
38.226326
0.000000
0.000000
0.000000
0.000000
34.114025
0.000000
0.000000
0.000000
0.000000
0.000000
0.000000
0.000000
69.417770
32.200119
0.000000
80.099419
0.000000
0.000000
0.000000
0.000000
0.000000
0.000000
0.000000
0.000000
0.000000
0.000000
0.000000
36.700378
0.000000
0.000000
0.000000
70.866127
0.000000
0.000000
0.000000
0.000000
0.000000
0.000000
0.000000
6.310706
0.000000
0.000000
0.000000
0.000000
0.000000
0.000000
0.000000
116.049751
0.000000
0.000000
0.000000
78.133789
45.623302
0.000000
0.000000
0.000000
0.000000
0.000000
0.000000
0.000000
0.000000
0.000000
0.000000
64.141609
0.000000
0.000000
0.000000
0.000000
55.037636
0.000000
0.000000
1.344905
0.000000
0.000000
20.897749
0.000000
82.556450
0.000000
0.000000
83.565132
0.000000
0.000000
0.000000
0.000000
0.000000
0.000000
0.000000
0.000000
0.000000
0.000000
0.000000
4.138168
0.000000
0.000000
0.000000
44.278400
0.000000
0.000000
0.000000
0.000000
0.000000
0.000000
0.000000
22.113337
0.000000
0.000000
0.000000
0.000000
0.000000
0.000000
0.000000
94.117462
0.000000
0.000000
0.000000
70.141953
18.544167
0.000000
0.000000
0.000000
0.000000
0.000000
10.888555
0.000000
0.000000
0.000000
0.000000
23.251331
0.000000
0.000000
0.000000
0.000000
106.402649
0.000000
0.000000
0.000000
0.000000
0.000000
63.624336
0.000000
31.165579
0.000000
19.526981
133.042099
0.000000
0.000000
0.000000
0.000000
0.000000
0.000000
2.198402
0.000000
0.000000
0.000000
0.000000
17.406170
0.000000
0.000000
0.000000
68.098732
2.405310
0.000000
17.225124
0.000000
0.000000
0.000000
0.000000
32.044941
0.000000
40.191959
0.000000
0.000000
0.000000
0.000000
0.000000
110.695999
0.000000
0.000000
0.000000
9.724695
0.000000
0.000000
0.000000
0.000000
0.000000
0.000000
0.000000
0.000000
0.000000
0.000000
0.000000
24.932463
0.000000
0.000000
0.000000
0.000000
57.468811
0.000000
0.000000
0.000000
3.801942
0.000000
0.000000
0.000000
0.000000
0.000000
31.372486
95.721001
0.000000
0.000000
0.000000
0.000000
0.000000
0.000000
0.000000
0.000000
0.000000
0.000000
0.000000
56.511860
0.000000
0.000000
0.000000
94.220917
0.000000
0.000000
32.536346
0.000000
21.828836
0.000000
0.000000
68.822906
0.000000
66.107239
0.000000
0.000000
0.000000
0.000000
0.000000
115.222115
0.000000
0.000000
0.000000
0.000000
10.423011
0.000000
0.000000
0.000000
0.000000
0.000000
0.000000
0.000000
0.000000
0.000000
0.000000
40.657501
0.000000
0.000000
0.000000
1.396632
50.459785
0.000000
0.000000
0.000000
0.000000
0.000000
0.000000
0.000000
0.000000
0.000000
43.476627
71.357536
0.000000
0.000000
0.000000
0.000000
0.000000
0.000000
4.060577
0.000000
0.000000
0.000000
0.000000
71.667900
0.000000
0.000000
1.525949
85.091080
0.000000
0.000000
65.227875
0.000000
44.149082
0.000000
0.000000
81.159821
0.000000
37.424557
0.000000
0.000000
0.000000
0.000000
0.000000
93.134644
0.000000
0.000000
0.000000
26.148050
35.303745
0.000000
0.000000
0.000000
0.000000
0.000000
0.000000
0.000000
0.000000
0.000000
0.000000
57.158447
0.000000
0.000000
0.000000
0.000000
74.305984
0.000000
0.000000
0.000000
0.000000
0.000000
0.000000
0.000000
0.000000
0.000000
26.768774
47.563068
0.000000
0.000000
0.000000
0.000000
0.000000
0.000000
0.000000
0.000000
0.000000
0.000000
0.000000
75.961250
0.000000
0.000000
22.423698
113.463394
0.000000
15.207767
49.632153
0.000000
3.232944
0.000000
0.000000
68.021141
0.000000
0.000000
0.000000
0.000000
0.000000
0.000000
0.000000
110.618408
0.000000
0.000000
0.000000
43.683537
70.193680
8.172882
0.000000
0.000000
0.000000
0.000000
0.000000
0.000000
0.000000
0.000000
0.000000
80.539093
0.000000
0.000000
0.000000
11.767916
97.996994
0.000000
0.000000
0.000000
0.000000
0.000000
0.000000
0.000000
0.000000
9.569513
33.467434
36.053791
0.000000
0.000000
0.000000
0.000000
0.000000
0.000000
0.000000
0.000000
0.000000
0.000000
0.000000
22.397835
0.000000
0.000000
0.000000
42.338631
0.000000
0.000000
60.882797
0.000000
0.000000
0.000000
0.000000
64.322647
0.000000
0.000000
0.000000
0.000000
0.000000
0.000000
0.000000
72.159309
0.000000
0.000000
0.000000
0.000000
95.850319
36.053791
0.000000
0.000000
0.000000
0.000000
0.000000
0.000000
0.000000
0.000000
0.000000
64.348511
0.000000
0.000000
0.000000
0.000000
99.160851
0.000000
0.000000
0.000000
0.000000
0.000000
0.000000
0.000000
43.993900
0.000000
38.769463
80.746002
0.000000
3.284671
0.000000
0.000000
0.000000
0.000000
0.000000
0.000000
0.000000
0.000000
0.000000
0.000000
0.000000
0.000000
0.000000
53.796185
0.000000
0.000000
82.918541
0.000000
0.000000
0.000000
0.000000
15.621585
0.000000
0.000000
0.000000
0.000000
0.000000
0.000000
0.000000
48.856247
0.000000
0.000000
0.000000
3.465716
41.407543
7.681475
0.000000
0.000000
0.000000
0.000000
0.000000
0.000000
0.000000
0.000000
0.000000
8.948789
0.000000
0.000000
0.000000
0.000000
104.178383
0.000000
0.000000
0.000000
24.570374
0.000000
22.553017
0.000000
37.838375
0.000000
25.889414
3.258807
0.000000
0.000000
0.000000
0.000000
0.000000
0.000000
0.000000
0.000000
0.000000
0.000000
0.000000
0.000000
0.000000
0.000000
51.778828
80.590820
0.000000
0.000000
0.931088
0.000000
57.805035
0.000000
0.000000
0.000000
0.000000
0.000000
0.000000
0.000000
0.000000
0.000000
0.000000
74.900841
0.000000
0.000000
0.000000
0.000000
0.000000
0.000000
0.000000
0.000000
0.000000
0.000000
0.000000
0.000000
0.000000
0.000000
0.000000
22.759924
0.000000
0.000000
0.000000
28.630951
99.497078
0.000000
0.000000
0.000000
0.000000
0.000000
0.000000
0.000000
42.131725
0.000000
14.923268
0.000000
0.000000
0.000000
0.000000
0.000000
0.000000
0.000000
0.000000
0.000000
0.000000
0.000000
0.000000
0.000000
0.000000
0.000000
63.365700
60.831070
0.000000
6.207252
0.000000
0.000000
31.786304
0.000000
0.000000
0.000000
0.000000
0.000000
0.000000
0.000000
0.000000
0.000000
0.000000
85.065216
0.000000
0.000000
0.000000
0.000000
43.321445
23.872057
0.000000
0.000000
0.000000
0.000000
0.000000
0.000000
0.000000
0.000000
0.000000
53.847912
0.000000
0.000000
0.000000
0.000000
93.289825
0.000000
0.000000
0.000000
0.000000
0.000000
0.000000
0.000000
75.262932
0.000000
34.320930
0.000000
0.000000
0.000000
0.000000
0.000000
0.000000
0.000000
0.000000
0.000000
0.000000
0.000000
0.000000
3.491579
0.000000
0.000000
0.000000
38.743599
0.000000
0.000000
1.939766
0.000000
0.000000
0.000000
0.000000
55.011772
0.000000
0.000000
0.000000
0.000000
0.000000
0.000000
0.000000
69.159134
0.000000
0.000000
0.000000
62.175976
86.617027
19.475254
0.000000
0.000000
0.000000
0.000000
0.000000
0.000000
0.000000
0.000000
0.000000
67.607323
0.000000
0.000000
0.000000
0.000000
95.927910
0.000000
0.000000
0.000000
0.000000
0.000000
21.906427
0.000000
72.573120
0.000000
14.121499
26.587730
0.000000
0.000000
0.000000
0.000000
0.000000
0.000000
0.000000
0.000000
0.000000
0.000000
0.000000
0.000000
0.000000
0.000000
0.000000
14.949132
0.000000
0.000000
37.321102
0.000000
0.000000
0.000000
0.000000
45.675030
0.000000
0.000000
0.000000
0.000000
0.000000
0.000000
0.000000
81.806412
0.000000
0.000000
0.000000
85.685944
36.105518
0.000000
0.000000
0.000000
0.000000
0.000000
0.000000
0.000000
0.000000
0.000000
0.000000
28.630951
0.000000
0.000000
0.000000
0.000000
78.107925
0.000000
0.000000
0.000000
0.000000
0.000000
64.995102
0.000000
44.588760
0.000000
32.924301
125.541672
0.000000
0.000000
0.000000
0.000000
0.000000
0.000000
2.043221
0.000000
0.000000
0.000000
0.000000
16.319901
0.000000
0.000000
0.000000
49.839062
2.560492
0.000000
38.562553
0.000000
0.000000
0.000000
0.000000
23.691011
0.000000
44.226673
0.000000
0.000000
0.000000
0.000000
0.000000
125.024406
0.000000
0.000000
0.000000
25.372143
0.000000
0.000000
0.000000
0.000000
0.000000
0.000000
0.000000
0.000000
0.000000
0.000000
0.000000
26.406685
0.000000
0.000000
0.000000
13.604228
30.337944
0.000000
0.000000
0.000000
13.681818
0.000000
0.000000
0.000000
3.362262
0.000000
32.200119
95.953773
0.000000
0.000000
0.000000
0.000000
0.000000
0.000000
0.000000
0.000000
0.000000
0.000000
0.000000
62.874290
0.000000
0.000000
0.000000
94.298508
0.000000
0.000000
25.579052
0.000000
19.009710
0.000000
0.000000
53.020279
0.000000
78.728645
0.000000
0.000000
0.000000
0.000000
0.000000
116.153206
0.000000
0.000000
0.000000
0.000000
3.543306
0.000000
0.000000
0.000000
0.000000
0.000000
0.000000
0.000000
0.000000
0.000000
0.000000
53.485821
0.000000
0.000000
0.000000
16.526810
53.563412
0.000000
0.000000
0.000000
0.000000
0.000000
0.000000
0.000000
0.000000
0.000000
43.036949
70.245407
0.000000
0.000000
0.000000
0.000000
0.000000
0.000000
16.371628
0.000000
0.000000
0.000000
0.000000
77.926880
0.000000
0.000000
4.448531
99.962624
0.000000
0.000000
62.175976
0.000000
43.269722
0.000000
0.000000
78.625191
0.000000
27.958498
0.000000
0.000000
0.000000
0.000000
0.000000
100.764397
0.000000
0.000000
0.000000
0.982815
37.941830
0.000000
0.000000
0.000000
0.000000
0.000000
0.000000
0.000000
0.000000
0.000000
0.000000
47.795841
0.000000
0.000000
0.000000
0.000000
72.366211
0.000000
0.000000
0.000000
0.000000
0.000000
0.000000
0.000000
0.000000
3.491579
29.380993
26.277367
0.000000
0.000000
0.000000
0.000000
0.000000
0.000000
0.000000
0.000000
0.000000
0.000000
0.000000
51.028786
0.000000
0.000000
5.534800
125.257179
0.000000
11.328236
31.786304
0.000000
0.000000
0.000000
0.000000
79.401100
0.000000
0.000000
0.000000
0.000000
0.000000
0.000000
0.000000
132.317932
0.000000
0.000000
0.000000
10.112648
108.290688
0.000000
0.000000
0.000000
0.000000
0.000000
0.000000
0.000000
0.000000
0.000000
0.000000
70.426445
0.000000
0.000000
0.000000
2.612219
100.893707
0.000000
0.000000
0.000000
0.000000
0.000000
0.000000
0.000000
16.242310
0.000000
31.165579
0.750043
0.000000
0.000000
0.000000
0.000000
0.000000
0.000000
0.000000
0.000000
0.000000
0.000000
0.000000
12.776594
0.000000
0.000000
0.000000
27.906771
0.000000
0.000000
39.131554
0.000000
0.000000
0.000000
0.000000
52.115055
0.000000
0.000000
0.000000
0.000000
0.000000
0.000000
0.000000
88.711975
0.000000
0.000000
0.000000
0.000000
149.594772
22.190926
0.000000
0.000000
0.000000
0.000000
0.000000
0.000000
0.000000
0.000000
0.000000
77.047516
0.000000
0.000000
0.000000
0.000000
88.375755
0.000000
0.000000
0.000000
0.000000
0.000000
1.810449
0.000000
84.263451
0.000000
42.286903
75.107750
0.000000
20.690840
0.000000
0.000000
0.000000
0.000000
0.000000
0.000000
0.000000
0.000000
0.000000
0.000000
0.000000
0.000000
0.000000
12.440368
0.000000
0.000000
100.350578
0.000000
0.000000
0.000000
0.000000
0.000000
0.000000
0.000000
0.000000
0.000000
0.000000
0.000000
0.000000
66.572777
0.000000
0.000000
0.000000
0.000000
110.618408
32.329437
0.000000
0.000000
0.000000
0.000000
26.872229
17.845850
0.000000
0.000000
0.000000
50.123562
17.354443
0.000000
0.000000
0.000000
88.453346
0.000000
0.000000
0.000000
53.485821
0.000000
41.692043
0.000000
88.608528
0.000000
11.974824
43.786991
0.000000
36.338287
0.000000
0.000000
0.000000
0.000000
0.000000
0.000000
0.000000
0.000000
0.000000
0.000000
0.000000
0.000000
0.000000
53.304779
0.000000
0.000000
0.000000
0.000000
0.000000
0.000000
0.000000
0.000000
0.000000
0.000000
0.000000
0.000000
0.000000
0.000000
0.000000
98.824623
0.000000
0.000000
0.000000
0.000000
100.660942
21.518475
0.000000
0.000000
0.000000
0.000000
11.069600
0.000000
0.000000
0.000000
0.000000
48.675201
55.089363
0.000000
0.000000
11.845506
79.944237
0.000000
0.000000
0.000000
15.052587
0.000000
44.071491
0.000000
101.152344
0.000000
0.000000
0.000000
0.000000
0.336226
40.321274
0.000000
0.000000
0.000000
0.000000
0.000000
0.000000
0.000000
0.000000
0.000000
0.000000
0.000000
0.000000
53.589275
0.000000
0.000000
0.000000
0.000000
0.000000
0.000000
0.000000
0.000000
0.000000
0.000000
0.000000
0.000000
0.000000
0.000000
0.000000
112.584038
0.000000
0.000000
0.000000
4.448531
139.249359
15.078450
0.000000
0.000000
0.000000
0.000000
0.000000
0.000000
0.000000
0.000000
0.000000
71.409264
10.914418
0.000000
0.000000
0.000000
101.126480
0.000000
0.000000
0.000000
0.000000
0.000000
0.000000
0.000000
112.247810
0.000000
36.622787
0.000000
0.000000
11.069600
9.983331
0.000000
0.000000
0.000000
0.000000
0.000000
0.000000
0.000000
0.000000
0.000000
0.000000
0.000000
0.000000
29.303402
0.000000
0.000000
0.000000
0.000000
0.000000
0.000000
0.000000
40.554047
0.000000
0.000000
0.000000
0.000000
0.000000
0.000000
0.000000
109.739044
0.000000
0.000000
0.000000
76.116432
208.460220
32.432892
0.000000
0.000000
0.000000
0.000000
0.000000
0.000000
0.000000
0.000000
0.000000
46.787163
0.000000
0.000000
0.000000
0.000000
122.024231
0.000000
0.000000
0.000000
0.000000
0.000000
31.889757
0.000000
99.160851
0.000000
42.442085
31.631123
0.000000
0.000000
0.000000
0.000000
0.000000
0.000000
16.733717
0.000000
0.000000
0.000000
0.000000
0.000000
0.000000
0.000000
5.612391
24.570374
0.000000
0.000000
10.112648
0.000000
0.000000
0.000000
0.000000
36.726242
0.000000
0.000000
0.000000
0.000000
0.000000
0.000000
0.000000
92.229424
0.000000
0.000000
0.000000
83.125450
127.377983
22.242653
0.000000
0.000000
0.000000
0.000000
0.129318
0.000000
0.000000
0.000000
0.000000
38.510826
1.215587
0.000000
0.000000
0.000000
107.851006
0.000000
0.000000
0.000000
19.759752
0.000000
66.055511
0.000000
72.340347
0.000000
31.889757
120.084465
0.000000
0.000000
0.000000
0.000000
0.000000
0.000000
0.000000
0.000000
0.000000
0.000000
0.000000
0.000000
0.000000
0.000000
0.000000
51.235695
0.000000
0.000000
34.243340
0.000000
0.000000
0.000000
0.000000
16.630262
0.000000
76.064705
0.000000
0.000000
0.000000
0.000000
0.000000
108.730370
0.000000
0.000000
0.000000
21.828836
58.322308
0.000000
0.000000
0.000000
0.000000
0.000000
0.000000
0.000000
0.000000
0.000000
0.000000
28.993040
8.431518
0.000000
0.000000
23.768602
65.098557
0.000000
0.000000
0.000000
27.337772
0.000000
12.905911
0.000000
7.086613
0.000000
29.794811
80.849457
0.000000
0.000000
0.000000
0.000000
0.000000
0.000000
0.000000
0.000000
0.000000
0.000000
0.000000
61.374207
0.000000
10.267830
7.345248
88.401619
0.000000
0.000000
37.760784
0.000000
26.225641
0.000000
0.000000
47.925159
0.000000
72.935211
0.000000
0.000000
0.000000
0.000000
0.000000
106.971642
0.000000
0.000000
0.000000
0.000000
16.319901
0.000000
0.000000
0.000000
0.000000
0.000000
0.000000
0.000000
0.000000
0.000000
0.000000
60.805206
0.000000
0.000000
0.000000
4.758893
51.442600
0.000000
0.000000
0.000000
0.000000
0.000000
0.000000
0.000000
0.000000
0.000000
39.597095
73.840439
0.000000
0.000000
0.000000
0.000000
0.000000
0.000000
9.854012
0.000000
0.000000
0.000000
0.000000
71.745491
0.000000
0.000000
0.000000
107.049232
0.000000
0.000000
48.313114
0.000000
33.260525
0.000000
0.000000
81.987457
0.000000
38.847054
0.000000
0.000000
0.000000
0.000000
0.000000
106.480240
0.000000
0.000000
0.000000
0.000000
33.208797
0.000000
0.000000
0.000000
0.000000
0.000000
0.000000
0.000000
0.000000
0.000000
0.000000
55.166954
0.000000
0.000000
0.000000
0.000000
66.779686
0.000000
0.000000
0.000000
0.000000
0.000000
0.000000
0.000000
0.000000
30.674171
17.638941
57.391220
0.000000
0.000000
0.000000
0.000000
0.000000
0.000000
0.000000
0.000000
0.000000
0.000000
0.000000
40.890274
0.000000
0.000000
0.000000
152.103546
0.000000
36.441742
6.698659
0.000000
0.000000
0.000000
0.000000
70.090225
0.000000
0.000000
0.000000
0.000000
0.000000
0.000000
0.000000
149.491318
0.000000
0.000000
0.000000
27.130865
96.005501
0.000000
4.138168
0.000000
0.000000
0.000000
0.000000
0.000000
0.000000
0.000000
0.000000
73.866302
0.000000
0.000000
0.000000
19.423527
76.633698
0.000000
0.000000
0.000000
0.000000
0.000000
0.000000
0.000000
13.966317
13.578364
13.966317
30.337944
0.000000
5.896890
0.000000
0.000000
0.000000
0.000000
0.000000
0.000000
0.000000
0.000000
0.000000
24.363464
0.000000
0.000000
0.000000
20.432205
0.000000
0.000000
16.500946
0.000000
0.000000
0.000000
0.000000
55.373863
0.000000
0.000000
0.000000
0.000000
0.000000
0.000000
0.000000
107.126823
0.000000
0.000000
0.000000
0.000000
115.506615
12.750731
0.000000
0.000000
0.000000
0.000000
0.000000
0.000000
0.000000
0.000000
0.000000
80.151146
0.000000
0.000000
0.000000
0.000000
65.305466
0.000000
0.000000
0.000000
0.000000
0.000000
0.000000
0.000000
80.823593
39.493641
6.258979
99.109123
0.000000
8.948789
0.000000
0.000000
0.000000
0.000000
0.000000
0.000000
0.000000
0.000000
0.000000
0.000000
0.000000
0.000000
0.000000
12.724867
0.000000
0.000000
101.643753
0.000000
0.000000
0.000000
0.000000
13.940454
0.000000
0.000000
0.000000
0.000000
0.000000
0.000000
0.000000
88.918884
0.000000
0.000000
0.000000
0.000000
113.722031
41.019592
0.000000
0.000000
0.000000
0.000000
25.320415
21.130522
0.000000
0.000000
0.000000
69.883316
11.742052
0.000000
0.000000
0.000000
131.257523
0.000000
0.000000
0.000000
35.122704
0.000000
0.000000
0.000000
84.625534
0.000000
30.312080
29.949991
0.000000
45.519848
0.000000
0.000000
0.000000
0.000000
0.000000
0.000000
0.000000
0.000000
0.000000
0.000000
0.000000
0.000000
11.948960
92.772552
0.000000
0.000000
16.681990
0.000000
0.000000
0.000000
0.000000
0.000000
0.000000
0.000000
0.000000
0.000000
0.000000
0.000000
0.000000
144.111710
0.000000
0.000000
0.000000
0.000000
119.205101
34.605431
0.000000
0.000000
0.000000
0.000000
9.957467
0.000000
0.000000
0.000000
0.000000
116.153206
35.433064
0.000000
0.000000
42.131725
86.565308
0.000000
0.000000
0.000000
47.278572
0.000000
0.000000
0.000000
156.060669
0.000000
0.000000
25.320415
0.000000
0.000000
41.847225
0.000000
0.000000
0.000000
0.000000
0.000000
0.000000
0.000000
0.000000
2.534628
0.000000
0.000000
3.957123
123.136368
0.000000
0.000000
0.000000
0.000000
0.000000
0.000000
0.000000
0.413817
0.000000
0.000000
0.000000
0.000000
0.000000
0.000000
0.000000
164.518051
0.000000
0.000000
0.000000
0.000000
127.507301
70.141953
0.000000
0.000000
0.000000
0.000000
0.000000
0.000000
0.000000
0.000000
0.000000
61.632839
42.054134
0.000000
0.000000
23.225468
122.929459
0.000000
0.000000
0.000000
41.200638
0.000000
0.000000
0.000000
152.103546
0.000000
52.658188
0.000000
0.000000
25.113508
11.354098
0.000000
0.000000
0.000000
0.000000
0.000000
0.000000
0.000000
0.000000
0.000000
0.000000
0.000000
0.000000
103.169701
12.543822
21.958155
0.000000
0.000000
0.000000
0.000000
0.000000
50.718422
0.000000
20.328751
0.000000
0.000000
0.000000
0.000000
0.000000
168.319992
0.000000
0.000000
0.000000
17.432034
183.605347
54.856590
0.000000
0.000000
0.000000
0.000000
0.000000
0.000000
0.000000
0.000000
0.000000
5.534800
11.147190
0.000000
0.000000
36.053791
149.362000
0.000000
0.000000
0.000000
56.460133
0.000000
56.563583
0.000000
115.041077
0.000000
21.544338
91.970787
0.000000
0.000000
0.000000
0.000000
0.000000
0.000000
0.000000
0.000000
0.000000
0.000000
0.000000
0.000000
0.000000
0.000000
0.000000
62.072521
0.000000
0.000000
0.000000
0.000000
0.000000
0.000000
0.000000
48.597610
0.000000
14.250816
0.000000
0.000000
0.000000
0.000000
0.000000
98.307358
0.000000
0.000000
0.000000
35.639973
113.385803
18.776937
0.000000
0.000000
0.000000
0.000000
9.957467
0.000000
0.000000
0.000000
0.000000
0.000000
38.097012
0.000000
0.000000
29.432720
121.765594
0.000000
0.000000
0.000000
31.812168
0.000000
98.979805
0.000000
73.995621
0.000000
17.613077
149.232681
0.000000
0.000000
0.000000
0.000000
0.000000
0.000000
2.974308
0.000000
0.000000
0.000000
0.000000
0.000000
0.000000
0.000000
0.000000
57.339493
0.000000
0.000000
0.000000
0.000000
0.000000
0.000000
0.000000
14.768087
0.000000
73.349030
0.000000
0.000000
0.000000
0.000000
0.000000
101.850662
0.000000
0.000000
0.000000
18.001032
53.899639
0.000000
0.000000
0.000000
0.000000
0.000000
0.000000
0.000000
0.000000
0.000000
0.000000
0.000000
12.724867
0.000000
0.000000
0.000000
69.081543
0.000000
0.000000
0.000000
28.268860
0.000000
20.923613
0.000000
5.741708
0.000000
20.561523
88.634384
0.000000
0.000000
0.000000
0.000000
0.000000
0.000000
0.000000
0.000000
0.000000
0.000000
0.000000
35.898609
0.000000
3.000172
0.000000
77.513062
0.000000
0.000000
31.553532
0.000000
19.526981
0.000000
0.000000
58.296444
0.000000
50.020107
0.000000
0.000000
0.000000
0.000000
0.000000
111.342583
0.000000
0.000000
0.000000
0.000000
20.794294
0.000000
0.000000
0.000000
0.000000
0.000000
0.000000
0.000000
0.000000
0.000000
0.000000
46.528526
0.000000
0.000000
0.000000
0.000000
38.950508
0.000000
0.000000
0.000000
0.000000
0.000000
2.896718
0.000000
0.000000
0.000000
39.622959
66.029648
0.000000
0.000000
0.000000
0.000000
0.000000
0.000000
0.000000
0.000000
0.000000
0.000000
0.000000
79.478691
0.000000
0.000000
1.112133
102.626572
0.000000
0.000000
58.943031
0.000000
30.131037
0.000000
0.000000
69.676407
0.000000
49.347656
0.000000
0.000000
0.000000
0.000000
0.000000
97.376266
0.000000
0.000000
0.000000
0.000000
28.242998
0.000000
0.000000
0.000000
0.000000
0.000000
0.000000
0.000000
0.000000
0.000000
0.000000
57.339493
0.000000
0.000000
0.000000
0.000000
65.719284
0.000000
0.000000
0.000000
0.000000
0.000000
0.000000
0.000000
0.000000
33.545025
6.750387
56.046314
0.000000
0.000000
0.000000
0.000000
0.000000
0.000000
0.000000
0.000000
0.000000
0.000000
0.000000
60.831070
0.000000
0.000000
13.035230
132.964508
0.000000
50.175289
32.148392
0.000000
0.000000
0.000000
0.000000
58.322308
0.000000
0.000000
0.000000
0.000000
0.000000
0.000000
0.000000
127.171082
0.000000
0.000000
0.000000
22.320244
70.943718
10.992009
0.000000
0.000000
0.000000
0.000000
0.000000
0.000000
0.000000
0.000000
0.000000
73.271439
0.000000
0.000000
0.000000
28.113680
76.323341
0.000000
0.000000
0.000000
0.000000
0.000000
0.000000
0.000000
7.086613
51.183968
11.276508
38.097012
0.000000
14.250816
0.000000
0.000000
0.000000
0.000000
0.000000
0.000000
0.000000
0.000000
0.000000
14.845678
0.000000
0.000000
0.000000
37.631466
0.000000
0.000000
0.000000
0.000000
0.000000
0.000000
0.000000
51.985737
0.000000
0.000000
0.000000
0.000000
0.000000
0.000000
0.000000
85.375580
0.000000
0.000000
0.000000
0.000000
89.824112
31.320761
0.000000
0.000000
0.000000
0.000000
0.000000
0.000000
0.000000
0.000000
0.000000
52.632324
0.000000
0.000000
0.000000
11.535144
76.763016
0.000000
0.000000
0.000000
0.000000
0.000000
0.000000
0.000000
56.175632
79.608009
0.000000
81.858139
0.000000
0.000000
0.000000
0.000000
0.000000
0.000000
0.000000
0.000000
0.000000
0.000000
0.000000
0.000000
0.000000
0.000000
16.604399
102.807617
0.000000
0.000000
84.263451
0.000000
0.000000
0.000000
0.000000
57.727444
0.000000
0.000000
0.000000
0.000000
0.000000
0.000000
0.000000
81.987457
0.000000
0.000000
0.000000
11.664461
57.520538
57.882626
2.120811
0.000000
0.000000
0.000000
0.000000
12.181732
0.000000
0.000000
0.000000
14.018044
2.224265
0.000000
0.000000
0.310363
154.198486
0.000000
0.000000
4.396803
8.069427
0.000000
0.000000
0.000000
50.227016
0.000000
44.743942
0.000000
0.000000
91.220741
8.302199
0.000000
0.000000
0.000000
0.000000
0.000000
0.000000
0.000000
0.000000
0.000000
0.000000
0.000000
16.552673
134.180099
20.018389
0.000000
46.554390
0.000000
0.000000
0.000000
0.000000
59.330986
0.000000
0.000000
0.000000
0.000000
0.000000
0.000000
23.380650
127.429710
0.000000
0.000000
0.000000
0.000000
78.288971
35.329609
0.000000
0.000000
0.000000
0.000000
0.000000
69.366043
0.000000
0.000000
0.000000
38.433235
7.707338
0.000000
0.000000
26.070459
69.366043
0.000000
0.000000
0.000000
97.583176
0.000000
9.698832
0.000000
176.337692
0.000000
0.000000
7.526293
0.000000
0.000000
96.755547
0.000000
0.000000
0.000000
0.000000
0.000000
0.000000
0.000000
117.549835
29.096495
0.000000
0.000000
54.416912
128.567703
0.000000
0.000000
11.509280
0.000000
0.000000
0.000000
0.000000
17.354443
0.000000
0.000000
0.000000
0.000000
0.000000
0.000000
4.862348
130.378159
0.000000
0.000000
0.000000
0.000000
39.364323
94.893364
0.000000
0.000000
0.000000
0.000000
0.000000
0.000000
0.000000
0.000000
0.000000
0.000000
61.219025
0.000000
0.000000
43.295582
93.910553
0.000000
48.520020
2.508765
65.176147
0.000000
1.888039
0.000000
131.438568
0.000000
41.743771
37.528011
0.000000
27.311909
59.693073
0.000000
0.000000
0.000000
0.000000
0.000000
0.000000
0.000000
10.526465
0.000000
0.000000
0.000000
0.000000
77.306152
0.000000
46.269894
0.000000
0.000000
0.000000
0.000000
0.000000
23.122015
0.000000
11.793779
0.000000
0.000000
0.000000
0.000000
0.000000
116.722206
0.000000
0.000000
0.000000
0.000000
95.876183
67.064186
39.105690
0.000000
0.000000
0.000000
0.000000
0.000000
0.000000
0.000000
0.000000
0.000000
0.000000
0.000000
0.000000
35.096840
140.594254
0.000000
0.000000
0.000000
90.418976
0.000000
55.710087
0.000000
104.721519
15.104314
36.596924
87.444664
0.000000
0.000000
0.000000
0.000000
0.000000
0.000000
0.000000
0.000000
0.000000
0.000000
36.027927
0.000000
0.000000
0.000000
13.966317
53.304779
0.000000
0.000000
0.000000
0.000000
0.000000
0.000000
0.000000
9.466060
0.000000
0.000000
0.000000
0.000000
0.000000
0.000000
0.000000
59.744801
0.000000
0.000000
0.000000
52.890961
67.064186
8.147018
0.000000
0.000000
0.000000
0.000000
0.000000
0.000000
0.000000
0.000000
0.000000
8.664289
0.000000
0.000000
0.000000
0.000000
149.724091
0.000000
0.000000
0.000000
53.873775
0.000000
98.488403
0.000000
41.252365
0.000000
43.735264
152.931168
0.000000
0.000000
0.000000
0.000000
0.000000
0.000000
0.000000
0.000000
0.000000
0.000000
0.000000
0.000000
0.000000
0.000000
0.000000
66.210693
0.000000
0.000000
3.310534
0.000000
0.000000
0.000000
0.000000
4.448531
0.000000
56.796356
0.000000
0.000000
0.000000
0.000000
0.000000
82.918541
0.000000
0.000000
0.000000
27.622272
31.863894
0.000000
0.000000
0.000000
0.000000
0.000000
0.000000
0.000000
0.000000
0.000000
0.000000
25.682507
0.000000
0.000000
0.000000
0.000000
87.392937
0.000000
0.000000
0.000000
33.338116
0.000000
18.078623
0.000000
0.000000
0.000000
27.311909
98.307358
0.000000
0.000000
0.000000
0.000000
0.000000
0.000000
0.000000
0.000000
0.000000
0.000000
0.000000
38.303917
0.000000
0.000000
0.000000
81.315002
0.000000
0.000000
40.528183
0.000000
14.949132
0.000000
0.000000
70.555763
0.000000
49.218338
0.000000
0.000000
0.000000
0.000000
0.000000
103.557655
0.000000
0.000000
0.000000
0.413817
25.656643
0.000000
0.000000
0.000000
0.000000
0.000000
0.000000
0.000000
0.000000
0.000000
0.000000
43.140404
0.000000
0.000000
0.000000
0.000000
40.191959
0.000000
0.000000
0.000000
0.000000
0.000000
4.396803
0.000000
0.000000
0.000000
36.027927
54.546227
0.000000
0.000000
0.000000
0.000000
0.000000
0.000000
0.000000
0.000000
0.000000
0.000000
0.000000
78.288971
0.000000
0.000000
3.388125
92.229424
0.000000
0.000000
61.762157
0.000000
31.760441
0.000000
0.000000
64.219193
0.000000
37.346966
0.000000
0.000000
0.000000
0.000000
0.000000
93.005325
0.000000
0.000000
0.000000
2.353583
35.898609
0.000000
0.000000
0.000000
0.000000
0.000000
0.000000
0.000000
0.000000
0.000000
0.000000
57.391220
0.000000
0.000000
0.000000
0.000000
67.348686
0.000000
0.000000
0.000000
0.000000
0.000000
0.000000
0.000000
0.000000
0.879361
0.000000
31.191442
0.000000
0.000000
0.000000
0.000000
0.000000
0.000000
0.000000
0.000000
0.000000
0.000000
0.000000
63.908833
0.000000
0.000000
35.795155
92.746689
0.000000
32.613937
51.959873
0.000000
0.000000
0.000000
0.000000
55.554905
0.000000
0.000000
0.000000
0.000000
0.000000
0.000000
0.000000
119.463737
0.000000
0.000000
0.000000
5.741708
84.625534
19.216618
0.000000
0.000000
0.000000
0.000000
0.000000
0.000000
0.000000
0.000000
0.000000
72.624847
0.000000
0.000000
0.000000
21.027067
67.452141
0.000000
0.000000
0.000000
0.000000
0.000000
0.000000
0.000000
0.000000
38.821190
37.683193
7.759065
0.000000
35.846882
0.000000
0.000000
0.000000
0.000000
0.000000
0.000000
0.000000
0.000000
0.000000
0.000000
0.000000
0.000000
20.949476
48.649338
0.000000
0.000000
0.000000
0.000000
0.000000
0.000000
0.000000
57.080856
0.000000
0.000000
0.000000
0.000000
0.000000
0.000000
0.000000
84.341042
0.000000
0.000000
0.000000
0.000000
101.281662
48.106205
0.000000
0.000000
0.000000
0.000000
0.000000
21.440884
0.000000
0.000000
0.000000
59.124077
0.000000
0.000000
0.000000
17.250988
72.314491
0.000000
0.000000
0.000000
22.165062
0.000000
0.000000
0.000000
60.727615
75.392250
0.000000
39.441914
0.000000
0.000000
0.000000
0.000000
0.000000
0.000000
0.000000
0.000000
0.000000
0.000000
25.372143
16.526810
0.000000
0.000000
72.340347
157.793518
0.000000
0.000000
39.829868
0.000000
0.000000
0.000000
0.000000
55.348000
0.000000
0.000000
0.000000
0.000000
0.000000
0.000000
0.000000
89.849976
0.000000
0.000000
0.000000
40.579910
74.202530
85.789398
77.823425
0.000000
0.000000
0.000000
0.000000
20.044252
0.000000
0.000000
0.000000
32.070805
9.259151
0.000000
0.000000
22.992697
137.619949
0.000000
0.000000
11.974824
41.097183
0.000000
0.000000
0.000000
27.725727
0.000000
51.080513
0.000000
0.000000
97.505585
91.789742
0.000000
0.000000
0.000000
0.000000
0.000000
0.000000
0.000000
0.000000
0.000000
0.000000
0.000000
4.991665
158.517700
0.000000
0.000000
17.121670
0.000000
0.000000
0.000000
0.000000
49.994244
0.000000
0.000000
0.000000
0.000000
0.000000
0.000000
37.502148
132.007568
0.000000
0.000000
0.000000
0.000000
118.041245
65.486511
23.846193
0.000000
0.000000
0.000000
0.000000
103.505928
0.000000
0.000000
0.000000
17.121670
0.000000
0.000000
0.000000
25.294552
47.252708
0.000000
0.000000
0.000000
110.204590
0.000000
16.785444
0.000000
172.251251
0.000000
0.000000
13.112821
0.000000
0.000000
152.646683
0.000000
0.000000
0.000000
0.000000
0.000000
0.000000
0.000000
202.304688
8.716017
0.000000
0.000000
70.426445
130.171249
0.000000
0.000000
8.043564
0.000000
0.000000
0.000000
0.000000
0.000000
0.000000
0.000000
0.000000
0.000000
0.000000
0.000000
0.000000
100.376442
0.000000
0.000000
0.000000
0.000000
33.932980
131.154068
2.224265
0.000000
0.000000
0.000000
1.784585
17.845850
0.000000
0.000000
0.000000
49.140747
13.086957
0.000000
0.000000
3.724351
115.015213
0.000000
75.392250
49.295929
72.417938
0.000000
18.156212
0.000000
137.206131
0.000000
35.148563
64.684738
0.000000
39.700550
65.098557
0.000000
0.000000
0.000000
0.000000
0.000000
0.000000
0.000000
113.463394
0.000000
0.000000
0.000000
0.000000
66.676231
0.000000
26.768774
0.000000
0.000000
0.000000
0.000000
0.000000
0.000000
0.000000
19.785616
0.000000
0.000000
0.000000
0.000000
0.000000
66.055511
0.000000
0.000000
0.000000
18.673483
115.196251
68.228050
122.903595
0.000000
0.000000
0.000000
0.000000
0.000000
0.000000
0.000000
0.000000
44.278400
0.000000
0.000000
0.000000
8.302199
204.373779
0.000000
0.000000
0.000000
91.143150
0.000000
33.519161
0.000000
76.866470
6.233116
34.088161
93.367416
0.000000
0.000000
0.000000
0.000000
0.000000
0.000000
0.000000
0.000000
0.000000
0.000000
37.528011
0.000000
0.000000
0.000000
11.121326
44.795670
0.000000
0.000000
0.000000
0.000000
0.000000
0.000000
0.000000
0.000000
0.000000
0.000000
0.000000
0.000000
0.000000
0.000000
0.000000
49.270065
0.000000
0.000000
0.000000
82.427139
67.400414
0.000000
0.000000
0.000000
0.000000
0.000000
9.776423
0.000000
0.000000
0.000000
0.000000
55.425591
0.000000
0.000000
0.000000
0.000000
183.786392
0.000000
0.000000
0.000000
57.184311
0.000000
97.686630
0.000000
21.259838
0.000000
46.916481
164.983597
0.000000
0.000000
0.000000
0.000000
0.000000
0.000000
0.000000
0.000000
0.000000
0.000000
0.000000
0.000000
0.000000
0.000000
0.000000
65.331329
0.000000
0.000000
14.302544
0.000000
0.000000
0.000000
0.000000
14.147362
0.000000
54.572090
0.000000
0.000000
0.000000
0.000000
0.000000
87.289482
0.000000
0.000000
0.000000
40.114368
18.492439
0.000000
0.000000
0.000000
0.000000
0.000000
0.000000
0.000000
0.000000
0.000000
0.000000
21.725382
0.000000
0.000000
0.000000
0.000000
94.479553
0.000000
0.000000
0.000000
38.303917
0.000000
13.397319
0.000000
0.000000
0.000000
36.053791
107.359596
0.000000
0.000000
0.000000
0.000000
0.000000
0.000000
22.449562
0.000000
0.000000
0.000000
0.000000
40.967865
0.000000
0.000000
0.000000
77.047516
0.000000
0.000000
47.097527
0.000000
16.397491
0.000000
0.000000
79.970100
0.000000
50.692558
0.000000
0.000000
0.000000
0.000000
0.000000
96.703819
0.000000
0.000000
0.000000
22.527153
23.044424
0.000000
0.000000
0.000000
0.000000
0.000000
0.000000
0.000000
0.000000
0.000000
0.000000
38.303917
0.000000
0.000000
0.000000
0.000000
42.959358
0.000000
0.000000
0.000000
0.000000
0.000000
2.275992
0.000000
0.000000
0.000000
32.872574
58.761986
0.000000
0.000000
0.000000
0.000000
0.000000
0.000000
0.000000
0.000000
0.000000
0.000000
0.000000
80.746002
0.000000
0.000000
5.948617
94.427826
0.000000
10.578192
61.891476
0.000000
13.966317
0.000000
0.000000
71.383400
0.000000
33.363979
0.000000
0.000000
0.000000
0.000000
0.000000
100.867844
0.000000
0.000000
0.000000
25.139372
47.821705
5.276165
0.000000
0.000000
0.000000
0.000000
0.000000
0.000000
0.000000
0.000000
0.000000
56.589447
0.000000
0.000000
0.000000
0.000000
69.288452
0.000000
0.000000
0.000000
0.000000
0.000000
0.000000
0.000000
0.000000
0.594862
0.000000
37.321102
0.000000
0.000000
0.000000
0.000000
0.000000
0.000000
0.000000
0.000000
0.000000
0.000000
0.000000
57.417084
0.000000
0.000000
26.587730
93.626053
0.000000
35.950336
52.865097
0.000000
0.000000
0.000000
0.000000
54.365185
0.000000
0.000000
0.000000
0.000000
0.000000
0.000000
0.000000
120.679329
0.000000
0.000000
0.000000
16.061264
117.808472
32.950165
0.000000
0.000000
0.000000
0.000000
0.000000
0.000000
0.000000
0.000000
0.000000
68.021141
0.000000
0.000000
0.000000
19.733889
59.382713
0.000000
0.000000
0.000000
0.000000
0.000000
0.000000
0.000000
0.000000
23.923784
23.380650
23.458241
0.000000
14.509452
5.845162
0.000000
0.000000
0.000000
0.000000
0.000000
0.000000
0.000000
0.000000
0.000000
0.000000
0.000000
13.888726
66.469322
3.439852
0.000000
0.000000
0.000000
0.000000
0.000000
0.000000
40.398865
0.000000
0.000000
0.000000
0.000000
0.000000
0.000000
0.000000
75.806068
0.000000
0.000000
0.000000
0.000000
96.677956
61.994930
0.000000
0.000000
0.000000
0.000000
0.000000
34.889931
0.000000
0.000000
0.000000
62.486340
0.000000
0.000000
0.000000
0.103454
81.754684
0.000000
0.000000
0.000000
63.805378
0.000000
0.000000
0.000000
69.210861
52.477142
0.000000
64.969238
0.000000
0.000000
0.000000
0.000000
0.000000
0.000000
0.000000
0.000000
0.000000
0.000000
54.908318
47.407887
0.000000
0.000000
72.650711
197.985474
30.881079
0.000000
23.432377
0.000000
0.000000
0.000000
0.000000
39.700550
0.000000
0.000000
0.000000
0.000000
0.000000
0.000000
0.000000
102.807617
0.000000
0.000000
0.000000
81.004639
75.262932
65.331329
140.439087
0.000000
0.000000
0.000000
0.000000
2.405310
0.000000
0.000000
0.000000
12.750731
0.000000
0.000000
0.000000
23.096151
145.689377
0.000000
0.000000
13.086957
28.424042
0.000000
0.000000
0.000000
0.000000
0.000000
62.538067
0.000000
0.000000
60.029301
162.293777
0.000000
0.000000
0.000000
0.000000
0.000000
0.000000
0.000000
0.000000
0.000000
0.000000
0.000000
0.000000
174.553101
0.000000
0.000000
19.501118
0.000000
0.000000
0.000000
0.000000
52.140919
0.000000
0.000000
0.000000
0.000000
0.000000
0.000000
1.319041
128.153900
0.000000
0.000000
0.000000
0.000000
75.392250
71.279945
32.717392
0.000000
0.000000
0.000000
0.000000
114.497940
0.000000
0.000000
0.000000
26.872229
0.000000
0.000000
0.000000
0.000000
55.761814
0.000000
0.000000
0.000000
100.531624
0.000000
30.208628
0.000000
152.931168
0.000000
13.526637
46.838890
0.000000
0.000000
180.475861
0.000000
0.000000
0.000000
0.000000
0.000000
0.000000
0.000000
266.058350
0.000000
0.000000
0.000000
65.796875
131.154068
0.000000
0.000000
14.354271
0.000000
0.000000
0.000000
0.000000
0.000000
0.000000
0.000000
0.000000
0.000000
0.000000
0.000000
0.000000
81.573639
0.000000
0.000000
0.000000
0.000000
13.888726
112.661629
35.433064
0.000000
0.000000
0.000000
31.269033
27.725727
0.000000
0.000000
0.000000
45.623302
0.000000
0.000000
0.000000
0.000000
168.345856
0.000000
71.978264
54.184139
50.563240
0.000000
42.364494
0.000000
128.515976
0.000000
50.252880
74.409431
0.000000
56.356678
22.113337
0.000000
0.000000
0.000000
0.000000
0.000000
0.000000
0.000000
196.175034
0.000000
0.000000
0.000000
0.000000
73.245575
0.000000
0.000000
0.000000
0.000000
0.000000
0.000000
0.000000
0.000000
0.000000
63.210518
0.000000
0.000000
0.000000
0.000000
0.000000
27.570545
0.000000
0.000000
0.000000
4.681303
107.282005
24.182421
184.458847
0.000000
0.000000
0.000000
0.000000
0.000000
0.000000
0.000000
0.000000
58.891304
0.000000
0.000000
0.000000
0.000000
226.487106
0.000000
0.000000
0.000000
68.590134
0.000000
32.251846
0.000000
64.270920
2.586355
21.001204
91.453514
0.000000
0.000000
0.000000
0.000000
0.000000
0.000000
0.000000
0.000000
0.000000
0.000000
0.000000
0.000000
0.000000
0.000000
0.000000
42.726585
0.000000
0.000000
0.000000
0.000000
0.000000
0.000000
0.000000
1.862176
0.000000
0.000000
0.000000
0.000000
0.000000
0.000000
0.000000
64.839920
0.000000
0.000000
0.000000
71.926537
49.089020
0.000000
0.000000
0.000000
0.000000
0.000000
6.853841
0.000000
0.000000
0.000000
0.000000
52.503006
0.000000
0.000000
0.000000
0.000000
170.208023
0.000000
0.000000
0.000000
48.209660
0.000000
86.823936
0.000000
30.312080
0.000000
40.269547
150.267227
0.000000
0.000000
0.000000
0.000000
0.000000
0.000000
27.130865
0.000000
0.000000
0.000000
0.000000
0.000000
0.000000
0.000000
0.000000
66.107239
0.000000
0.000000
25.811823
0.000000
0.000000
0.000000
0.000000
25.346279
0.000000
70.710945
0.000000
0.000000
0.000000
0.000000
0.000000
96.522774
0.000000
0.000000
0.000000
40.295410
8.457381
0.000000
0.000000
0.000000
0.000000
0.000000
0.000000
0.000000
0.000000
0.000000
0.000000
18.440712
0.000000
0.000000
0.000000
0.000000
93.858826
0.000000
0.000000
0.000000
35.148563
0.000000
7.681475
0.000000
0.000000
0.000000
42.778313
109.247635
0.000000
0.000000
0.000000
0.000000
0.000000
0.000000
31.501804
0.000000
0.000000
0.000000
0.000000
50.511513
0.000000
0.000000
0.000000
75.702614
0.000000
0.000000
51.416740
0.000000
31.501804
0.000000
0.000000
75.495705
0.000000
67.684914
0.000000
0.000000
0.000000
0.000000
0.000000
95.876183
0.000000
0.000000
0.000000
39.622959
25.579052
0.000000
0.000000
0.000000
0.000000
0.000000
0.000000
0.000000
0.000000
0.000000
0.000000
53.770321
0.000000
0.000000
0.000000
0.000000
67.607323
0.000000
0.000000
0.000000
0.000000
0.000000
6.750387
0.000000
0.000000
0.000000
20.354614
63.003609
0.000000
0.000000
0.000000
0.000000
0.000000
0.000000
0.000000
0.000000
0.000000
0.000000
0.000000
83.384087
0.000000
0.000000
9.828149
105.523285
0.000000
33.726070
58.943031
0.000000
0.000000
0.000000
0.000000
76.012978
0.000000
44.304264
0.000000
0.000000
0.000000
0.000000
0.000000
116.075615
0.000000
0.000000
0.000000
36.622787
50.821877
5.638254
0.000000
0.000000
0.000000
0.000000
0.000000
0.000000
0.000000
0.000000
0.000000
51.778828
0.000000
0.000000
0.000000
2.974308
68.797043
0.000000
0.000000
0.000000
0.000000
0.000000
0.000000
0.000000
0.000000
31.915621
0.000000
48.390701
0.000000
0.000000
15.854357
0.000000
0.000000
0.000000
0.000000
0.000000
0.000000
0.000000
0.000000
44.330124
0.000000
0.000000
25.320415
95.358910
0.000000
67.710777
41.071320
0.000000
0.000000
0.000000
0.000000
67.038322
0.000000
0.000000
0.000000
0.000000
0.000000
0.000000
0.000000
149.206818
0.000000
0.000000
0.000000
11.224781
100.195396
31.113852
0.000000
0.000000
0.000000
0.000000
0.000000
0.000000
0.000000
0.000000
0.000000
43.709400
0.000000
0.000000
0.000000
30.984533
57.442947
0.000000
0.000000
0.000000
0.000000
0.000000
0.000000
0.000000
0.000000
51.080513
0.000000
71.073036
0.000000
3.000172
36.752106
0.000000
0.000000
0.000000
0.000000
0.000000
0.000000
0.000000
0.000000
0.000000
0.000000
0.000000
9.336741
76.556107
7.888383
6.750387
0.000000
0.000000
0.000000
0.000000
0.000000
61.943203
0.000000
0.000000
0.000000
0.000000
0.000000
0.000000
0.000000
92.307014
0.000000
0.000000
0.000000
0.000000
58.736122
59.434441
0.000000
0.000000
0.000000
0.000000
0.000000
33.441570
0.000000
0.000000
0.000000
29.380993
0.000000
0.000000
0.000000
2.534628
91.117287
0.000000
0.000000
0.000000
66.365868
0.000000
0.000000
0.000000
65.874466
63.650200
0.000000
94.065735
0.000000
0.000000
0.000000
0.000000
0.000000
0.000000
0.000000
0.000000
0.000000
0.000000
69.029816
38.459099
0.000000
0.000000
68.021141
216.348602
43.942173
0.000000
10.293694
0.000000
0.000000
0.000000
0.000000
40.424728
0.000000
0.000000
0.000000
0.000000
0.000000
0.000000
0.000000
102.445526
0.000000
0.000000
0.000000
78.599327
52.218510
36.002064
176.234238
0.000000
0.000000
0.000000
0.000000
0.000000
0.000000
0.000000
0.000000
0.000000
0.000000
0.000000
0.000000
4.448531
159.578110
0.000000
0.000000
14.457725
30.001719
0.000000
0.000000
0.000000
0.000000
0.000000
55.296272
9.621241
0.000000
33.208797
185.105438
0.000000
0.000000
0.000000
0.000000
0.000000
0.000000
0.000000
0.000000
0.000000
0.000000
0.000000
0.000000
183.294983
0.000000
0.284499
12.207596
0.000000
0.000000
0.000000
0.000000
50.977058
0.000000
0.000000
0.000000
0.000000
0.000000
0.000000
0.000000
124.765770
0.000000
0.000000
0.000000
0.000000
37.915966
64.503693
26.717049
0.000000
0.000000
0.000000
0.000000
99.238441
0.000000
0.000000
0.000000
0.000000
0.000000
0.000000
0.000000
0.000000
80.073555
0.000000
0.000000
0.000000
78.211380
0.000000
55.554905
0.000000
127.248672
0.000000
21.777109
81.573639
0.000000
0.000000
176.079056
0.000000
0.000000
0.000000
0.000000
0.000000
0.000000
0.000000
292.594360
0.000000
0.000000
0.000000
52.503006
146.723923
23.716875
0.000000
0.000000
0.000000
0.000000
0.000000
0.000000
11.405826
0.000000
0.000000
0.000000
0.000000
0.000000
0.000000
0.000000
72.909348
0.000000
0.000000
0.000000
0.000000
9.647104
87.418800
42.830040
0.000000
0.000000
0.000000
5.198574
30.570717
0.000000
0.000000
0.000000
15.104314
0.000000
0.000000
0.000000
0.000000
190.976456
0.000000
49.683880
39.674686
28.837858
0.000000
72.495529
0.000000
120.782784
0.000000
55.244545
99.626396
0.000000
72.211037
0.000000
0.000000
0.000000
0.000000
0.000000
0.000000
0.000000
0.000000
227.935471
0.000000
0.000000
0.000000
0.000000
84.470360
0.000000
0.000000
0.000000
0.000000
0.000000
0.000000
0.000000
0.000000
0.000000
59.925846
0.000000
0.000000
0.000000
0.000000
0.000000
10.035058
0.000000
0.000000
0.000000
10.423011
99.833305
0.000000
217.538330
0.000000
0.000000
0.000000
0.000000
0.000000
0.000000
0.000000
0.000000
35.458927
0.000000
0.000000
0.000000
0.000000
212.546661
0.000000
0.000000
0.000000
66.934868
0.000000
52.296101
0.000000
53.666866
0.000000
20.897749
112.713356
0.000000
0.000000
0.000000
0.000000
0.000000
0.000000
0.000000
0.000000
0.000000
0.000000
0.000000
0.000000
0.000000
0.000000
0.000000
21.518475
0.000000
0.000000
0.000000
0.000000
0.000000
0.000000
0.000000
4.888211
0.000000
0.336226
0.000000
0.000000
0.000000
0.000000
0.000000
77.719971
0.000000
0.000000
0.000000
70.193680
33.312252
0.000000
0.000000
0.000000
0.000000
0.000000
0.000000
0.000000
0.000000
0.000000
0.000000
23.509968
0.000000
0.000000
0.000000
0.000000
134.205963
0.000000
0.000000
0.000000
66.262413
0.000000
70.452309
0.000000
39.674686
0.000000
38.097012
126.705536
0.000000
0.000000
0.000000
0.000000
0.000000
0.000000
24.596237
0.000000
0.000000
0.000000
0.000000
0.000000
0.000000
0.000000
0.000000
60.494846
0.000000
0.000000
20.458069
0.000000
0.000000
0.000000
0.000000
28.501633
0.000000
68.797043
0.000000
0.000000
0.000000
0.000000
0.000000
96.703819
0.000000
0.000000
0.000000
45.959530
8.328063
0.000000
0.000000
0.000000
0.000000
0.000000
0.000000
0.000000
0.000000
0.000000
0.000000
14.612906
0.000000
0.000000
0.000000
0.000000
94.169189
0.000000
0.000000
0.000000
37.372829
0.000000
22.190926
0.000000
0.000000
0.000000
36.571060
115.196251
0.000000
0.000000
0.000000
0.000000
0.000000
0.000000
39.493641
0.000000
0.000000
0.000000
0.000000
39.829868
0.000000
0.000000
0.000000
75.599159
0.000000
0.000000
38.614281
0.000000
21.725382
0.000000
0.000000
65.072693
0.000000
77.150970
0.000000
0.000000
0.000000
0.000000
0.000000
98.229767
0.000000
0.000000
0.000000
46.554390
23.613422
0.000000
0.000000
0.000000
0.000000
0.000000
0.000000
0.000000
0.000000
0.000000
0.000000
49.632153
0.000000
0.000000
0.000000
0.000000
67.736641
0.000000
0.000000
0.000000
0.000000
0.000000
12.026551
0.000000
0.000000
0.000000
11.845506
75.935387
0.000000
0.000000
0.000000
0.000000
0.000000
0.000000
0.000000
0.000000
0.000000
0.000000
0.000000
79.840782
0.000000
0.000000
2.431174
112.273674
0.000000
42.105862
43.088676
0.000000
0.000000
0.000000
0.000000
77.357880
0.000000
38.588417
0.000000
0.000000
0.000000
0.000000
0.000000
126.808990
0.000000
0.000000
0.000000
44.355988
46.838890
0.000000
0.000000
0.000000
0.000000
0.000000
0.000000
0.000000
0.000000
0.000000
0.000000
40.191959
0.000000
0.000000
0.000000
11.405826
55.710087
0.000000
0.000000
0.000000
0.000000
0.000000
0.000000
0.000000
0.000000
29.406857
0.000000
54.908318
0.000000
0.000000
26.303230
0.000000
0.000000
0.000000
0.000000
0.000000
0.000000
0.000000
0.000000
59.667210
0.000000
0.000000
19.345936
88.789566
0.000000
80.461510
37.088333
0.000000
0.000000
0.000000
0.000000
70.297127
0.000000
0.000000
0.000000
0.000000
0.000000
0.000000
0.000000
157.224518
0.000000
0.000000
0.000000
6.310706
72.598984
32.510483
0.000000
0.000000
0.000000
0.000000
0.000000
0.000000
0.000000
0.000000
0.000000
39.622959
0.000000
0.000000
0.000000
28.734406
51.209831
0.000000
0.000000
0.000000
0.000000
0.000000
0.000000
0.000000
0.000000
62.124249
0.000000
87.522255
0.000000
1.319041
53.873775
0.000000
0.000000
0.000000
0.000000
0.000000
0.000000
0.000000
0.000000
0.000000
0.000000
0.000000
6.491751
55.011772
20.432205
16.164719
0.000000
0.000000
0.000000
0.000000
0.000000
75.469841
0.000000
0.000000
0.000000
0.000000
0.000000
0.000000
0.000000
101.126480
0.000000
0.000000
0.000000
0.000000
59.977573
50.252880
0.000000
0.000000
0.000000
0.000000
0.000000
26.665321
0.000000
0.000000
0.000000
32.872574
0.000000
0.000000
0.000000
0.000000
106.661285
0.000000
0.000000
0.000000
56.822220
0.000000
0.000000
0.000000
64.348511
78.935555
0.000000
78.418289
0.000000
0.000000
1.422495
0.000000
0.000000
0.000000
0.000000
0.000000
0.000000
0.000000
67.788368
34.088161
0.000000
0.000000
73.297302
203.830643
46.528526
0.905224
0.000000
0.000000
0.000000
0.000000
0.000000
55.632496
0.000000
0.000000
0.000000
0.000000
0.000000
0.000000
0.000000
113.566849
0.000000
0.000000
0.000000
71.357536
54.985909
34.760612
160.974731
0.000000
0.000000
0.000000
0.000000
0.000000
0.000000
0.000000
0.000000
0.000000
0.000000
0.000000
0.000000
0.000000
165.837082
0.000000
0.000000
0.000000
34.708885
0.000000
0.000000
0.000000
0.000000
0.000000
55.865269
14.897406
0.000000
37.062469
187.019333
0.000000
0.000000
0.000000
0.000000
0.000000
0.000000
0.000000
0.000000
0.000000
0.000000
0.000000
18.001032
187.122787
11.354098
12.078279
15.621585
0.000000
0.000000
0.000000
0.000000
62.589794
0.000000
0.000000
0.000000
0.000000
0.000000
0.000000
0.000000
126.964172
0.000000
0.000000
0.000000
0.000000
29.949991
68.874634
11.431689
0.000000
0.000000
0.000000
0.000000
71.874809
0.000000
0.000000
0.000000
0.000000
0.000000
0.000000
0.000000
0.000000
73.400757
0.000000
0.000000
0.000000
91.479378
0.000000
59.641346
0.000000
116.954979
0.000000
26.018732
94.919228
0.000000
0.000000
163.612823
0.000000
0.000000
0.000000
0.000000
0.000000
0.000000
0.000000
299.241272
0.000000
0.000000
0.000000
62.719109
164.983597
50.563240
0.000000
0.000000
0.000000
0.000000
0.000000
0.000000
36.752106
0.000000
0.000000
0.000000
0.000000
0.000000
0.000000
0.000000
67.891823
0.000000
0.000000
0.000000
0.000000
9.621241
88.711975
63.986423
0.000000
0.000000
0.000000
0.000000
11.664461
0.000000
0.000000
0.000000
11.535144
0.000000
0.000000
0.000000
0.000000
203.132324
0.000000
32.148392
62.951881
33.622616
0.000000
67.090050
0.000000
129.421204
0.000000
62.563931
102.031708
0.000000
85.349716
0.000000
0.000000
0.000000
0.000000
0.000000
0.000000
0.000000
0.000000
222.685165
0.000000
0.000000
0.000000
0.000000
80.280464
0.000000
0.000000
0.000000
0.000000
0.000000
0.000000
0.000000
0.000000
0.000000
56.848083
0.000000
0.000000
0.000000
0.000000
0.000000
9.285015
0.000000
0.000000
0.000000
20.328751
117.911926
0.000000
216.788284
0.000000
0.000000
0.000000
0.000000
0.000000
0.000000
0.000000
0.000000
17.225124
0.000000
0.000000
0.000000
0.000000
209.391312
0.000000
0.000000
0.000000
67.633186
0.000000
50.097698
0.000000
49.813198
14.742224
31.294897
127.145218
0.000000
0.000000
0.000000
0.000000
0.000000
0.000000
0.000000
0.000000
0.000000
0.000000
0.000000
0.000000
0.000000
0.000000
0.000000
12.207596
0.000000
0.000000
0.000000
0.000000
0.000000
0.000000
0.000000
27.079138
0.000000
0.000000
0.000000
0.000000
0.000000
0.000000
0.000000
76.064705
0.000000
0.000000
0.000000
81.056366
49.554562
22.940969
0.000000
0.000000
0.000000
0.000000
3.258807
9.724695
0.000000
0.000000
0.000000
17.018217
0.000000
0.000000
0.000000
0.000000
134.335281
0.000000
0.000000
0.000000
63.598473
0.000000
56.227360
0.000000
46.813026
0.000000
34.398521
108.833824
0.000000
0.000000
0.000000
0.000000
0.000000
0.000000
6.621069
0.000000
0.000000
0.000000
0.000000
0.000000
0.000000
0.000000
0.000000
59.951710
0.000000
0.000000
16.035402
0.000000
0.000000
0.000000
0.000000
24.260010
0.000000
48.132069
0.000000
0.000000
0.000000
0.000000
0.000000
83.823769
0.000000
0.000000
0.000000
57.184311
26.510139
0.000000
0.000000
0.000000
0.000000
0.000000
0.000000
0.000000
0.000000
0.000000
0.000000
7.500430
0.000000
0.000000
0.000000
1.396632
92.488060
0.000000
0.000000
0.000000
43.347309
0.000000
37.088333
0.000000
0.000000
0.000000
37.243511
126.007217
0.000000
0.000000
0.000000
0.000000
0.000000
0.000000
44.149082
0.000000
0.000000
0.000000
0.000000
22.216789
0.000000
0.000000
0.000000
73.555939
0.000000
0.000000
42.286903
0.000000
6.853841
0.000000
0.000000
52.865097
0.000000
70.685081
0.000000
0.000000
0.000000
0.000000
0.000000
93.574326
0.000000
0.000000
0.000000
45.416393
18.078623
0.000000
0.000000
0.000000
0.000000
0.000000
0.000000
0.000000
0.000000
0.000000
0.000000
40.709229
0.000000
0.000000
0.000000
0.000000
58.425762
0.000000
0.000000
0.000000
0.000000
0.000000
13.112821
0.000000
0.000000
0.000000
11.095463
73.116257
0.000000
0.000000
0.000000
0.000000
0.000000
0.000000
0.000000
0.000000
0.000000
0.000000
0.000000
84.884171
0.000000
0.000000
4.370940
114.575531
0.000000
40.683365
48.028614
0.000000
0.000000
0.000000
0.000000
68.926361
0.000000
30.312080
0.000000
0.000000
0.000000
0.000000
0.000000
119.696510
0.000000
0.000000
0.000000
49.425243
46.864754
0.077591
0.000000
0.000000
0.000000
0.000000
0.000000
0.000000
0.000000
0.000000
0.000000
44.459442
0.000000
0.000000
0.000000
6.310706
58.891304
0.000000
0.000000
0.000000
0.000000
0.000000
0.000000
0.000000
0.000000
21.311565
0.000000
50.821877
0.000000
0.000000
29.975855
0.000000
0.000000
0.000000
0.000000
0.000000
0.000000
0.000000
0.000000
73.271439
0.000000
0.000000
21.492611
82.866814
0.000000
73.659393
31.346622
0.000000
0.000000
0.000000
0.000000
69.262589
0.000000
0.000000
0.000000
0.000000
0.000000
0.000000
0.000000
155.388214
0.000000
0.000000
0.000000
15.906084
72.935211
37.217648
0.000000
0.000000
0.000000
0.000000
0.000000
0.000000
0.000000
0.000000
0.000000
38.562553
0.000000
0.000000
0.000000
15.362949
63.986423
0.000000
0.000000
0.000000
0.000000
0.000000
0.000000
0.000000
0.000000
66.210693
0.000000
82.608177
0.000000
0.310363
60.055164
0.000000
0.000000
0.000000
0.000000
0.000000
0.000000
0.000000
0.000000
0.000000
0.000000
0.000000
0.000000
43.786991
26.303230
9.543651
0.000000
0.000000
0.000000
0.000000
0.000000
71.331673
0.000000
0.000000
0.000000
0.000000
0.000000
0.000000
0.000000
105.006012
0.000000
0.000000
0.000000
0.000000
79.504555
51.856419
0.000000
0.000000
0.000000
0.000000
1.215587
26.536003
0.000000
0.000000
0.000000
46.011257
0.000000
0.000000
0.000000
0.000000
122.257004
0.000000
0.000000
0.000000
58.477489
0.000000
0.000000
0.000000
58.192989
60.313801
0.000000
83.047859
0.000000
0.000000
6.465888
0.000000
0.000000
0.000000
0.000000
0.000000
0.000000
0.000000
69.081543
38.252190
0.000000
0.000000
65.253738
200.623566
45.235352
1.163860
0.000000
0.000000
0.000000
0.000000
0.000000
70.995445
0.000000
0.000000
0.000000
0.000000
0.000000
0.000000
0.000000
129.059113
0.000000
0.000000
0.000000
76.763016
53.097870
17.225124
142.275391
0.000000
0.000000
0.000000
0.000000
0.000000
0.000000
0.000000
0.000000
0.000000
0.000000
0.000000
0.000000
0.000000
174.191010
0.000000
0.000000
0.000000
38.640144
0.000000
0.000000
0.000000
0.000000
0.000000
63.107063
20.768431
0.000000
32.225983
192.398956
0.000000
0.000000
0.000000
0.000000
0.000000
0.000000
0.000000
0.000000
0.000000
0.000000
0.000000
36.131382
185.467514
39.053963
24.389328
33.001892
0.000000
0.000000
0.000000
0.000000
64.400238
0.000000
0.000000
0.000000
0.000000
0.000000
0.000000
0.000000
125.257179
0.000000
0.000000
0.000000
0.000000
9.983331
65.176147
0.284499
0.000000
0.000000
0.000000
0.000000
64.684738
0.000000
0.000000
0.000000
0.000000
0.000000
0.000000
0.000000
0.000000
63.572609
0.000000
0.000000
0.000000
111.627083
0.000000
62.770836
0.000000
102.005844
0.000000
40.398865
105.238785
0.000000
0.000000
146.698059
0.000000
0.000000
0.000000
0.000000
0.000000
0.000000
0.000000
300.560333
0.000000
0.000000
0.000000
69.753998
181.251770
86.022171
0.000000
0.000000
0.000000
0.000000
0.000000
0.000000
65.719284
0.000000
0.000000
0.000000
0.000000
0.000000
0.000000
0.000000
73.685257
0.000000
0.000000
0.000000
24.829008
0.000000
84.082405
93.677780
0.000000
0.000000
0.000000
0.000000
0.000000
0.000000
0.000000
0.000000
13.345592
0.000000
0.000000
0.000000
0.000000
181.743164
0.000000
22.449562
63.520882
35.950336
0.000000
42.959358
0.000000
118.739563
0.000000
76.607834
92.229424
0.000000
97.065903
0.310363
0.000000
0.000000
0.000000
0.000000
0.000000
0.000000
0.000000
204.115143
0.000000
0.000000
0.000000
0.000000
91.738014
0.000000
0.000000
0.000000
0.000000
0.000000
0.000000
0.000000
0.000000
0.000000
54.778999
0.000000
0.000000
0.000000
0.000000
0.000000
16.449219
0.000000
0.000000
0.000000
18.957983
99.445351
0.000000
216.840012
0.000000
0.000000
0.000000
0.000000
0.000000
0.000000
0.000000
0.000000
21.751245
0.000000
0.000000
0.000000
0.000000
198.657928
0.000000
0.000000
0.000000
58.813713
0.000000
33.312252
0.000000
47.951023
9.388469
41.795498
146.723923
0.000000
0.000000
5.845162
0.000000
0.000000
0.000000
0.000000
0.000000
0.000000
0.000000
3.129490
0.000000
0.000000
0.000000
0.000000
25.863550
12.724867
0.000000
6.853841
0.000000
0.000000
0.000000
0.000000
51.261559
0.000000
0.000000
0.000000
0.000000
0.000000
0.000000
0.000000
85.763535
0.000000
0.000000
0.000000
92.358742
40.631638
32.976028
0.000000
0.000000
0.000000
0.000000
7.681475
1.525949
0.000000
0.000000
0.000000
18.880392
0.000000
0.000000
0.000000
0.000000
136.559540
0.000000
0.000000
0.000000
44.976715
0.000000
42.442085
0.000000
50.692558
0.000000
37.605602
98.979805
0.000000
0.000000
0.000000
0.000000
0.000000
0.000000
0.000000
0.000000
0.000000
0.000000
0.000000
0.000000
0.000000
0.000000
0.000000
63.495018
0.000000
0.000000
6.077934
0.000000
0.000000
0.000000
0.000000
22.449562
0.000000
39.985050
0.000000
0.000000
0.000000
0.000000
0.000000
67.529732
0.000000
0.000000
0.000000
49.994244
35.122704
0.000000
0.000000
0.000000
0.000000
0.000000
0.000000
0.000000
0.000000
0.000000
0.000000
12.026551
0.000000
0.000000
0.000000
0.000000
97.324539
0.000000
0.000000
0.000000
36.545197
0.000000
43.968037
0.000000
0.000000
0.000000
36.933151
131.619614
0.000000
0.000000
0.000000
0.000000
0.000000
0.000000
45.726757
0.000000
0.000000
0.000000
0.000000
15.130177
0.000000
0.000000
0.000000
73.814575
0.000000
0.000000
38.562553
0.000000
2.172538
0.000000
0.000000
51.106377
0.000000
57.236038
0.000000
0.000000
0.000000
0.000000
0.000000
89.746521
0.000000
0.000000
0.000000
39.209145
5.405482
0.000000
0.000000
0.000000
0.000000
0.000000
0.000000
0.000000
0.000000
0.000000
0.000000
27.699863
0.000000
0.000000
0.000000
0.000000
46.476799
0.000000
0.000000
0.000000
0.000000
