63.914806
0.000000
0.000000
0.000000
0.000000
200.752197
0.000000
0.000000
0.000000
0.000000
0.000000
0.000000
0.000000
361.576630
0.000000
0.000000
140.126755
0.000000
0.000000
0.000000
0.000000
0.000000
0.000000
249.181717
0.000000
0.000000
0.000000
0.000000
0.000000
186.683868
0.000000
0.000000
0.000000
0.000000
0.000000
0.000000
0.000000
0.000000
0.000000
0.000000
0.000000
0.000000
0.000000
0.000000
0.000000
217.654449
0.000000
0.000000
0.000000
0.000000
313.703796
0.000000
0.000000
0.000000
0.000000
0.000000
644.208618
0.000000
0.000000
0.000000
0.000000
0.000000
0.000000
0.000000
0.000000
0.000000
0.000000
0.000000
0.000000
175.500031
0.000000
309.908356
0.000000
0.000000
0.000000
0.000000
0.000000
0.000000
28.541529
0.000000
0.000000
0.000000
0.000000
0.000000
0.000000
0.000000
0.000000
0.000000
0.000000
194.578323
0.000000
0.000000
0.000000
216.136292
0.000000
0.000000
0.000000
0.000000
338.348694
0.000000
0.000000
0.000000
0.000000
0.000000
0.000000
0.000000
0.000000
0.000000
0.000000
0.000000
0.000000
55.514286
0.000000
421.696014
0.000000
0.000000
143.719757
0.000000
0.000000
0.000000
0.000000
0.000000
0.000000
0.000000
0.000000
0.000000
0.000000
0.000000
0.000000
0.000000
0.000000
0.000000
0.000000
0.000000
0.000000
0.000000
129.702011
0.000000
17.863758
0.000000
0.000000
0.000000
245.639328
149.286362
0.000000
0.000000
0.000000
0.000000
0.000000
0.000000
0.000000
0.000000
400.340485
19.179502
0.000000
0.000000
0.000000
0.000000
59.259094
0.000000
0.000000
0.000000
0.000000
91.697250
0.000000
0.000000
0.000000
101.059280
0.000000
313.400146
0.000000
0.000000
0.000000
0.000000
465.216797
0.000000
0.000000
0.000000
0.000000
164.974075
80.817055
0.000000
500.134613
0.000000
356.819702
216.895370
0.000000
82.638855
364.612976
0.000000
0.000000
0.000000
0.000000
26.669123
0.000000
0.000000
0.000000
0.000000
449.883301
0.000000
0.000000
115.583069
0.000000
0.000000
0.000000
0.000000
0.000000
0.000000
0.000000
0.000000
0.000000
0.000000
0.000000
0.000000
205.256104
0.000000
0.000000
0.000000
468.000092
0.000000
0.000000
0.000000
0.000000
0.000000
0.000000
0.000000
0.000000
0.000000
0.000000
0.000000
0.000000
0.000000
267.045471
0.000000
0.000000
0.000000
0.000000
0.000000
0.000000
0.000000
0.000000
0.000000
354.238831
0.000000
0.000000
0.000000
0.000000
0.000000
0.000000
24.391874
0.000000
193.566223
0.000000
0.000000
0.000000
0.000000
