64.640907
0.000000
0.000000
0.000000
0.000000
197.563873
0.000000
0.000000
0.000000
0.000000
0.000000
0.000000
0.000000
359.120361
0.000000
0.000000
145.889740
0.000000
0.000000
0.000000
0.000000
0.000000
0.000000
247.804169
0.000000
0.000000
0.000000
0.000000
0.000000
189.749161
0.000000
0.000000
0.000000
0.000000
0.000000
0.000000
0.000000
0.000000
0.000000
0.000000
0.000000
0.000000
0.000000
0.000000
0.000000
205.728928
0.000000
0.000000
0.000000
0.000000
309.828918
0.000000
0.000000
0.000000
0.000000
0.000000
649.224304
0.000000
0.000000
0.000000
0.000000
0.000000
0.000000
0.000000
0.000000
0.000000
0.000000
0.000000
0.000000
175.881348
0.000000
301.517456
0.000000
0.000000
0.000000
0.000000
0.000000
0.000000
29.245491
0.000000
0.000000
0.000000
0.000000
0.000000
0.000000
0.000000
0.000000
0.000000
0.000000
190.242798
0.000000
0.000000
0.000000
208.886597
0.000000
0.000000
0.000000
0.000000
344.891052
0.000000
0.000000
0.000000
0.000000
0.000000
4.955225
0.000000
0.000000
0.000000
0.000000
0.000000
0.000000
58.790531
0.000000
424.448822
0.000000
0.000000
135.077896
0.000000
0.000000
0.000000
0.000000
0.000000
0.000000
0.000000
0.000000
0.000000
0.000000
0.000000
0.000000
0.000000
0.000000
0.000000
0.000000
0.000000
0.000000
0.000000
129.323746
0.000000
15.823607
0.000000
0.000000
0.000000
238.973480
151.140961
0.000000
0.000000
0.000000
0.000000
0.000000
0.000000
0.000000
0.000000
403.799896
12.117314
0.000000
0.000000
0.000000
0.000000
65.469460
0.000000
0.000000
0.000000
0.000000
91.847115
0.000000
0.000000
0.000000
89.694496
0.000000
301.493103
0.000000
0.000000
0.000000
0.000000
463.941528
0.000000
0.000000
0.000000
0.000000
167.421432
66.653870
0.000000
500.731445
0.000000
350.461365
206.486557
0.000000
72.430542
369.596558
0.000000
0.000000
0.000000
0.000000
31.207478
0.000000
0.000000
0.000000
0.000000
452.104004
0.000000
0.000000
112.971313
0.000000
0.000000
0.000000
0.000000
0.000000
0.000000
0.000000
0.000000
0.000000
0.000000
0.000000
0.000000
217.453171
0.000000
0.000000
0.000000
467.771576
0.000000
0.000000
0.000000
0.000000
0.000000
0.000000
0.000000
0.000000
0.000000
0.000000
0.000000
0.000000
0.000000
264.675201
0.000000
0.000000
0.000000
0.000000
0.000000
0.000000
0.000000
0.000000
0.000000
361.099396
0.000000
0.000000
0.000000
0.000000
0.000000
0.000000
23.489859
0.000000
197.126862
0.000000
0.000000
0.000000
0.000000
