0.002103
0.003416
0.012359
0.004533
0.005473
0.001657
0.011039
0.003689
0.004431
0.010023
0.007756
0.002094
0.004255
0.003687
0.000823
0.002329
0.001859
0.001631
0.013622
0.001831
0.004091
0.007676
0.006157
0.001449
0.007894
0.007447
0.004922
0.002096
0.007283
0.007124
0.008382
0.004496
0.002037
0.004369
0.001759
0.001641
0.007986
0.001924
0.007146
0.002049
0.003890
0.003032
0.003672
0.003774
0.003829
0.013708
0.006177
0.009653
0.006992
0.007248
0.009478
0.004483
0.002206
0.002485
0.007077
0.002169
0.002710
0.002302
0.004732
0.007979
0.001853
0.011029
0.017178
0.005969
0.002169
0.006941
0.004518
0.003885
0.001390
0.001456
0.004695
0.009142
0.006912
0.005569
0.007499
0.002765
0.002654
0.011124
0.003076
0.001750
0.004808
0.007063
0.008199
0.005601
0.011888
0.002429
0.003796
0.001599
0.001767
0.005793
0.001379
0.005872
0.007106
0.006171
0.004723
0.003630
0.003279
0.007060
0.009014
0.002396
0.004770
0.003057
0.001938
0.004631
0.007359
0.005909
0.004309
0.004486
0.003242
0.003612
0.005625
0.005001
0.007641
0.003322
0.002638
0.003149
0.001208
0.001543
0.009524
0.004742
0.002957
0.015145
0.004341
0.009585
0.007166
0.004609
0.006507
0.003675
0.003454
0.005562
0.002324
0.001505
0.004720
0.003436
0.005385
0.003487
0.007477
0.004185
0.002968
0.005480
0.005429
0.004344
0.008964
0.000991
0.003251
0.004151
0.003311
0.003160
0.002459
0.004130
0.008107
0.003189
0.000919
0.004681
0.011255
0.005408
0.007627
0.002390
0.001150
0.001794
0.001444
0.006048
0.014541
0.002231
0.003675
0.005682
0.002395
0.002937
0.003491
0.004203
0.007492
0.006995
0.011018
0.003183
0.002893
0.001456
0.010233
0.003210
0.006427
0.007895
0.003937
0.010365
0.005495
0.004389
0.002487
0.001932
0.003539
0.009150
0.003756
0.008707
0.011617
0.003500
0.003387
0.002254
0.003245
0.003420
0.003667
0.003574
0.002944
0.003521
