actual, expected
1, 0
2, 0
1, 0
0, 0
1, 0
1, 0
1, 0
2, 0
1, 0
1, 0
2, 0
1, 0
1, 0
2, 0
1, 0
2, 0
1, 0
2, 0
2, 0
2, 0
2, 0
1, 0
1, 0
0, 0
1, 0
4, 0
2, 0
1, 0
1, 0
1, 0
1, 0
2, 0
0, 0
1, 0
2, 0
0, 0
2, 0
2, 0
1, 0
1, 0
1, 0
1, 0
1, 0
1, 0
1, 0
2, 0
1, 0
1, 0
2, 0
2, 0
1, 0
2, 0
1, 0
1, 0
2, 0
1, 0
3, 0
0, 0
1, 0
1, 0
3, 0
1, 0
2, 0
2, 0
1, 0
1, 0
1, 0
0, 0
0, 0
1, 0
1, 0
1, 0
1, 0
1, 0
1, 0
3, 0
1, 0
1, 0
1, 0
2, 0
1, 0
2, 0
2, 0
1, 0
1, 0
1, 0
1, 0
1, 0
2, 0
2, 0
1, 0
1, 0
1, 0
1, 0
1, 0
1, 0
1, 0
2, 0
1, 0
1, 0
2, 0
1, 0
1, 0
3, 0
1, 0
1, 0
1, 0
1, 0
2, 0
1, 0
2, 0
1, 0
2, 0
1, 0
1, 0
1, 0
1, 0
2, 0
1, 0
1, 0
2, 0
1, 0
1, 0
1, 0
4, 7
2, 0
1, 0
2, 0
0, 0
1, 0
2, 0
1, 0
1, 0
2, 0
1, 0
1, 0
2, 0
1, 0
1, 0
2, 0
2, 0
1, 0
1, 0
1, 0
1, 0
1, 0
1, 0
2, 0
1, 0
1, 0
2, 0
3, 0
2, 0
2, 0
1, 0
1, 0
1, 0
3, 248
1, 0
1, 0
1, 0
1, 0
2, 0
2, 0
1, 0
1, 0
1, 0
1, 0
2, 0
1, 0
1, 0
2, 0
1, 0
1, 0
1, 0
1, 0
1, 0
1, 0
1, 0
1, 0
2, 0
1, 0
1, 0
1, 0
0, 0
1, 0
1, 0
2, 0
1, 0
2, 0
2, 0
1, 0
1, 0
2, 0
1, 0
1, 0
2, 0
2, 0
1, 0
1, 0
245.000000
