actual, expected
1, 0
1, 0
1, 0
1, 0
2, 0
1, 0
3, 0
1, 0
1, 0
1, 0
2, 0
0, 0
1, 0
2, 0
1, 0
1, 0
2, 0
1, 0
2, 0
1, 0
1, 0
1, 0
2, 0
1, 0
1, 0
2, 0
1, 0
1, 0
1, 0
2, 0
1, 0
2, 0
1, 0
2, 0
2, 0
1, 0
3, 0
2, 0
1, 0
1, 0
2, 0
0, 0
2, 0
2, 0
1, 0
2, 0
2, 0
3, 16
2, 0
1, 0
2, 0
1, 0
1, 0
1, 0
1, 0
1, 0
1, 0
1, 0
1, 0
1, 0
1, 0
3, 0
1, 0
2, 0
1, 0
1, 0
1, 0
0, 0
1, 0
0, 0
1, 0
2, 0
2, 0
1, 0
1, 0
1, 0
2, 0
1, 0
1, 0
1, 0
1, 0
1, 0
2, 0
1, 0
2, 0
1, 0
2, 0
1, 0
1, 0
1, 0
0, 0
1, 0
1, 0
1, 0
2, 0
1, 0
1, 0
2, 0
2, 0
2, 0
2, 0
1, 0
1, 0
1, 0
2, 0
1, 0
1, 0
2, 0
0, 0
1, 0
2, 0
1, 0
1, 0
2, 0
0, 0
0, 0
0, 0
0, 0
2, 0
1, 0
1, 0
1, 0
1, 0
2, 0
2, 0
2, 0
2, 0
1, 0
0, 0
1, 0
1, 0
1, 0
1, 0
1, 0
2, 0
1, 0
1, 0
2, 0
1, 0
1, 0
1, 0
1, 0
1, 0
2, 0
1, 0
0, 0
2, 0
0, 0
1, 0
3, 239
1, 0
2, 0
0, 0
2, 0
1, 0
1, 0
1, 0
0, 0
1, 0
1, 0
1, 0
2, 0
2, 0
0, 0
3, 0
4, 0
1, 0
1, 0
1, 0
1, 0
2, 0
2, 0
1, 0
1, 0
2, 0
1, 0
1, 0
2, 0
2, 0
1, 0
2, 0
2, 0
1, 0
2, 0
1, 0
1, 0
2, 0
1, 0
1, 0
2, 0
1, 0
1, 0
2, 0
0, 0
1, 0
2, 0
1, 0
1, 0
2, 0
1, 0
236.000000
